36991
32512
38710
37403
35214
31245
31895
39906
34931
38596
34269
25509
35133
30386
48313
46353
37167
27417
34105
33664
34334
36076
32614
36011
38964
35812
44306
39815
31522
31834
37128
30061
32788
29011
32266
32132
32847
36023
35172
30425
30807
39100
34478
31296
34950
33644
32060
38091
43643
27803
34096
31387
32320
40050
39667
42080
30894
29355
39279
30670
34248
32292
31639
34776
28062
30816
41188
34718
26094
27722
30884
27166
30241
32966
31689
31416
27725
36260
37256
37766
31460
33506
28791
29418
29507
34971
29635
38571
28893
35844
34140
38111
27979
30302
28109
38084
33864
30476
28803
31481
28884
36242
35117
39745
39434
28277
40438
32047
41246
32952
27368
33238
35077
34357
34513
41417
35238
46024
39828
37389
29743
38276
36095
32886
30954
44470
38052
32407
26390
33697
28125
30030
27515
35955
31510
31081
30759
27543
45694
31910
42549
39048
30812
31874
34777
31379
28400
28772
36879
36848
31683
26919
29857
39904
37403
31658
29891
28975
38905
39138
34880
34729
44653
34167
30797
34817
41422
32114
35321
38459
33550
34722
36505
33910
27798
27774
36747
33352
31194
27854
32197
26882
32427
32293
36533
36835
38942
44481
33818
47997
33575
30565
29830
38686
35302
39660
25147
33333
32123
34159
37737
30789
27045
32612
38401
41330
27373
41946
34072
39582
28875
28051
31879
39452
28719
28039
35453
44376
35683
32343
33524
32899
32481
32926
35609
30676
31045
31548
30316
37352
29597
36289
41781
29320
32590
29173
32400
32368
40618
32569
28046
30045
37430
37664
35925
33511
29522
42025
33559
37013
30969
33149
29669
36034
36298
33177
28230
29869
38946
29464
33171
30221
35415
30261
29803
37322
27788
31515
34806
33357
35592
32063
28683
28645
34411
33162
32568
37745
27822
32619
35352
37455
29842
47076
28021
30368
33050
31018
38181
34741
35420
31597
33640
27876
35331
41951
29571
29259
30654
29863
29098
34238
28580
34557
31837
30781
37578
34317
30321
32365
30442
30392
37674
37627
29721
32134
37558
33505
32336
38201
32379
34071
36063
27558
35259
36470
28985
39815
32391
34648
26198
40174
37824
45306
35394
39143
29734
31654
36199
32612
31423
28770
31103
37765
32293
28511
36562
31204
33898
30451
33162
31751
30427
31214
34916
28263
33907
31216
33817
31835
33936
28946
32318
37578
41505
31776
30027
45008
32213
31479
29912
40968
37394
37397
32427
36468
33293
38979
29854
36020
35236
33372
33410
27926
37922
35844
29997
28147
29727
38679
34142
32292
34393
31605
28475
30907
32187
32513
32042
30230
31852
33211
31402
31323
31368
35239
30938
28593
31698
35740
36365
38017
39285
29746
44586
35732
34879
26035
32307
33080
37166
32006
28484
33668
36625
27894
32780
37655
33305
33459
31544
38316
32622
34388
30604
33506
38711
29400
33651
41913
38957
41054
38259
31102
33303
31410
33051
29460
35595
35851
27939
32288
36256
29428
31464
32224
27794
35214
31277
31616
34549
27045
31887
41745
36027
31232
33359
37213
29960
32990
28772
30771
37009
30854
37050
33710
35965
28753
33806
30206
34568
30882
31540
32596
34055
27113
31500
36579
29248
31674
38757
33503
35950
34333
28210
39323
36823
30267
31317
29762
36884
36066
27200
37251
32552
34323
35833
38145
32406
40551
33060
29416
28296
40346
32047
33432
35056
31376
30520
37420
31563
28169
31940
28276
34152
35009
30561
36322
37649
41678
38858
41616
43705
37208
30550
30926
35057
29207
34085
29610
35294
28235
30136
29664
28378
34333
34438
33196
32728
34238
33740
31072
31861
29953
33946
29451
32029
32578
34022
37705
34794
37016
33813
41944
39067
40869
41251
39435
29864
28902
27855
28789
41687
28060
33935
28099
27296
38904
30267
32005
32774
25315
29705
35238
35135
33326
32363
30731
32937
28705
34129
34238
41579
30400
32888
32416
25745
35443
32181
30654
30508
34881
32848
34964
30378
29434
28657
31439
36481
34374
33189
36155
33590
36504
37338
39041
28505
35910
35704
31640
30389
35707
38976
32454
35349
31389
33057
36351
33031
38237
37795
29990
30889
37635
38748
36129
31457
30750
34412
38351
21540578
 Average Time : 33657 Minimum Time : 25147 Maximum Time : 48313 microseconds 
 Client 14 Average Get/Set Latency = 0.033657 seconds 
 Throughput = 29.7115 opertions per second
