51488
102336
63811
47574
53016
53413
66469
98950
56265
49847
54322
42572
54366
41176
69299
49300
60167
51404
45558
56534
65283
46611
44715
50979
48748
43677
90693
49566
47204
36565
49555
59021
67755
61408
48001
44505
46374
56783
39224
59505
46730
48015
52845
54316
42620
67171
47786
46297
48313
61409
54798
50710
70156
63049
34810
45283
54953
48865
47605
46481
51431
62960
60328
60662
74086
35169
50996
46322
61893
39068
46804
46392
58340
73480
69445
55782
53791
45342
56822
50871
46282
64279
67371
55876
40456
55918
48884
58309
43500
33608
62069
37894
44587
41868
52207
62198
47296
56117
71377
47239
49594
42237
54866
37767
56270
46445
54256
60279
48355
65890
39203
47743
53437
56386
43049
46406
52194
53203
52494
52889
79924
75970
43309
50245
48234
46709
49128
59789
57317
52363
46733
46278
51647
60378
56258
41080
57199
44088
61101
51280
36079
36092
54017
70264
49856
46346
50538
43057
56370
53185
41902
45243
44406
36622
63058
50756
49128
65890
54106
58300
40796
44317
76982
87818
53864
82154
85430
61907
77111
46817
64811
63033
106741
60216
99192
67309
48814
92465
102225
70022
143312
69687
95907
93044
76664
110600
81833
67767
80370
88448
81290
70622
57654
73477
85849
53035
91834
63501
83661
58364
109003
93284
78502
75202
133954
65062
61408
83882
120008
82237
93146
81548
102093
76110
101875
93034
94123
100937
111603
87432
122758
86898
67462
72052
83146
97344
90913
43757
125109
113039
76660
143794
90983
89604
96360
74936
93456
77076
114147
78891
106327
113638
70593
95043
92069
106825
85861
68454
106531
81298
93188
150375
107623
91189
87468
93096
103647
87726
90576
74073
106741
92598
105247
105411
90795
121474
87002
60707
97903
78340
157174
85492
85962
70115
133936
101617
99932
63249
82692
91751
73588
87580
69565
92928
50852
46004
42384
66116
64595
67073
80144
70949
40804
74780
110186
75952
82746
90992
78270
110221
101234
120313
118805
100857
106990
88486
90497
43011
49137
50579
58044
44788
72208
37191
53704
34657
51359
34808
51956
53064
21893704
 Average Time : 68417 Minimum Time : 33608 Maximum Time : 157174 microseconds 
 Client 20 Average Get/Set Latency = 0.068417 seconds 
 Throughput = 14.6163 opertions per second
