31945
46699
29895
53301
32726
57852
28828
36034
36600
30039
38849
38792
32603
34907
35201
40088
36408
31016
36363
28179
28889
32561
35188
32668
29891
34755
35487
33185
28807
35552
34209
29047
42799
28854
28505
35392
32515
33117
38350
31452
31876
37406
32826
30962
33274
39906
32854
37095
31878
29219
38822
32372
31202
39305
32849
40144
41573
40363
34310
35379
35544
32105
34002
34008
29385
30495
30173
33427
35919
34266
32683
30304
32677
40923
33400
34448
32061
40295
30955
34043
34142
36330
35581
26740
38162
30433
34036
28564
29257
39180
41899
37980
32968
34395
45281
31086
33644
31947
35853
31106
34638
33523
33304
38477
40529
31152
40601
41308
37663
35105
36205
29228
36569
31485
35138
41382
35466
37142
33524
35148
30721
33006
49538
34169
30289
29891
37997
28705
29432
30716
38116
31972
34905
34432
31340
29255
33597
35366
35701
32082
32199
34257
33202
37879
35666
35602
31151
36211
31412
38968
29035
32017
30661
26947
30552
42792
38492
28783
31378
27821
34662
27790
40835
31206
37894
29959
39097
33888
37385
37562
31159
32781
35021
33525
25470
30919
36380
34765
28770
38861
29864
29284
24545
34598
31874
46165
31964
28704
27010
36367
32854
28803
32422
35080
33502
33765
39466
32070
38797
35496
40725
35418
28648
32546
28797
35226
33297
31843
34893
40198
27421
29751
25875
34793
25979
39556
33745
29228
33065
38935
25617
36984
27941
31993
39091
29639
41153
37400
35553
33164
35948
27560
33886
38905
35755
31071
29648
37244
34035
29542
28646
31298
45019
39199
33914
38994
35731
29425
31583
42108
37392
42170
36095
36928
32331
32269
30208
39657
40884
35037
31172
34675
35333
35153
31320
30373
31748
31238
39269
31912
32506
26528
25658
35495
39044
35090
31362
33371
33732
34521
29210
28869
30250
33896
32114
29972
32567
38158
31537
34431
32040
38267
35738
34467
36905
30030
32164
35308
29028
36947
33354
31992
34475
38976
29890
34423
40482
28007
31373
29352
38040
29974
33577
36589
33264
34301
35553
32891
37588
31482
36940
34100
35932
40402
30200
35300
43055
35158
29145
38478
35026
30308
28435
32073
32163
31956
30722
32546
29287
34694
44620
32108
37536
34704
42076
36212
31276
25849
35880
38373
29819
31103
36601
42955
35907
31115
39866
35202
38005
38110
34010
32315
42282
27776
26964
37710
48794
31398
37680
45398
26603
35161
36719
27675
29872
43256
32780
39556
30288
33512
36852
34283
30614
37827
39169
31515
44195
31781
37214
33872
37412
33381
32131
43213
32799
30620
29779
33241
32648
32811
31832
37984
35240
33471
35574
33971
31797
34364
33417
28414
31967
30386
30615
37047
33474
34644
35116
41338
32432
40105
36013
40888
28583
27440
27482
40538
34710
32684
29072
31629
29502
26940
45213
31122
33208
40625
29435
36272
29753
32946
34182
27221
36397
29790
28747
28518
35085
34379
34135
35416
32566
33414
34006
35933
31943
34523
30216
31896
31758
33077
31927
37626
44737
30931
32968
35821
33006
29931
44448
29837
36368
41264
30694
26499
27016
35354
36668
39093
34744
32457
33178
31702
40850
33391
33414
42961
31751
35766
42493
33899
37613
37955
27200
35616
37091
31960
33512
31756
34515
28620
30470
34024
36608
33576
38854
34388
35685
29377
30629
30915
32575
37792
27322
26045
49413
34767
33431
34031
32281
31517
39507
34702
35236
39449
34095
31434
34537
30970
35598
30389
33885
28487
32894
33223
27426
35676
37639
34199
34890
41251
29543
34450
41170
38351
33621
27510
36180
34980
31214
31533
29470
37049
34687
35645
34973
34146
28511
32745
42577
37680
31824
30500
34541
34166
30829
40229
36144
31376
35158
37827
29983
34546
37361
42801
34978
27474
31530
29839
30455
27484
34507
32556
32196
33622
32664
30457
39004
31656
31504
27241
35571
43730
31082
29215
35016
39579
31088
30208
31645
34674
31610
39841
34179
33200
32106
29886
33963
30673
39538
34625
29796
28368
34601
33111
28187
37221
33230
34482
37772
33621
38742
36042
36426
36235
36807
29481
38857
39390
41489
37455
33881
36939
25645
25023
24449
32516
22663
21087
19863
21068
21764168
 Average Time : 34006 Minimum Time : 19863 Maximum Time : 57852 microseconds 
 Client 10 Average Get/Set Latency = 0.034006 seconds 
 Throughput = 29.4066 opertions per second
