45751
53387
108331
51607
56166
69213
40725
63750
70327
59274
54673
53181
59809
47628
65728
56421
49173
46091
61074
66523
58469
59740
44187
54600
62398
71020
83952
57284
33899
48623
46444
45668
44652
44267
65161
48166
48245
45887
39960
70719
50645
42627
55666
45286
63730
60804
46458
47317
59365
63960
41894
49456
59068
55482
46206
69769
60079
51125
55507
37919
67884
47143
42406
54955
48904
55467
35781
46260
46033
65746
48596
54937
32188
50211
37131
49339
46206
37701
48562
57165
32824
45364
36898
48635
53595
33624
60471
52525
37021
37678
44176
47942
37900
54982
47716
57977
50555
42932
36440
32748
54089
83262
35031
42665
32974
50643
53519
54209
34739
46917
51583
53701
40572
43868
43102
39304
63789
46965
32557
39515
52244
57883
58572
37100
36897
57539
54150
52898
51371
44348
37255
43831
52669
38676
45897
46772
54078
59456
50338
50266
59476
41682
55702
61454
54940
52936
40734
51398
55669
60690
42411
44050
52984
57886
55481
56030
41754
45560
55127
60525
53766
70828
72934
66501
45778
66082
39095
74433
62617
72846
43981
82665
75526
85531
80464
74255
74291
64415
109894
63505
55258
102056
71534
56702
71342
51274
65247
67699
79280
81184
56580
86158
53035
134191
91537
89540
85759
78041
82893
56581
128214
64997
60351
65664
95706
89233
69769
65763
79383
93791
48870
140719
52531
85749
119102
83088
71756
93101
118426
89243
90929
77248
93408
85098
104953
102041
61942
51462
61940
67877
93791
76818
92029
92985
100680
108868
84416
108104
106032
82091
73048
121639
82228
121081
98737
123638
92205
105826
90685
71292
79460
89470
110277
96476
121105
81318
120655
104376
68283
64850
82232
108922
98946
62306
113763
87538
73596
109610
100359
64649
88219
115020
97981
132696
93710
85447
94876
107869
87666
46143
145031
73164
62072
163089
100872
86764
96484
102962
119442
63362
40143
57255
56817
36523
53290
69359
68096
58160
68125
79331
122730
108273
93866
98992
86956
97847
94266
91917
86186
102926
105603
100107
145698
111108
36975
48409
53452
51018
43050
61070
21613340
 Average Time : 67541 Minimum Time : 32188 Maximum Time : 163089 microseconds 
 Client 2 Average Get/Set Latency = 0.067541 seconds 
 Throughput = 14.8058 opertions per second
