48712
56458
107962
50774
48205
45856
84237
40038
50704
70144
40679
41899
58816
48374
52860
61385
47630
77843
48981
48210
41783
41016
45209
41416
52842
49763
50591
79257
58979
35355
45024
46696
38790
52275
88412
48741
67045
65257
40890
40855
56679
49818
64043
66120
36519
37993
43148
67723
33426
40257
44742
63281
48182
42276
69875
62843
61015
61154
44191
47889
47673
49477
80679
80439
36231
64553
52361
46188
34415
58768
50092
36523
62578
41620
61643
57268
75305
65166
54974
44032
56907
39302
49519
58734
63126
60102
40231
53720
43386
43230
56573
42791
70346
50662
45792
56189
63443
44237
43814
60015
56455
47848
59636
41352
74531
68085
56110
68496
86891
42705
52491
33571
66708
35735
56483
42717
56446
65279
50722
44485
33673
48325
34153
66661
55167
56311
68959
53357
49168
57189
46334
60236
33052
51555
47293
50703
63252
39001
59748
51952
38961
42142
64507
53622
43715
43358
60027
43073
46483
67931
56949
50626
48448
60028
54088
65352
50471
69081
53951
62207
79662
43416
56334
49248
89601
54017
97120
69057
78048
55761
92843
64892
80602
63854
54802
78080
78247
82599
67719
101137
103021
72961
76491
117276
123261
68451
102779
72938
60278
128079
69607
115603
59653
79426
80524
88587
63528
124289
118252
139611
129079
46834
96090
74324
103138
76525
99580
68997
59370
85987
69539
99810
76534
64317
111311
121026
68518
81513
65518
117507
75463
94823
119483
130751
103075
92295
103677
94308
92882
119518
112560
118928
60718
58011
91750
66393
146512
73195
102805
101463
153010
52909
92311
123902
141068
101517
95171
100966
97655
113939
63139
69771
112211
71941
136337
100158
107811
116500
109705
87077
88441
75565
109615
48542
97639
105055
63656
129161
93706
104782
88592
86099
96655
144065
97190
81957
105888
63049
67388
72598
65496
70278
77268
66821
102886
67455
85797
83254
84893
115328
114756
118481
122329
102792
82480
103507
78863
113076
114065
92869
61566
50931
50234
62628
51086
48766
40144
45300
41896
64101
43073
52024
49771
40468
28705
28149
30883
26866
22572
23179
22118654
 Average Time : 69120 Minimum Time : 22572 Maximum Time : 153010 microseconds 
 Client 5 Average Get/Set Latency = 0.06912 seconds 
 Throughput = 14.4676 opertions per second
