46240
104296
69458
65410
64625
50841
69551
39384
50852
48684
60216
45488
73617
64857
36819
37477
69420
68294
60788
46595
38285
66767
36798
52412
66560
45388
62146
54065
43182
63920
51929
57465
47203
66175
38428
51335
45342
49943
54437
33115
43533
57080
66768
36402
47193
31130
54055
65660
54552
46894
35354
50363
51104
58643
57304
50841
62642
52066
44058
43353
52708
66908
63980
43143
58538
53648
59648
41662
80305
76754
45443
44062
36418
35327
44306
48695
38694
40973
56212
76520
52368
48270
52893
47926
34253
61132
73319
57334
37002
48856
61147
74581
38756
58249
35885
41428
56614
49797
69166
64689
60108
73030
50044
42283
49660
47201
55913
56932
44956
45537
37408
56167
50061
41811
42539
46315
45895
45689
41198
46093
50603
51656
60724
78281
51971
57330
46398
77081
48526
50604
43402
46199
35053
37194
54264
64936
59156
51536
66457
50981
49846
49684
81127
49011
40049
60458
43953
51425
46442
63113
68919
78203
44951
53563
74230
79953
52961
69183
67676
70885
73467
51961
51675
42392
68347
77355
59503
87949
75825
60777
48681
115982
72474
82278
72701
67595
81487
73725
92912
60124
60807
60956
87480
57395
74452
107585
71772
84736
52642
85080
123774
83471
86819
64836
73319
90893
69017
110863
91285
109446
93825
89927
67143
83097
82666
77855
68571
86344
123023
126553
79987
123849
97435
73833
79031
54571
87554
91193
69257
106677
95139
116390
83480
75770
116339
84940
76516
76903
126773
66558
94496
68637
63338
73439
149640
74744
84338
61717
85806
75558
80897
90739
93738
149751
81815
127868
66037
71432
98924
77803
73787
119639
62003
198177
141845
75367
95177
72093
91477
64924
81191
63453
59351
93441
112123
86565
85245
71469
84215
88807
162023
60453
110274
143798
93548
79606
66628
86886
94663
119146
123179
108305
64962
46397
62375
43583
74676
72836
106788
61540
138090
81953
92457
94063
106667
94278
76872
117187
128095
88916
63639
117113
72920
87776
75639
47062
77629
46517
51897
49269
45688
39826
54435
50793
41527
58516
50469
46505
52135
43167
21900104
 Average Time : 68437 Minimum Time : 31130 Maximum Time : 198177 microseconds 
 Client 17 Average Get/Set Latency = 0.068437 seconds 
 Throughput = 14.612 opertions per second
