81401
79146
65462
41636
52253
65522
57298
57217
65394
60537
43376
56282
52576
66992
57364
55741
42243
41733
59852
62941
40342
42927
36569
58248
53571
45230
51659
48405
58540
39741
36848
43283
64403
54810
40415
70829
41746
32200
61079
59766
55993
44842
82074
60998
57507
52979
53227
63142
32192
50014
54414
45043
59852
58890
52187
53154
42576
44911
59429
53837
70192
51620
74660
47651
46736
43966
49888
72775
49226
45412
43257
64206
67712
38228
63047
41129
44632
57900
40002
46872
68213
49884
56313
50203
44368
66626
51776
45848
70036
47856
44900
56539
54586
61490
55406
78352
58328
32952
79079
53561
54970
36398
47034
56170
52366
41059
43862
58532
65626
39717
52027
50850
57968
42630
51119
37479
57221
38560
43241
60663
58637
72946
59763
55277
52375
46577
34809
59235
75343
70422
61894
51489
39148
55130
44286
59321
51269
64769
49654
62128
47820
73533
69600
49228
63410
66855
65933
47097
66027
47674
40914
59807
52045
60852
49878
61745
47665
64996
68179
84393
61681
45111
62979
78333
56266
108339
72284
69266
63219
74598
58045
58412
91321
68165
81104
72521
85938
38043
107118
71365
108084
85656
85956
67871
74842
80165
69326
54414
106371
52963
95906
68263
83109
92538
83337
102097
64220
55048
90524
99180
76469
70787
80138
83896
66455
94364
94826
103995
82395
128308
90987
63163
60263
59889
76490
124887
99143
87124
90890
101572
99725
64572
87999
112403
86251
129320
162369
99707
121567
129988
98304
83869
79758
75967
130052
128655
126949
90376
129287
88182
95144
67948
86625
121750
103231
112119
89943
50562
97879
74491
86961
85291
124023
83436
59822
97896
70463
92656
101105
125930
128473
50317
89346
133212
74495
101769
82082
107090
88403
94855
146241
115074
112086
128725
92870
99006
90486
56102
77636
46403
65405
54663
74917
74045
68669
55661
47736
87002
73597
100721
85715
148266
113738
98776
67591
109136
94095
79698
89421
119455
84460
93454
59112
58290
42226
44353
77270
50266
73640
54964
52496
51108
53479
38611
35625
38210
29143
29418
29199
22235
22081011
 Average Time : 69003 Minimum Time : 22235 Maximum Time : 162369 microseconds 
 Client 11 Average Get/Set Latency = 0.069003 seconds 
 Throughput = 14.4921 opertions per second
