32131
21416
25885
22671
22392
23024
21376
22110
24746
23878
26091
22832
20769
24687
22529
22406
23166
21694
25053
22123
24677
21093
22584
24862
26615
20170
22543
22030
23672
27909
21343
20177
25503
19833
24584
24510
22010
24356
18062
21755
23235
20783
20421
21159
21842
23934
25335
24302
22657
26299
22503
27563
23118
19686
24631
26099
21919
25483
18498
22390
22634
21144
24478
23850
20719
22405
21992
22978
22740
23349
22034
22480
21996
24761
21789
21532
19928
25966
25791
24230
19729
21758
21615
24895
26913
22166
25399
18806
24141
23187
20943
21810
22450
21255
23858
23623
21119
23088
20661
19598
27987
24404
21998
21286
22439
20402
27020
18974
20206
27521
20725
22482
25757
20722
21423
23105
21247
23836
23797
21748
20515
27923
24695
21484
22686
24314
22417
23849
20630
23081
22544
24262
25313
26295
24542
27326
24078
28090
24035
21119
22766
18485
22270
20533
24581
22343
22864
18539
20908
24822
23912
24663
24667
22208
27929
21445
21942
19874
25056
27825
24405
22105
25209
20512
23405
25237
23741
24167
21829
23227
22741
21883
19254
23112
25600
25549
25450
22879
23090
22409
23219
23160
22111
24554
21961
21619
21857
26560
23511
22060
23951
22015
27385
24911
23067
24396
25596
21614
22592
20387
17757
24330
21305
29146
21804
22074
23695
19849
26274
20133
22267
24777
20754
26915
22825
25928
28240
18805
22084
24867
23205
23901
20735
23484
26128
24950
23221
26267
19508
27187
21414
21596
22416
21966
25037
24363
22093
21857
24745
21873
32362
20163
22527
20913
23561
24178
21340
19579
21005
20459
23445
23322
23027
21677
19480
23861
21882
25252
22745
19417
20053
22172
22531
22458
23083
22131
21337
21413
24752
24596
22132
20830
24778
24481
21782
23670
21885
22946
22126
25748
21760
20965
22843
20499
25553
24323
20286
22219
23315
20751
24607
22979
21408
23474
24243
24628
22999
21568
21143
25973
23819
24130
23108
20826
25770
24998
27157
21768
26943
22858
23109
25751
28118
23929
20830
27301
21977
20434
21741
23670
23478
23145
24500
20969
21969
18555
20019
24929
22208
22511
21560
21784
20485
27574
24697
22834
26035
23947
26390
24519
20751
23464
27554
24643
21337
26203
23070
23716
20776
21172
26878
21690
25996
27020
19092
23614
21938
21583
24735
31640
24241
23185
24151
21416
28855
25257
20931
21831
20042
23875
26306
19933
21677
23579
23612
27420
22892
21114
24376
22429
24116
24933
20632
22979
21285
22785
23952
28157
20799
23167
23354
31212
23215
22014
22868
24470
22139
23323
18285
21235
22075
23770
25709
23824
22967
23377
26343
25358
21798
22191
29341
23985
23560
21226
21399
20462
21412
20020
25545
25085
21090
23329
22764
22582
25433
22032
23066
23032
22981
27990
24575
25251
22331
25829
19316
22536
23034
23715
22100
24202
26905
24721
22301
26604
26642
21766
21273
20221
24736
23046
23515
26121
25367
21999
21762
23717
21917
20553
20484
24741
23716
21150
21840
18948
23316
22855
22956
23361
22526
21799
21955
20308
26049
23131
21522
21455
21225
24891
21384
21545
24719
24159
23300
25760
24679
23325
23168
20547
24447
21456
20327
23747
23317
27253
22693
22821
20633
23238
21850
23653
22575
19090
20977
21182
22856
26698
21205
26353
24534
22502
24390
20014
20588
20580
20061
21436
24508
18647
22571
21582
21007
27791
21010
23681
24233
21739
25590
24355
24086
22985
24480
26364
26104
27471
27641
21602
24478
23874
22595
21670
19746
20338
23367
25303
23987
23895
23139
26049
25949
22426
25851
24538
24540
25292
23563
23025
20552
20348
27536
21847
23041
23362
22027
27657
23216
20216
21557
22986
21769
22694
21486
23182
20578
25085
23466
21646
22941
27132
19546
22907
26140
24456
19063
25592
23064
26498
22634
21063
20850
21157
22254
23539
22973
24758
24890
20015
25038
23690
22988
25856
23261
26150
25230
21141
25579
21429
25449
20191
28186
26676
23224
26359
23164
22688
28867
20231
23749
23141
22393
22392
23678
27839
26458
23987
22723
22609
22061
27325
22383
21969
22594
20065
20373
23522
22781
21628
21707
25313
25408
22740
24847
21585
26603
26685
24149
21952
25022
24706
25720
24038
24783
26551
29061
24095
21387
19624
24371
23921
22651
26539
23725
26142
23890
18682
27572
24861
19054
21544
22607
20236
25478
22295
23409
22502
22638
22374
19951
21536
23031
25668
25077
19149
21443
23030
25688
24749
25834
23687
24751
22664
20217
24677
19971
19169
26864
25159
23652
28588
20152
19686
23043
21449
30160
21660
24689
25109
23995
27848
27110
25406
24450
21263
25659
19378
20715
23716
20675
19271
24660
22778
23389
24682
19366
28550
21686
19465
22211
21335
22029
28949
20863
24512
25515
25735
25257
18982
21039
18331
21410
24296
21549
21611
26569
24906
24788
23296
22476
22968
20589
23585
24015
24069
21280
24806
24678
25082
25629
21387
24994
25026
21706
23513
22712
27735
26304
24583
25756
23577
25670
21849
24618
28481
19945
22931
24433
22048
23638
20539
22066
24197
25002
25166
25815
25405
24455
23202
23101
26594
26710
25044
21482
22470
26502
25632
22132
23506
26448
25957
25266
25707
24170
22356
24807
23202
23721
23719
25187
25352
26914
24791
25075
22475
23916
21496
21005
20523
25047
25175
23527
24551
20756
24448
19305
20770
27472
20946
22126
23990
25983
22071
22088
21702
20510
22289
29024
22640
24554
23487
24657
28674
25111
25138
23064
21336
26181
23180
20822
28944
25571
29727
22717
26887
20904
21678
26371
22427
22099
21264
22218
24700
24440
22146
21409
22749
24235
28230
23556
27135
26984
28699
25503
23831
22045
24218
24623
27691
24152
23565
22571
23361
25585
20889
22086
21960
22809
24009
23185
21861
23554
23361
23924
28017
24741
18977
23779
19971
24247
23449
21444
22421
21820
23813
23416
18830
19803
21146
22292
21475
29310
23809
23959
24093
23877
29016
25581
22570
23715
25207
28740
20864
20874
21530
20048
27650
23112
21885
19751
19114
24011
22044
22716
19537
21492
23959
32590
21706
26768
22765
25771
25125
23615
22894
22442
21718
24404
24441
23670
26714
27935
23460
23798
21452
19808
22401
24232
23980
24231
21870
23100
21689
20355
25565
25167
20635
22796
21785
22868
23992
22370
28553
21832
24227
20629
23859
22809
21237
26857
27448
24895
23676
23202
21643
27309
27088
25408
24222
25805
23511
26045
23666
24616
26602
24440
22954
22861
21468
22920
26404
24050
21815
21831
25332
24291
22149
20942
25229
23568
23838
25634
20788
23675
24105
27134
25362
25425
23532
22908
23658
28735
21904
23154
22295
22327
25215
20824
22753
27126
20683
22741
26537
25278
23906
22516
23888
23472
20769
23493
22881
24486
25080
24229
25748
22854
21561
24049
26148
21717
25829
21301
20866
24927
26478
24124
28611
21332
24744
22900
23461
22010
25096
24897
23138
25189
24281
22308
23112
22250
22157
22070
24508
22568
25625
20757
24823
19900
22141
24421
19749
20111
20513
20210
20781
30569
25034
23008
25277
22993
27211
23990
24410
24478
22594
26859
21168
28094
22181
21856
21053
23119
21716
22428
23816
26399
22649
24006
25983
20874
22069
26990
22555
20935
21216
23793
30239
24780
20568
24547
21375
27291
25864
21093
19398
25341
24582
31233
25449
19215
23899
22895
22934
22251
22833
22096
24238
24240
23785
24982
24560
19900
22720
27269
27287
22876
23659
23647
26156
27708
27274
23859
24337
30406
24936
20564
25277
21520
26597
21209
22318
21467
23756
23565
24081
20259
23624
23943
23139
22543
22092
23704
23847
21640
24470
22494
20818
22704
26800
30794
24736
22803
24247
23572
24924
20819
23433
25845
24026
23590
24528
24034
22825
22360
23109
29457
21615
20474
24287
24581
25747
22177
23255
22695
24442
24054
24856
27975
25906
21040
25205
23258
20158
23584
22560
21281
22675
24040
19510
24621
23181
25449
22517
18890
18959
20661
21876
23217
28023
23195
22674
29152
26834
22282
24842
24893
22780
21686
27501
23657
23943
23612
21675
24625
28562
21563
21276
25482
22800
20398
22441
22823
23434
26682
25888
21929
22193
22744
25573
22269
23603
22825
25344
20204
26091
22914
20720
24065
21281
28214
24747
24508
21285
22741
24389
24703
22101
22905
19025
22778
24766
22291
23825
20353
26471
21096
27138
26954
24547
26187
22271
26769
22376
22647
25437
23663
23728
20493
25842
22723
21373
25843
18970
27951
21752
21016
26042
22773
22902
21719
24324
20870
27571
20647
25763
19876
25584
25304
23741
23689
25061
24886
27236
22886
22343
25635
26038
24925
20183
18723
26616
23390
21582
25601
22132
24071
22188
19785
20905
28698
19972
23727
24232
24837
23014
23773
25697
25754
22644
26006
26801
22597
23033
25530
24173
19729
23841
21812
25607
30017
24794
24967
21473
25717
26018
21029
25116
25347
23950
27711
24753
21768
24745
22766
21348
22128
22072
24167
24712
21161
27144
20250
19850
27087
26630
25441
21122
21825
22697
25813
21417
22503
20169
22874
19768
20935
25024
23572
21681
22112
19938
22330
26878
20395
22053
24620
23012
25708
21339
26340
26653
22088
28141
23106
20986
24142
18880
22559
27028
23171
20011
23652
27503
26968
22257
24302
26487
23205
23259
23126
20922
22160
20369
26067
27663
20820
25089
26922
22181
27389
21827
26831
24317
25130
33099
23932
23709
23873
25602
23240
21581
25294
28510
25905
24691
25573
21439
25456
25224
26133
22427
23373
24066
26388
33430
22795
22289
20349
23760
21737
22637
22555
22017
26217
28333
23482
20978
25723
22588
24739
24776
26276
23550
23026
26317
22177
22343
20448
22408
23860
27615
22570
22993
22121
21435
27097
25463
26650
23008
23983
24792
23176
24423
21207
25255
29253
21257
24071
20957
25356
25328
25192
23934
23810
22603
22715
22889
22767
23255
22357
22927
24212
24940
21940
23711
23452
23202
24304
25463
22947
21903
21787
26838
25269
22623
24013
25886
27947
26293
23550
27298
20652
23952
25406
22017
22577
25543
26003
20997
25747
21595
25564
26352
29565
21501
27278
23932
27594
29566
24029
20824
23775
38089
24338
20556
23929
21047
24318
23074
25096
22189
21131
23378
21341
27848
21264
23867
22985
23739
23359
22263
22247
20288
23978
21972
20641
24155
24636
24287
25507
24996
23558
24457
20819
25154
24655
24520
30082
21478
30431
23136
22917
26732
24301
24030
25104
20746
25853
24890
27804
24648
21950
20966
24156
23535
26550
23917
24879
23476
23441
24053
22120
20808
22428
25479
27188
24672
27481
21755
21568
27968
22727
24826
21657
23104
26395
22738
23734
20568
26715
27943
20433
20796
20558
21596
24728
28261
23400
23992
22727
20630
24450
21884
22148
23808
22308
21416
26753
19386
25123
21221
21434
31414
22374
23931
21235
23399
26346
26190
26903
21622
28561
24167
23565
24321
24991
28113
24529
23794
25781
23261
21550
24094
20651
21034
25354
26801
25163
28061
25247
21958
21996
24373
28464
25219
24943
24275
26080
25195
21972
22013
23658
23235
25645
20104
20543
21697
23476
23635
23987
26852
24432
25125
25339
27902
23427
22007
23264
23324
25745
24138
21566
23605
23120
25106
25072
22165
23666
24026
26170
25733
24666
22699
23757
31226
22991
26302
21871
24981
22802
23085
20805
19557
22515
30176
26078
23098
23216
22418
21663
24767
22426
21629
20505
27884
27774
23124
22889
23305
26231
26588
24504
23715
23150
20733
27958
24437
20706
23376
25180
24213
29430
21957
25484
20647
24855
23850
26180
22302
26786
23056
25715
29272
24230
23028
22208
24227
22476
20917
22954
22055
27120
26251
22520
25340
21166
24028
22893
26600
23201
25027
31797
24387
21025
21758
20790
22864
26340
24512
25288
25250
23022
25587
23817
21912
26699
22981
22827
26528
20207
23872
23000
25271
22122
26968
24873
24905
28254
28049
24876
24814
22496
25362
25009
24743
23850
25199
28399
25283
20735
22658
23346
27086
22435
21113
22606
25619
20539
24993
25860
24506
25043
21870
25594
25014
25412
21349
21427
30446
27500
23277
21720
20810
24666
20536
23425
21125
23497
22834
24445
24764
23542
23228
21504
29495
24555
21448
20936
21323
27045
29326
20132
20572
26646
29872
21526
23940
24442
24099
24779
24717
23907
26368
25126
26587
23312
23249
22684
26681
27060
31280
24442
21488
25430
23464
26002
23675
22609
25693
26197
26586
27852
23241
23272
23478
27632
22836
20075
19645
24136
28786
21072
21101
26148
23241
26559
21512
21005
24706
22917
23909
28617
21627
23099
21923
21073
24381
23002
22120
24810
24230
26540
26025
26223
25287
24849
27731
22446
22433
19574
23078
23979
23995
28215
24968
23267
26788
23844
25827
23901
25542
27578
25972
24984
21419
23120
27181
23768
26202
24156
25014
26002
24205
20606
29696
24349
24663
24620
22672
23234
25506
21881
22034
21641
21730
25344
24057
30685
21701
22750
24081
23051
24953
21166
27898
39637
30002
23070
20228
23446
22960
23995
24708
23080
22639
22920
23874
26198
21322
22800
23142
23854
25480
22729
28573
23236
25527
24632
24680
25206
24736
24030
25258
22675
22064
28441
25349
24631
25747
25108
22369
24297
22753
22323
25352
25393
22370
21061
25325
22504
22817
24311
24760
23111
20120
21347
24393
23582
22241
23127
24041
26234
25964
22333
28533
20912
21450
21044
25344
24666
21209
23420
27259
27090
22903
25105
21843
22945
21431
23499
27097
25690
23333
22107
25136
30967
22126
26755
22493
22840
27714
26701
20251
23130
24442
27113
22813
25493
27055
27121
30407
28569
24823
22048
22627
29043
23641
22675
24326
21578
22801
19450
25093
27163
22336
23999
23099
23653
24310
22552
21062
23259
24604
21059
29502
23227
24608
27425
19961
28232
21335
28277
21141
25016
25180
22368
24896
24066
20746
22715
24396
28400
28933
27176
27158
22232
29181
21894
26250
24396
27885
26663
21295
27085
24246
20411
25475
23671
22899
27224
21825
28635
25235
21607
22864
24828
24170
26133
27485
22281
24415
26707
19295
22667
21558
22496
22838
24447
25029
21036
25666
22023
28130
24352
26884
23019
23925
26831
23438
21691
27693
23138
27087
25656
23974
24088
22120
25735
23191
21885
24979
27400
29538
26475
21954
23205
25954
26472
26756
23749
22797
24774
24430
27794
26761
25428
24324
25684
22060
24123
21647
19561
23337
26750
22880
20033
21172
21695
24731
22644
22312
23689
25605
24568
24496
20771
20062
22278
25277
29402
24267
21411
25341
23939
25833
19427
20526
22414
25135
24719
21127
25099
19879
26003
25375
26292
23069
22157
22802
21458
28538
27635
24227
26643
25412
26433
26731
22326
22762
24008
25955
27128
22106
23249
26608
27432
23900
23403
24957
24051
23703
26445
25822
25895
26708
25032
22993
20584
23763
20546
25654
21977
20964
19584
23759
27971
26473
25263
24533
26122
26681
22029
24213
20622
23305
22021
25616
25165
22358
23714
23374
24982
22102
24315
21022
24370
24453
21371
28247
25230
23320
24075
22656
22229
21788
22099
19562
26548
22728
24641
23889
23006
23357
23014
24944
24831
20609
26617
24532
24004
27484
27159
26326
26165
24255
23521
23648
25420
28311
24211
25297
25311
28497
26517
24421
22320
21532
24283
25055
26164
26891
28406
24815
23703
27543
24524
23772
25486
26622
22597
25591
24564
27402
22312
23876
21317
23591
25941
21666
21350
21993
22191
26442
24726
25983
23180
25100
22189
21377
20667
21833
23237
20627
26016
28225
26845
26144
25794
24991
25810
22274
27792
27112
27765
26870
24093
24874
25293
27018
21584
26965
25087
23011
25207
28633
21168
23141
25235
30326
20739
23514
24099
23549
27375
20987
24755
26050
25119
25243
22246
22678
23660
22330
23308
23686
23247
24082
22543
23022
25917
26096
24059
25077
25722
24561
21418
22216
22333
22081
23611
26529
23465
20219
23400
22562
26538
22298
22388
20922
21612
23042
25242
22279
20278
23365
20462
24693
24842
23714
19884
23248
25879
21416
22561
25351
24035
24972
23738
28468
22636
21430
23476
27129
22438
22251
25396
25077
28538
25034
24503
21920
23815
29894
23465
21194
21706
24337
27745
23002
23451
22481
24042
23523
21353
26423
25663
28145
27419
24016
28192
25664
28261
27457
25632
23821
24180
28026
29321
21775
22965
26807
24006
27809
24313
24410
21709
20789
22217
24093
23399
27703
24950
32460
23189
21572
21943
24211
27431
26534
23047
24058
24672
21900
23295
23749
22480
24635
28708
26028
23242
25068
25332
22023
25593
25831
26555
22532
24819
25506
25470
23430
23939
27307
31695
21792
23281
23403
23879
20381
23669
26403
28029
29974
60918352
 Average Time : 23796 Minimum Time : 17757 Maximum Time : 39637 microseconds 
 Client 3 Average Get/Set Latency = 0.023796 seconds 
 Throughput = 42.0239 opertions per second
