32370
24417
21559
21990
26576
21521
24283
23202
23727
26053
20277
24793
22072
20821
23611
20535
21105
22338
24826
23820
26127
25574
21608
21497
21529
22592
21591
23330
22409
21579
20040
21511
20818
21716
24098
21819
21786
23107
22791
24453
24228
21025
22052
22967
21555
21529
26593
23873
22831
21600
20769
21599
21577
25863
22427
25835
23721
22133
23334
23316
22665
22676
22965
23186
23835
21734
22443
21901
23734
25594
24844
24252
25307
21569
24151
26677
25451
21019
22360
21749
23363
20922
20253
20983
21830
22025
21742
22559
21654
22199
24574
27566
21817
23062
22589
23942
25123
22330
22382
23420
22035
26002
23340
21545
21693
21182
21470
25601
21707
21613
21695
23276
26930
23341
23428
21407
25336
23324
22660
24384
22377
23049
25818
22613
24341
22561
24570
21241
22160
24454
21041
22994
25670
23483
24399
22876
23163
21370
22453
22140
23097
20981
24848
24671
21410
23633
23885
24152
24658
23782
24542
22415
20896
22000
22476
23395
22655
21593
21621
21624
20708
22177
24045
24097
22079
22537
20865
22884
21319
23106
25509
24330
22706
22665
21463
22279
24553
21741
23511
21786
24124
22104
31133
24741
26543
20980
21887
21015
23295
22222
22301
26460
22026
24463
23763
20953
24377
22273
23124
30413
22679
22591
21433
22514
24730
21357
21695
24760
24438
20882
24732
24093
23552
22164
23389
25120
22142
23061
26034
23263
25478
26093
22272
27923
23167
22745
22012
21348
25831
23911
22496
23511
22241
25087
21429
23707
24025
22585
23092
22007
21446
22484
23583
21234
20718
22406
21806
22257
22576
23108
24222
23814
23398
24657
22457
25698
30212
21854
25235
22740
22100
22223
23357
24219
22206
24806
22632
26464
25380
26487
21503
21910
25048
24486
25942
22824
22148
22076
26069
22464
21669
23051
22055
24109
25452
20898
23108
20894
22785
21195
21345
21587
22170
20574
23377
22459
22402
23110
20686
21923
23538
23883
21848
22067
23460
21666
21822
22828
23236
21552
21401
25833
22887
24744
21778
21300
22062
22268
24550
20610
23686
27512
22177
22675
22544
21992
21808
24511
20831
21557
21611
24003
25437
23144
26039
24180
21511
24236
22812
21688
23127
21942
23874
23213
20905
22962
20589
21468
20664
23305
24015
23333
24811
21101
24551
22567
23070
22083
20941
21006
22854
23121
21344
22305
21980
22563
22341
22181
22940
23570
23437
22109
20420
23962
20955
22995
22275
22423
25167
22191
26132
21257
22564
21878
23488
23290
21913
23678
22750
21936
21696
21623
22270
20827
22588
23442
24488
23833
24675
24382
27230
21782
22299
22112
29741
23615
24248
21271
21207
21127
25273
25091
21318
21712
21157
22478
25448
23282
23225
24973
26782
22429
21461
20981
25692
23970
21396
23525
24273
20489
28188
23183
24985
21484
22048
22490
24023
25457
23758
22564
20823
21962
30082
26849
24305
22366
22129
23361
27376
22658
23197
24269
23152
24952
21890
26342
22584
20245
25352
22636
23517
26925
21019
21906
23139
21619
24178
25598
22755
28613
23871
23074
24717
21796
24802
22145
21773
20651
22026
22245
24558
20556
23315
21558
21322
25529
25681
21901
21211
22317
20510
27305
23159
22075
24082
21586
24969
22836
20458
25613
21893
24267
24883
23852
20959
22578
26734
24650
23756
24412
25995
24138
24672
24949
22788
26359
21133
23259
21666
23459
25136
22606
23864
24173
24954
24295
26158
21588
24423
24323
23305
22377
22323
23633
21861
22295
21527
21461
24485
22177
23322
22754
20353
21421
24244
23059
20541
22347
24528
23763
24632
22354
27416
21665
22875
21953
20444
21828
23759
26963
24656
22731
20842
21895
22845
24877
25897
23189
21065
22410
25458
23352
21959
22713
22438
21958
24218
24694
22900
23827
23060
23387
22735
23819
24054
21395
23885
23935
22686
22374
24705
21707
24233
23551
25369
23822
22550
23986
23489
21250
25394
21792
23456
23094
23264
25005
20841
21835
26856
22961
23024
23732
22719
22026
24632
22721
23510
23078
22961
22483
24608
22402
20300
23378
24567
25325
25153
23268
24581
23065
24118
24361
25825
21597
25488
25781
24504
25370
24814
22686
24234
22016
21543
26096
20518
22941
21252
23987
21717
25084
21226
27208
22140
24433
23945
24204
24167
26147
23175
21603
20861
22849
23465
22324
23209
24023
27480
22839
20818
21657
24062
24279
23785
20474
23274
20370
24953
22265
23473
21762
24343
23473
23586
26654
24547
25221
23747
21733
23727
24644
22981
24468
21571
24546
24000
22662
23047
24314
23903
28815
23666
21888
22772
21946
22304
22697
26504
23058
23231
23868
27753
21856
24879
20796
24425
24500
21895
25903
25006
23037
25241
25370
24711
25152
21369
24140
24499
22066
21335
29745
22730
24847
22052
24472
21084
25931
23359
23752
21717
24670
21418
23998
23070
22740
24136
21574
23917
22704
23103
21487
25262
24075
22492
22717
26242
21900
20918
23772
24799
23591
24621
23863
26841
23707
24268
21619
21414
23822
23076
20437
25089
21172
24116
23919
22246
22315
24429
22076
23951
23521
22675
23611
25321
22488
26056
22756
22148
22896
23998
26267
22796
21795
24585
22534
26180
23145
26847
25044
25153
24588
23524
25630
21274
22424
24737
23567
24087
23514
23683
25345
23549
21666
22551
23130
24165
23560
22377
23760
26811
24608
22789
23405
21249
21336
23258
24081
23689
23515
22857
24822
23970
26833
22215
22143
25420
22436
23666
24459
21362
23943
20400
23348
24128
22754
23721
22789
21741
25172
23718
23656
23042
22403
22787
23467
24670
23621
26271
21308
26094
23668
26050
22836
22613
24300
23926
22198
27416
25267
22113
21955
23519
24861
20446
23957
27359
26853
23983
23942
21932
23246
25704
22580
21443
25822
26841
24313
24751
21605
26836
27401
21587
21872
21785
22786
29509
23574
21136
20708
23663
28357
22066
22204
24230
24332
24404
23967
24329
21375
22345
26933
25620
22367
24845
24013
23931
22823
23526
22812
23102
23853
26464
22058
21656
21978
24967
23321
25407
26101
23938
24056
22149
24127
22531
22306
27616
21902
25520
25385
22230
22526
26028
21648
22795
21401
24047
23098
26115
25478
23300
21447
23480
21579
26424
23121
22368
21497
21247
22415
21942
20867
23183
23682
22487
24891
23368
22587
22114
21731
21176
21030
24687
21883
23695
22775
23815
23330
21110
22473
26410
24385
24009
23001
20293
21681
26062
22815
25435
22344
22250
24187
26551
23498
24846
21163
25310
24499
26664
23391
23320
22565
21518
22525
27573
25092
23705
22284
22597
22977
26813
22386
24093
24451
24026
25821
23847
23067
27640
21599
27349
23962
21995
22272
24919
21590
23538
22936
21745
25919
25107
21469
23367
22370
25017
23856
23031
28238
22778
28168
21679
23100
21028
25808
24569
22476
23913
23779
22476
21982
25042
22038
23789
21680
28161
25224
22355
22511
22962
21959
25467
21030
25307
22716
22785
24049
23441
22354
23319
22513
21658
23446
26998
25055
25630
24049
25637
22414
22373
25841
24122
22581
21273
24057
21789
22419
21265
26527
24117
24902
26360
25832
22899
21828
22765
22093
21078
25508
21260
21308
21420
24542
27219
29360
22598
22733
27700
22312
25696
22379
24975
25372
23418
23073
23581
23030
21806
22387
24934
24462
24901
21747
23511
22943
21876
26438
21780
21678
21105
25816
20970
25966
23395
22403
21964
23565
20973
21826
25275
21214
23189
21958
28177
21515
21513
21612
24423
21648
25365
25303
27389
23140
26861
21901
23910
26236
24654
22291
20897
22944
22778
23442
21649
23544
21531
23841
22845
26684
21631
23300
27004
23350
23864
25391
24994
23579
21852
26017
26267
21615
21922
26404
24613
24670
22896
25088
22618
21613
22040
22993
22285
21217
23165
24772
24776
25582
22913
24957
27972
25458
29094
23104
23346
23700
22217
21576
26058
24078
25015
28456
23534
27421
23731
27855
23022
26944
23175
21775
28271
23511
23158
23935
21664
24687
22623
21066
22912
22344
23097
24571
20877
23803
22079
22620
23364
22966
23622
21970
24174
22420
23598
23449
23654
22527
21531
29307
22113
23178
22417
22152
23009
22451
24395
26194
21402
26788
26296
22384
22966
24862
21174
22865
23004
24061
23100
25082
25038
22565
22435
22126
22499
25860
23982
22982
22106
22959
21131
26887
20046
25282
22293
23953
29948869
 Average Time : 23397 Minimum Time : 20040 Maximum Time : 32370 microseconds 
 Client 7 Average Get/Set Latency = 0.023397 seconds 
 Throughput = 42.7405 opertions per second
