36963
51534
32392
38141
49683
52141
29271
44621
38648
29783
33521
39981
39112
33277
34455
30163
33975
31540
36617
33125
28892
33900
37626
29902
36319
31196
36237
39066
35367
31847
33487
34709
32192
38517
30663
32405
36844
34453
40401
38758
26169
29278
31778
27754
30735
28790
31888
28591
29591
33829
30714
36862
32331
30966
33244
35423
40043
39633
27742
33193
31791
29434
30204
38233
32987
32777
36647
38185
31193
38247
45118
27702
42875
37122
40088
28181
28858
37607
33113
40391
42079
27707
37323
33636
39016
39902
31697
40030
29442
36899
32760
27432
40062
37306
32230
35144
35976
35527
33404
30368
29800
27365
27707
30164
33152
39095
36372
34843
33329
30190
36187
32877
29541
40088
39788
31694
33100
30696
38168
27225
32486
29604
37091
26535
35935
33961
33259
34050
42353
29639
36266
38305
27442
38759
35671
36902
33630
39806
32867
33780
46527
32551
32591
33679
36708
26703
25563
37104
38079
33548
38373
30628
36225
36087
46052
30334
31069
38592
29769
34277
35339
31769
35617
29658
35859
37653
34607
35104
31913
29862
34935
34201
32753
31061
34543
30282
32527
36396
29597
34472
25368
32694
30861
37965
38722
33124
36925
28682
33140
27934
34263
30935
36251
33095
26741
34129
34729
34822
32494
35121
33933
30833
37049
40927
31366
28135
37871
26799
38009
28787
30620
38392
30221
39921
42130
36895
30708
36554
34546
38515
32499
27960
29769
32228
33208
35694
41240
32396
32029
32927
37983
40391
26911
35940
29044
27663
36092
26771
30168
42084
31924
35430
29001
34392
31776
38339
36440
44412
25775
34616
28837
38791
36045
35571
29533
28773
30458
27741
30767
31872
32674
39652
30592
37206
38383
32155
30943
32662
34810
36058
32062
33291
39608
37693
30265
33424
32395
32974
32048
36588
30767
32562
31746
32631
39500
35388
31763
33000
34172
36439
32542
41011
32765
32352
34193
33937
30029
35943
34865
31355
30824
39813
31162
31856
38695
40847
38211
33485
30709
40771
34980
30794
39308
27958
29772
34065
33827
34641
32483
32537
34409
30305
33517
37322
34744
39696
28158
33308
32425
33852
31161
31845
32130
32672
27979
33581
36974
31907
26920
36143
31124
32852
29552
35780
34157
30869
31745
27275
44556
30899
32431
33838
28911
36359
29580
30511
32605
27270
37165
32548
32692
36690
37722
35770
26302
34467
42399
32670
34709
37130
42494
30137
34388
35794
37181
31245
33663
36675
30799
36829
32633
29476
29752
33786
35612
35100
33126
31954
32851
42185
31730
36189
37285
25313
33814
42541
30671
29868
35595
33819
31497
36797
32614
31597
32115
33636
37880
30605
37542
35052
39116
29383
28289
39682
35227
42377
34217
44603
32005
36444
36433
32537
28222
27884
32854
36540
45000
36020
37928
32668
32808
43917
31981
31563
34410
30603
31479
39484
30982
35297
34551
40520
29919
33091
30031
37817
31072
34669
45069
43988
33468
27276
36815
36102
35581
34225
36279
38402
32270
42975
35052
35642
40258
31099
37816
31295
32670
27997
26101
32330
33532
27497
34240
27291
38616
38335
27485
31291
36634
31720
29961
33109
29564
36687
31589
34642
31677
32828
34350
27052
35827
33338
32128
32172
44012
36198
36317
35801
28790
28619
27502
39585
33126
29858
36880
35716
30548
32336
42505
28600
31533
37234
34500
36792
33471
35641
35865
33309
30530
41238
30649
36467
30691
35939
31784
31442
34939
35861
35936
31028
28543
40234
34441
32344
36482
34206
39283
34622
40139
34905
31235
39979
31237
36430
34235
31392
43276
32974
31808
39773
32055
43870
28955
32394
33426
41071
32253
30440
30467
30822
31250
31185
34786
35004
30377
29209
34229
33161
28849
35173
42340
38639
32302
28036
39644
35088
31745
33059
25740
32112
41892
37409
34417
30859
29307
30955
33759
29504
36854
37000
28257
35476
33784
40025
27950
32384
31214
45277
31626
30991
37807
29987
30420
28881
36168
34206
32093
33779
37227
32635
32450
36002
34753
32486
38518
37773
36311
29437
40504
37759
32917
39486
35461
39419
30120
43140
33752
35034
33928
41230
33626
31042
31822
34948
24861
23473
28903
25043
21386
21563
21757292
 Average Time : 33995 Minimum Time : 21386 Maximum Time : 52141 microseconds 
 Client 4 Average Get/Set Latency = 0.033995 seconds 
 Throughput = 29.4161 opertions per second
