40821
37895
28329
33922
36609
34826
28840
39867
30064
40504
39957
34497
40140
32883
32817
33475
27131
42958
29176
31826
35293
34798
31674
40553
37019
34808
31859
35710
34941
33369
35999
34136
30736
38517
47863
33484
36057
33638
30912
26084
35309
38265
33714
36720
39205
29123
36057
27611
36944
39503
40997
36576
33498
30341
30572
34054
34555
28794
31280
31616
37658
37883
52077
35776
38727
34529
31477
34203
33989
36237
35053
37036
42812
32338
32430
31501
31410
38604
28000
31214
32098
31079
31149
28734
37916
34237
31400
33155
28380
33820
23589
36574
33817
38700
47985
27817
31133
30998
31210
27812
31208
35183
30706
35447
26328
36293
29360
35323
29430
29166
33854
30537
38153
42321
36585
30148
32768
29672
29009
36670
42229
31760
30132
34468
28551
24546
35819
39251
38259
40910
30615
28593
33892
29555
39484
34239
32369
31522
34323
32968
34806
33066
32561
41714
39591
32645
29687
33144
31140
27787
35608
36224
43424
26604
42783
36313
31237
33754
36466
30193
33588
32201
31973
45549
33157
37961
37702
27732
31044
29540
36898
29587
27389
36931
33826
36306
42627
32832
30426
27652
30400
28657
33475
30620
30838
35150
33577
34458
44491
36802
32655
33107
37201
31661
26095
31678
27420
36634
31418
49198
33764
32674
33510
34503
29169
28951
34587
39847
30522
33972
30753
29870
38512
35839
29381
43130
33237
32237
34347
40846
32635
37887
29259
36934
32198
34233
35692
31846
33954
26953
31692
37056
35439
33812
36102
36021
36116
35980
28506
27688
35697
32049
41395
35135
33122
32305
29562
42989
32892
34391
34646
36293
29061
38117
39485
36074
30827
41447
37045
30439
32763
30593
37900
35592
30264
29549
37954
34763
33901
36693
35512
32359
37283
36333
32899
27380
37033
33889
29338
28290
40143
39543
33204
33228
34966
33492
41407
33049
33790
31304
29428
34905
32444
32253
28785
33490
33081
40463
31222
35143
39012
32189
35317
38316
33093
42578
32828
35243
29351
40153
37699
32075
27401
32606
28794
34420
38078
28171
36722
29059
29010
30065
38110
31736
32489
35852
30088
32599
38349
35657
32398
29654
29776
43786
32520
32559
28218
34313
34806
34512
28567
46037
36858
32761
31230
33162
32910
32859
32875
35977
38235
27510
36701
28921
31562
32756
31737
33286
35770
30471
35188
28774
39994
34341
40914
32736
40036
31194
29751
29693
41959
32428
36059
26257
35359
35851
30646
33083
34927
29807
34544
34974
34422
32527
28878
35376
31720
29567
31033
30742
31446
30010
41606
30137
40789
32633
36138
31878
35867
32400
31429
30663
33072
51772
37850
35540
37845
43604
29946
32800
30164
32924
26403
29261
36103
28604
36040
35291
28881
31519
35406
35710
37078
27515
39268
39553
34217
35332
45138
34999
42644
32295
36192
37311
38470
29607
30186
38993
35522
31683
46193
34043
27711
33761
35307
30734
34405
31440
32432
43257
35270
35043
33023
30472
30250
33866
36440
37333
34353
26820
42217
34890
25494
30958
31773
41372
30938
30135
38200
34673
35244
34461
35384
37047
33489
31202
34463
38418
40594
38436
37853
38017
33427
34293
40668
40053
34558
29303
33843
37258
39292
33677
40350
30717
34677
32182
31409
33781
29622
33429
32757
27128
28405
29886
31481
30139
36617
28647
38542
30439
32748
30330
38378
42272
31227
30345
32961
41444
30974
34968
30152
29556
30107
32995
30209
36892
33718
38057
42756
32272
31811
35493
35706
33874
32604
32546
39604
36112
25018
35433
27907
36054
40760
28495
39028
38239
29486
28080
32587
34697
39819
33852
33246
31077
28847
40940
42621
40514
33769
34338
34477
36235
30657
41119
39663
42019
31350
31914
34994
40073
33670
37216
34454
36365
32516
29978
35025
40395
37129
36481
37259
39349
35914
38783
34708
33470
44676
26719
29527
29803
36947
34537
36783
30169
39145
31969
40074
28067
32438
27136
36172
37778
31706
36289
39852
37767
39786
27410
32331
40980
25812
27888
31526
33119
26852
37501
29660
31823
31040
31948
30826
31649
29334
33291
32462
42021
43327
28796
30404
38038
36975
33437
29986
23554
25165
28766
23191
24070
23769
21652
21774746
 Average Time : 34023 Minimum Time : 21652 Maximum Time : 52077 microseconds 
 Client 7 Average Get/Set Latency = 0.034023 seconds 
 Throughput = 29.3919 opertions per second
