30479
21447
26416
21125
21560
22808
23647
23625
25278
24250
24909
23526
22932
25256
25071
23277
22477
19341
22073
22298
23535
20137
22824
21081
27212
22456
24037
22280
25401
24490
22214
22939
23040
26009
30906
23269
22393
19336
24843
25747
22724
20902
20042
23162
20299
24296
19434
19289
21656
22176
22793
23703
22181
22752
25911
18899
25545
23290
24025
20906
19720
25267
26926
20540
22836
19393
22961
22861
21655
23858
20349
21506
21871
20381
20875
25120
20712
21593
22574
22096
20591
25616
24138
24213
24525
26158
21699
21644
23298
24307
23141
22118
21495
26649
22902
24192
21057
22137
23191
23813
29355
20661
21335
19794
22710
25230
24658
23078
22218
25148
23020
22975
23462
21348
21219
21360
24219
23650
20701
26379
26872
26211
24791
21644
22107
21217
23108
24145
22649
24604
23890
23098
29468
22311
21103
22422
20461
25107
23739
22073
22030
19897
21828
25341
23294
25663
20445
24692
23821
24472
21431
25682
23442
22410
25301
24310
24078
22836
22470
20457
19450
21754
23226
22894
23012
28772
22141
23448
20897
24769
22335
19644
18495
24327
23275
21935
29344
19908
19876
22039
25025
21514
21285
23709
24267
25085
22972
24698
22161
22158
20440
20802
25935
23091
20746
24983
23187
19301
20165
22464
19609
23734
22537
24895
25361
19325
22039
21883
20736
25909
22667
22331
22289
21507
23382
19396
19776
20720
21126
23429
20662
23536
20870
20050
24604
22349
23165
21546
22926
25679
24323
21982
24422
21553
21015
24286
22202
25483
20021
20996
22267
23238
20768
23929
21330
22193
20867
21374
28050
19963
24847
24197
19661
24319
24601
19230
21734
20145
22070
22715
21470
21898
25429
23888
26632
23262
22044
22790
24764
21099
27667
22326
26636
21943
24711
23522
23042
22004
20514
25898
25029
21479
20841
20560
23316
23609
26228
23756
24267
21557
20684
22463
24881
22085
22142
21423
24084
25223
22141
23054
21521
23026
28010
21178
28684
21341
21460
21099
25150
24004
25742
20135
25252
26825
20808
23437
23451
18778
24287
23668
22791
22188
22571
20533
28529
20378
20024
23653
20293
25876
22725
21051
20022
23628
21976
25962
23202
19807
18880
22298
18797
26388
22528
23065
24455
20676
28400
22417
23192
25160
25470
27134
20314
24521
22930
21401
25382
23263
18578
27267
21706
22234
25864
20076
18483
23832
19172
24715
26067
21416
21043
24318
24197
27916
20816
24626
24228
20265
22554
21931
23882
20591
22005
20760
26563
26985
19584
27676
21828
24254
23424
20987
21241
25264
25944
24966
26102
22642
23914
23129
22987
20656
22270
22189
19654
23875
22674
26213
25258
21491
24356
25822
29148
28349
21987
23515
24321
21506
24600
20956
21869
24520
23990
20079
19419
22633
22071
23436
25693
23832
22301
20068
27538
24014
22785
25458
24416
27536
24681
20057
26745
22742
24046
21330
27846
20289
26826
23279
19780
20663
23081
19964
20214
25363
24028
21548
20427
20053
23348
23875
21601
19982
25557
23761
22508
21131
22120
24921
22319
20822
29642
26108
24100
22956
22717
23263
21496
23831
22288
20317
21662
26031
24277
26880
20425
19816
24975
23129
25495
21461
23953
30449
22215
24464
25300
22134
27950
22582
21297
22348
24024
25136
23723
26509
19545
19333
19658
28120
22136
22947
24836
22785
25530
23940
21950
21741
21483
27252
25527
23579
30110
23565
25385
23077
21597
21067
22556
21668
25374
21733
24017
21311
20385
25401
23558
21234
25606
21791
21569
23812
23673
24847
24302
22796
28963
22468
22502
23166
24935
25502
25475
21910
21693
23335
20990
26570
22068
22394
21781
21049
27126
22619
20535
21313
21426
21907
22782
23656
23922
21870
20471
25830
25690
24021
24833
23996
24753
22441
27569
23222
24775
36303
23571
20533
19860
26808
23815
20590
23725
22226
19990
20810
20954
23681
24531
23474
22861
23837
19578
23770
24265
25288
26221
24047
25548
22182
20379
25769
30877
25287
21683
22699
23264
24265
24163
22536
20828
21865
26615
23613
24166
22838
24630
25443
22262
21695
19751
20271
22671
26277
19474
22078
22069
23012
20928
22159
19773
19619
23600
22187
26736
23449
23033
20992
20845
18498
22056
21918
19811
21243
21231
25769
25107
23066
24762
21310
20493
22624
24343
26353
25254
25337
21709
23503
23086
20384
21061
22816
29797
21032
20897
23342
22589
20990
19918
22112
25804
21220
22377
26065
27678
21944
21539
25883
25708
21794
21895
20701
26274
21664
22990
23944
22867
22356
20089
27873
21979
20588
20079
20296
25181
28074
21673
23021
20315
21188
25790
22878
21053
20740
20296
21411
29462
42640
25972
21930
26600
20834
22122
21345
20805
22129
23295
26411
21975
20568
21788
26783
22142
20401
25854
21942
24036
26508
24181
24094
27146
27562
25000
22703
26442
19839
29697
25820
19044
23572
24261
21003
25719
26886
22189
23632
23979
26892
24709
20272
26043
21582
24871
22787
26109
21809
20130
22318
21628
22147
27389
19574
20887
24104
22196
21278
25680
21502
21191
27134
22853
19520
23162
23499
22296
21478
26370
21561
25555
27947
21102
20663
24437
23887
21402
25729
23744
22466
21296
24247
24715
21791
23240
22581
24013
29426
18682
22356
20042
22119
21803
23849
21418
24492
21416
23420
24656
22292
26736
21415
21678
23116
25245
22936
22474
23072
22464
25726
28650
23707
22112
26789
24416
22379
25960
23296
23891
29430
24782
23799
21571
25200
24237
20004
25253
24327
24587
24981
23092
21814
24483
23860
23115
24421
23533
23181
23812
27414
33050
21177
21616
22696
22876
25643
24859
23330
20414
23906
29300
22245
20041
24544
23174
28073
25788
23341
18975
26827
30174
27177
22430
21934
20469
24696
27830
21535
21175
25440
22872
26825
24953
24206
24103
23734
24590
20375
22051
18636
23977
19752
24640
19727
22180
20484
22221
22414
24826
20955
23364
24946
19721
27366
23459
20814
21429
20553
21442
28457
23892
20090
21544
20893
28687
22486
20669
24547
20333
25041
22141
23972
22546
24322
28109
23314
25745
25892
21635
20304
22101
26630
20915
21975
22134
31872
26339
19581
21430
19202
29123
20907
21536
26349
19935
26221
24185
24415
22917
22971
22863
25209
21686
22421
21931
29013
24313
25447
22996
24831
23525
38641
25470
22953
21714
21899
20635
19092
22340
21225
20775
20375
25403
23454
21967
20666
24571
23248
21125
21545
24857
20472
20318
26693
26052
26096
26419
25398
23323
27041
22551
22767
25201
28721
22380
23591
23369
23790
21578
23589
23689
23017
24999
22168
28589
21412
22419
25919
24862
23439
24258
19972
23492
26696
28522
21290
25074
22404
26123
27199
27660
22432
23209
23545
27157
21503
23289
25623
21261
23674
23243
21025
23962
21408
19087
24422
24668
19195
27542
22343
24560
23812
21756
21377
21891
26041
24661
23628
21952
21958
19737
22500
23897
23757
28606
22118
22298
24361
22884
24300
20782
25230
32487
25042
23360
22883
27120
26109
20129
22692
23409
22644
26090
22003
23089
23098
23829
23476
21578
22132
22935
23514
23893
29532
25850
26401
26791
29275
23419
27502
22656
21835
20437
24564
22091
21943
21516
21628
27201
23749
24844
24616
24709
26181
22823
27796
25552
19196
26641
22516
22683
22697
21607
21339
27452
21239
21676
25348
22628
24678
21320
22831
25250
23535
20060
30312
23091
25123
22708
20915
24052
25713
26125
26863
24678
23115
25167
21912
20872
22522
29153
23855
20924
24196
22593
27875
23022
22606
24667
21057
24520
23382
22897
24249
25905
22121
25334
20260
23190
19844
22008
24236
25162
21818
24690
20746
20575
28594
20999
22774
24327
23038
28815
24019
23386
22661
23105
31306
25866
22382
26063
23548
23564
24594
24664
18249
21436
19394
25441
23474
23643
21081
24883
23980
25727
21202
19314
22474
23993
22303
22593
19732
24892
20602
28095
40656
24788
24299
20931
25511
21037
24669
22351
20270
26568
21191
25562
19142
21174
21326
28178
22846
24803
21914
23719
32003
21336
22126
20272
24741
27267
23496
27159
23909
25054
28881
20951
21265
24387
19347
22111
22429
24042
25235
21911
21747
23567
21300
22026
22291
23636
26398
23214
22852
20819
21648
26220
21791
21249
20687
21610
26278
29169
20738
22969
22456
21551
23050
22534
21371
22087
22079
25097
30704
21605
27051
24171
23998
22085
23759
22180
24486
22494
27029
27605
25340
24283
23402
29256
22736
23388
21598
21696
21739
25203
23812
24099
24272
20484
25910
20319
23875
23237
21046
27215
23307
21981
22052
24204
22629
24365
23974
24449
20679
24960
23807
20414
22394
22017
27163
27064
23658
23775
24452
25301
23873
19469
22038
27820
22766
21104
25865
27290
24174
23011
23681
26960
25293
21441
20689
24572
23645
25281
20632
24536
24039
24367
20844
27126
24334
21277
22763
23481
23799
24662
23561
27174
28530
22986
21675
21563
21377
27129
19323
22007
24592
27222
26145
21571
26091
23179
22036
23486
26425
25361
20573
25024
22201
30206
27617
28010
29648
21405
21038
23328
22412
24840
23874
24177
22414
23118
22177
23620
23150
22763
20892
22401
20826
25451
25420
20912
22484
25502
28535
25144
25572
24415
23231
25628
27026
26645
22527
23173
24097
24997
25591
22693
26202
25438
26211
26419
25166
24604
20682
23072
18906
23073
22332
20154
21801
25407
26220
25113
23587
27506
23680
27213
25302
23331
22573
23467
28705
22618
23664
23991
26720
24900
19301
23801
23041
28748
26248
26676
23103
20194
26492
25206
23818
23248
24140
26003
23654
26277
23362
24022
22277
28887
21639
21513
24197
24240
27674
25431
22981
23645
23632
26092
23006
24792
24502
22838
24010
22388
23807
22477
22415
24027
26419
22772
20770
25896
23083
25773
23096
23859
23307
24077
27347
22714
23734
26106
24140
25198
21107
21760
22031
22709
26574
27720
24074
26274
22656
24555
23975
22836
24288
22760
23488
22139
20505
24378
23054
24267
26239
19652
24549
21919
21396
27589
25681
23134
20977
25192
25003
21941
21321
23529
24276
21281
22266
22353
21905
24476
22858
25229
25388
23974
21271
22915
30703
28506
23652
21157
20543
25077
26513
24493
21668
22776
24739
23747
24315
22410
20710
25936
28753
20156
23455
22305
21465
23428
24348
24603
25297
23512
21057
24996
22891
24515
20510
21577
23552
25506
21736
22960
22554
21834
27604
22443
22371
22131
21404
24719
25255
21141
23447
21806
30157
23644
25095
21044
23614
27354
26276
22986
24029
23965
28367
23889
22800
23296
26838
28379
25712
22840
22119
27438
21805
23481
24580
24317
20106
22877
26361
20371
20945
21198
23538
24590
23019
24530
23031
24683
23208
22681
22140
19820
21914
23032
25085
24870
21064
26532
23901
22539
24598
21399
20723
21383
21756
23504
21074
21150
26675
21310
26398
19744
23731
22068
24045
25049
28949
24611
21574
25435
23083
28510
24789
24611
22760
21431
24451
20396
25507
22864
20261
23007
22308
22084
22530
21675
23031
23192
24003
26586
27507
20007
21084
24920
22798
20894
26304
20462
30750
21771
22460
23655
24282
25297
23921
26098
24678
22293
26172
20879
21541
21595
23019
20582
23949
22295
22607
20307
21891
24888
23652
23243
21231
24754
24423
21757
22962
24698
21289
25117
28821
27302
23768
23819
30922
23125
24540
21845
27591
24657
31187
25604
21095
22373
23420
25338
24347
25167
21715
29688
26268
22345
20864
20980
24683
27607
23034
22423
22587
23715
25954
22323
24032
24042
23925
23546
22342
21507
20862
24076
24902
26846
22369
26376
22135
24292
27694
22378
22246
24872
23460
27470
26487
22707
23541
23352
24673
25246
23920
26679
21326
24239
23779
24505
21594
24026
19335
26023
22388
25946
23072
26672
28418
26186
24316
22961
25418
29484
22907
22187
22804
22290
26945
26020
21084
23703
24170
22403
20960
23210
30255
20691
26813
24013
25643
25158
22686
25200
19556
25437
26194
25562
24651
29473
25591
22023
21043
26079
24667
21957
21820
25030
26410
30315
20154
23175
23832
22528
25612
22645
24451
20663
22645
22230
26227
25685
23407
23849
23037
26879
24171
28421
24732
24401
25812
21367
27721
26963
26563
25799
23034
24904
25917
24696
21715
21258
22972
25863
21107
26943
21855
22978
22327
21959
28830
27952
23629
22348
26972
25941
24277
23340
24666
24478
29062
23426
22926
21004
25630
25333
23077
25318
25290
27496
30057
26108
24301
23705
24296
27212
21097
24784
25079
22548
21683
26300
21234
25096
25603
26267
22112
24878
23551
26739
21794
25156
26181
21916
24332
24926
24705
24170
21220
21280
22176
25906
23729
22335
22973
24298
23159
28642
23357
24253
24237
24002
23827
24029
25775
20877
25737
28452
24543
23242
21143
24917
28894
20646
21785
21117
25154
26806
24516
21987
21292
21639
25007
25187
25661
25049
24902
28948
23734
22402
22535
27243
26445
26624
23163
21023
24005
28888
27981
25469
22527
26213
21717
22830
24615
25570
23094
24001
29201
21788
23337
22811
28843
27768
23234
22333
25184
28755
20212
27564
22665
27411
22165
29003
21025
22174
27995
25722
22277
21563
27095
22879
25609
27127
23001
24760
23404
24656
26869
23867
21300
26153
22671
26225
22925
20732
20404
31193
25581
24288
24243
24190
22043
24315
27215
24390
23405
22235
27816
25229
22521
23815
24338
23485
22656
22642
24975
23753
24666
22583
23701
23127
25690
25950
28335
23764
22333
26070
22311
23267
23965
20874
27341
23173
27146
27610
22263
22471
21958
24217
28650
24413
25378
25016
26332
28262
23733
26894
20013
28236
26708
22828
23500
23852
29409
22913
24874
23412
23349
28011
24458
27266
25233
24716
25400
25338
22849
24359
24241
22757
28014
21279
23878
20614
22024
25899
25147
25943
21073
22358
24079
19628
24519
21462
21817
22201
25120
24700
23910
21908
23127
24869
22818
23968
23568
19676
26948
23479
25444
24200
24048
23051
22402
24365
29194
23575
22200
25058
21346
25224
26766
24163
23884
24437
21883
23274
23227
27536
19832
24144
25442
21950
24912
20130
23446
20097
22483
26492
28268
26048
23341
24566
24010
26311
24391
24305
24744
20535
24931
23863
24339
30098
25311
25581
24251
23498
22019
26515
28562
24854
24975
27007
19817
31087
24521
26225
25120
25171
25552
28287
25113
26051
27667
25632
20332
22119
24113
23814
26068
22331
24009
22871
27324
23319
23054
26049
24593
25328
24123
23838
25237
24264
21897
31208
25091
23067
22046
22242
24487
21539
21535
24916
24040
24540
20185
25590
23323
25662
22811
24897
20238
21537
22370
21008
28328
25634
22379
22180
23948
24676
23038
23480
26226
22591
27980
24889
24472
22954
22231
24356
24953
23950
22433
25244
36620
24935
25938
27309
20951
25845
27047
26602
26233
26628
25336
25362
24014
20342
24517
27361
23108
25036
23564
21551
25886
20947
24202
21027
21066
22588
25878
23700
22828
27315
22063
23378
24412
26476
24397
22251
23534
22801
25977
27971
24507
23345
24016
24348
25274
24397
23373
26708
26115
22502
20637
24619
26550
20544
25913
24670
21174
26685
22935
22037
22544
23818
29066
25989
22111
19432
21303
24453
22568
24646
20973
24812
24686
22018
18787
25253
27849
24443
26054
27432
20887
25969
25502
26878
27289
23193
26965
24056
25509
26009
22117
24146
21882
29606
25001
24513
24896
20554
25392
26700
23501
21585
25731
25251
20950
24845
21429
22819
25019
28180
24125
27231
23764
25443
27062
23230
24289
25863
27808
31673
24148
22706
21701
24512
22851
19657
22149
21714
26269
22629
22660
23269
22842
22767
29321
23103
27864
28363
22855
29240
24401
24756
22823
22092
31506
25982
23612
23912
24782
22441
28348
20034
21895
27589
27677
20727
25416
24637
21614
23837
20809
23799
25885
23736
25483
21413
24285
25791
24365
25680
24990
24013
24824
24535
25347
29221
23974
25649
26778
26919
23168
23517
23137
23992
21067
24163
21902
23657
22446
24145
23296
23419
22734
23405
21974
22034
26961
22566
23048
23013
22546
21346
22271
22420
22419
21528
26885
30077
23313
28798
23279
23762
24079
25879
24519
23900
25949
22727
23012
22384
28639
30432
22096
20804
22370
25755
23325
23544
23645
25324
25477
26558
26398
27067
23755
25895
29109
23775
24724
24278
25406
26128
24311
25992
24314
22183
27605
23503
22708
23555
22882
23050
27440
21162
21854
19797
25085
30179
21646
22628
23039
23636
27612
21976
22302
26179
23629
26882
26351
27145
24298
28320
27142
22628
23068
22922
24531
23023
25664
25970
23016
22124
28398
27051
25887
24602
27620
26448
30060
25786
25086
24465
24685
22700
24156
22466
28605
28262
28401
23826
24553
23818
27435
60808640
 Average Time : 23753 Minimum Time : 18249 Maximum Time : 42640 microseconds 
 Client 2 Average Get/Set Latency = 0.023753 seconds 
 Throughput = 42.0999 opertions per second
