51645
65259
88635
50349
66289
64989
52394
70432
57822
41792
57887
54314
47821
41411
64271
49668
37337
51073
48518
49363
69308
35373
53554
62656
58926
49316
69186
41806
65838
52781
58031
46483
48200
41671
51909
43070
60546
52045
76748
44763
58262
55482
43551
58962
39486
37669
41223
48031
53318
58203
51626
56768
82644
44832
38456
71372
69344
43974
47882
45852
45594
62991
52968
64269
45185
56353
54685
61069
54674
51228
58364
53260
64316
35020
59943
52432
54297
50789
55394
55885
61963
35605
61690
47233
56066
75047
49202
33829
54703
60067
46746
51656
55524
81214
54793
55455
60028
65247
58440
43271
38230
62378
61310
51806
47377
39715
74596
40881
66069
53380
49285
45849
55747
71541
43435
85908
52906
50624
47705
48097
36495
65719
38435
39680
41864
58320
48765
39295
39045
77152
60455
43396
33373
50434
60414
68213
47888
64797
51255
53047
44678
57413
45715
48043
50740
51115
64060
66071
50148
52474
59089
82584
98939
69924
56820
67963
59270
62990
48834
71952
63906
71280
97733
61222
62644
77782
73077
55147
68922
76255
95995
121891
47589
115232
91867
79990
94139
65664
70435
55392
108326
74818
68045
88825
99398
90692
49226
79992
56282
121435
75712
101551
83429
78462
63525
67978
77273
72696
40443
85458
86608
63978
77436
128866
94870
91363
92678
98380
88449
90566
59923
85387
89269
112797
98102
87419
82218
102367
97952
112546
72429
66376
121063
100194
95528
103622
84078
88608
73202
70526
103473
114126
142875
75592
83903
131778
111908
114042
95027
96197
105984
56766
79239
79231
89339
90190
149140
97820
97084
95534
119116
127246
86490
79587
109636
109230
124824
64944
97229
115292
130795
86077
107836
102693
106587
87883
124743
86065
73394
95790
95500
73867
96989
101618
99980
77389
57715
67681
34592
76641
40802
95500
69285
55090
87221
110636
85697
65201
73319
140758
85349
145824
95339
89510
96013
98388
88261
89468
101412
116409
50683
51023
58878
59345
51362
50484
53192
52348
53776
42860
56431
51564
53174
47677
30052
29266
26165
22560
20517
20458
22135116
 Average Time : 69172 Minimum Time : 20458 Maximum Time : 149140 microseconds 
 Client 6 Average Get/Set Latency = 0.069172 seconds 
 Throughput = 14.4567 opertions per second
