31497
25733
21245
21624
24491
22271
21118
21302
21096
23159
23160
20791
22438
22748
20589
24916
22739
23811
23738
22156
22280
21454
21681
22842
23295
24198
24400
24538
23958
22618
24050
24523
23031
25193
23453
23671
25669
22360
21449
22315
22002
21364
23017
23833
22106
27157
21165
25010
20767
25164
22531
24621
22338
21409
24213
23540
22142
22212
24067
20428
23477
25404
24712
22596
24618
20190
20965
23228
21706
26597
23962
22476
25834
22222
22219
22173
21980
21713
20939
22151
22033
22386
21753
22170
25698
24747
23777
25328
22662
23028
21810
22870
21342
20982
22279
24797
23732
22455
22998
21861
23049
21707
23799
24457
23107
20982
20722
22508
24310
27107
23135
25285
26028
21676
24953
22789
23729
22229
24761
23231
22673
21706
24604
23342
21483
27127
20327
23224
22123
22988
22265
22459
22331
23611
23514
24412
28154
21145
21631
23583
22703
20888
21637
23045
22500
23913
23150
21940
25961
23569
23949
22533
20891
20426
22852
22763
22358
25781
23310
23903
21659
24483
22154
22863
21007
28262
25324
23584
20013
20486
23174
22786
25796
23073
25047
21960
23515
23855
25790
20447
21505
21789
27862
22310
25253
21311
23609
24354
24107
25282
22895
21143
21103
22305
23694
23101
22740
21997
21421
21654
23552
21429
26774
26431
25680
22356
24105
22205
23369
23660
23307
21152
26745
25031
24125
23371
23012
22310
24391
20955
25571
23264
21562
22563
21114
22667
24600
22526
22444
22513
20459
30189
25007
22183
21999
21242
23590
20429
22429
22430
22231
21414
21772
27115
22503
23133
23773
23878
22368
21427
23667
22595
26073
24692
24022
23125
22003
20881
23024
22696
26353
20437
22679
24947
22954
23843
21867
25672
22311
22766
21560
24781
22024
22763
23963
20636
23194
21432
26135
24669
21546
21880
21669
21582
20555
23149
22103
21937
23079
21799
23019
24695
21632
22470
23320
24112
23306
21781
24032
23562
21213
22485
24240
27348
23635
24171
24264
24287
23015
22080
21831
24753
26552
24478
29344
22398
24962
23792
24323
21316
26782
21221
22122
26559
22390
22558
23180
24469
25556
24983
22404
20936
22184
23956
21876
19956
22069
22223
23275
23372
21566
23020
24418
23572
22473
22875
23247
19924
21985
24406
21676
22762
22332
24391
20926
26022
24595
24177
22466
23708
23460
25097
21947
20884
23333
22831
23964
20914
22593
21109
21583
28115
23144
24287
22133
22649
20930
20936
21708
21979
21602
21108
22865
23644
24556
23267
22391
25370
30253
22494
21867
24732
23198
26080
21330
21742
21924
21324
25706
21547
23197
23673
21052
23908
23465
23355
22507
22551
22483
23103
24574
23323
21139
22498
24369
22816
24451
22666
23476
23360
26523
21992
23844
22799
23312
24217
21336
21865
24834
21790
21833
23513
26173
22215
22690
25249
23437
21564
21693
22572
21281
22497
21736
26063
22840
27577
23242
24349
21734
21351
22453
21638
23920
21891
22112
28731
22537
25546
25443
21859
21590
20527
22670
24051
22118
22295
21581
22685
26913
22532
23346
22655
22583
23367
25016
21762
22884
20981
21139
24048
25039
23452
22346
23954
23236
22610
24349
20640
27646
22649
29052
23151
24125
23892
27350
28623
21266
22357
22766
20657
23817
23570
22835
21497
22942
23074
26033
22778
22826
29642
21806
28087
22618
25651
21695
21549
25687
24047
22281
21487
20646
21479
23418
24993
21216
22973
25053
25984
21458
21895
22574
21092
26668
23238
23655
20758
20905
24284
26292
22562
21782
24077
24181
23398
22105
24168
21628
22914
24010
22522
22043
22343
20913
24446
23172
26386
22902
21988
22408
24310
24725
29425
23435
22519
26167
23964
21110
24167
23390
22300
22090
21973
21301
21918
22604
21896
24178
22635
21381
24312
23256
26948
21750
21955
24620
23787
24538
21080
21934
21249
21663
24298
24704
24419
26544
22766
25391
23206
23390
22949
20906
23254
23328
23840
23720
21505
24087
23595
23582
22452
25731
21589
21237
25352
25318
24057
23874
22898
23584
23715
23867
21919
22996
23186
22047
22063
22376
22578
22988
23384
22340
20759
24272
21541
24634
23324
22352
22485
25119
23162
25736
23401
26328
29957
24220
22850
23792
25424
25227
25054
23290
23728
23296
23099
24427
26763
23158
23614
23206
22028
21922
22772
23719
23330
24332
20878
22820
23364
22627
21128
21385
25360
21131
22563
26490
26451
22161
27915
25649
21532
22348
21549
24652
23637
22683
26368
21888
23092
23204
22252
22804
21857
21414
23122
22623
22250
24242
23347
22781
21874
22119
21721
24052
22331
24134
24107
22586
22691
20957
26341
21886
24456
23555
22607
24206
26818
22987
25431
26127
24919
24608
23257
25205
22430
22596
23163
21312
22939
21817
22656
27220
25365
23154
21717
28455
24694
24587
24351
21930
24642
24889
20606
22021
22653
23089
22602
21718
23238
24471
22024
26350
23589
22500
23559
21032
24278
23866
23585
23117
23436
22589
24935
25348
23648
23121
26008
25721
25257
25253
23730
22390
23765
23343
23352
22850
24813
23792
26112
26849
23046
22859
25076
25726
25721
21368
23950
25109
24895
24633
22434
22892
23976
23658
23218
21065
22048
22238
22380
25461
25638
23771
22764
23089
24433
23602
23433
23818
24102
23139
23583
23791
24436
24123
21298
23383
23616
24353
22439
24069
22382
21800
23178
20738
23872
22483
23055
22299
22775
23391
23793
23394
22604
23012
23301
23277
22358
24516
21725
21717
22188
21214
26077
24915
26090
23211
23924
23166
21984
21410
24488
20624
22143
23798
24213
22840
27424
26884
24950
22211
22584
23095
21278
23401
23868
27996
30203
21824
23693
28369
24655
26345
23732
22826
22199
22636
22819
22402
24666
27719
23360
22098
20775
22760
27063
23045
23202
21134
22424
22750
21901
20543
24042
21917
25406
24700
20897
22509
22292
24832
24807
30793
24194
23541
22459
22388
21489
22506
25330
24458
24415
23796
24257
21897
25860
21712
26065
25418
26550
22149
24129
23970
22852
23873
25154
23821
22822
21953
24705
22081
24555
21808
25183
22888
22453
22997
24713
25115
23682
23948
21493
21945
23580
23600
22794
24854
23137
22951
22739
21772
28260
24229
24330
24136
23786
23174
22311
23503
26212
23881
22764
21471
21639
22207
23893
23430
23375
30801
23072
22322
23068
23119
22405
20925
24501
23547
22833
22633
23610
23842
21797
21422
24326
22889
24174
25747
22500
21808
24169
23549
23951
22265
22666
22265
22790
21430
25725
23156
24944
22367
22564
27834
22409
23682
22566
22981
23642
23162
21991
22114
24335
22896
25931
26530
22467
23423
22303
20594
24444
22295
25167
22272
24943
24097
21281
21807
22975
22954
24609
21369
22228
23393
22107
27917
26697
21789
22790
23236
21776
20719
24527
25380
22656
22424
24040
23540
22673
23262
21697
23447
22997
24069
23690
23159
24021
23358
22276
23242
22779
22196
24318
22306
21892
25442
22734
23615
23314
22844
22535
22545
24009
31108
21471
22884
25194
22417
26755
24073
21668
22593
25023
23959
21606
23650
23239
24059
22192
22346
24186
26548
23254
22198
23720
21501
21380
25271
22043
23948
21799
22047
22007
25577
21256
24462
24116
22013
22761
21710
26001
23192
24082
23833
22702
24707
24014
23299
24232
23293
22010
24049
22531
22681
21352
22286
23073
22635
22238
25770
22018
23736
22371
21124
22334
21921
25198
25178
26809
22005
23034
22128
24527
21889
24319
21827
24081
23600
24392
28010
23681
23269
22576
23261
25903
22570
24248
22212
23921
22422
22804
21776
22940
23209
22321
23161
26498
22280
21655
23689
21204
23410
22225
23927
22579
23075
24521
22556
23534
23621
24045
22825
22783
25788
22157
23690
21482
24446
23596
23072
24811
24348
21606
23132
24368
24600
22573
21319
23803
25140
22668
24625
22283
25810
24578
22531
24587
22143
24475
23474
22037
23932
23488
24661
23168
22211
23419
23807
23913
22244
22578
24067
24752
27401
21017
22703
24669
25609
21484
21096
22816
22458
24727
27839
23896
20872
21874
21605
25676
25405
23956
24004
22981
23394
26159
24956
22717
27453
25192
22857
23526
21158
21396
22967
24135
24076
22744
21696
23464
22917
27213
25675
24438
24245
27056
28322
26269
28720
22150
23034
24107
23237
21952
21453
28138
21744
22329
22778
23271
20852
21260
19439
24981
29896544
 Average Time : 23356 Minimum Time : 19439 Maximum Time : 31497 microseconds 
 Client 3 Average Get/Set Latency = 0.023356 seconds 
 Throughput = 42.8156 opertions per second
