51125
59547
97430
54525
62989
71884
59635
53148
51145
53193
56917
40843
71969
42884
63175
51194
59858
39230
46119
51352
30817
49212
48354
47759
58620
38820
49220
53382
45935
52898
55738
50651
71973
51636
73377
81010
47453
47123
37309
41189
41965
53547
36786
58543
63127
52682
60790
50532
57851
58799
49445
46028
57305
64261
55921
53669
37152
49769
50259
77519
32750
50273
65527
74647
53933
84120
49470
59439
54229
39961
76841
62645
67601
45584
40150
44154
56062
46434
54215
75551
60525
52384
43962
61164
55662
69518
66905
55880
62126
67559
55699
34349
75018
59772
74557
53908
58149
38772
57427
73267
49296
39913
57496
70305
44632
39953
67513
58953
62718
52993
66514
45437
39233
67608
50831
59378
43456
48736
60237
40730
48969
41762
50247
37741
48982
46656
43911
38994
63939
49875
56136
35811
41510
41375
52975
43044
45760
48727
51788
72074
70476
80464
54999
52462
38564
39950
69128
64364
51080
76773
61510
81182
70225
72911
56259
64578
77297
64561
71594
69166
73285
78846
76156
77519
71292
62490
74565
69652
62258
65301
58798
62106
52435
77097
99352
69008
86663
76940
105963
74287
122231
73404
47925
55546
69260
42954
63026
74012
84212
93810
102113
90093
128603
56279
61356
83776
59734
76226
94266
109682
106605
80567
90823
111905
89964
102134
60308
96183
72309
98080
71548
87478
93891
103022
67133
98696
66412
60743
81695
126725
83462
142339
113150
72165
107909
121028
66072
113273
82361
142198
137468
118559
113467
72982
126982
82109
94099
135288
131733
87382
76655
85031
70751
91093
141358
117246
115615
74692
69182
110772
52647
74649
121462
95333
131371
105338
86792
82484
57544
83526
111510
93231
100858
81293
156088
113271
97348
81048
98022
120033
93424
130659
128474
111218
66500
43486
51149
57723
44394
37387
92198
65325
91261
86205
64762
139476
132830
88948
92445
58438
75868
53215
90629
92842
140443
102799
107472
135730
63621
66211
101720
58124
38314
38433
55794
40289
63509
43034
56155
40803
43757
29596
40158
26614
37040
24531
25799
19086
17229
20670
22165326
 Average Time : 69266 Minimum Time : 17229 Maximum Time : 156088 microseconds 
 Client 1 Average Get/Set Latency = 0.069266 seconds 
 Throughput = 14.4371 opertions per second
