32258
31429
33701
45082
27227
52965
35688
39116
36850
29148
34169
30448
32468
34216
45204
36322
30317
31983
36511
33191
27696
36144
32789
36891
40057
33292
38879
30617
34717
29894
35887
30790
41247
32419
30598
30160
36356
44148
38173
36411
40699
37303
30049
35068
30270
30637
29407
29645
38826
31578
43541
35130
36368
33348
25970
35111
32237
40369
43447
37195
34997
30979
30612
33693
33452
37023
37933
33598
33075
33695
33204
34630
32254
29554
38159
42257
33009
38284
34073
34273
33488
39716
32849
32720
31678
33319
35605
37173
33910
34055
33470
30108
36210
33755
32926
35184
35070
33989
27065
33117
27554
29397
31110
32822
33419
28700
27969
32877
32622
31430
30325
45777
31779
32022
40043
31877
32695
26383
32076
29687
24756
33414
34701
32514
32105
29007
36348
46031
26547
40090
32794
43653
37982
31248
35735
35273
27752
42541
27463
37182
32343
34184
30676
34222
30029
31574
35476
35227
34726
34509
39178
33171
31922
33931
36944
31359
26083
31081
27074
37663
28042
31654
33037
31823
30625
33522
32090
35629
34659
35392
28795
36043
25059
29026
30588
33153
39776
31674
36889
34928
37455
30692
37076
35512
32181
27499
31066
38302
31833
34496
35931
36258
39144
30358
41150
35631
34560
27393
45851
36699
37817
44722
32703
29646
45462
37528
33480
33556
40730
39273
42042
35800
32029
30599
27936
26482
26635
29064
32180
38127
39704
33246
31468
32456
32672
35184
30721
34222
29358
37720
30550
29903
28357
30724
33764
31949
32220
30800
40303
27884
36245
39347
27366
30744
33623
31840
35829
32226
32254
46020
29264
36173
43131
36806
32567
36058
39296
36858
31501
35205
32661
31577
28559
35508
30453
35696
45614
35247
30075
35843
38306
37531
26519
28342
33349
31984
34785
35037
36284
35915
35606
31207
30651
29970
49949
31411
34626
38612
31258
34354
29864
35594
34754
40167
27785
28446
38299
44563
27663
31863
28993
35985
26227
30906
30966
28274
41337
34389
35478
35244
30397
32799
35315
36700
42044
38562
28402
35012
32250
35241
35944
29687
40267
30538
33592
30603
33651
28751
47258
33605
37044
31124
35604
34530
32397
36231
32153
45057
31667
42566
36129
37814
29767
30798
31433
30561
31975
29789
37636
37080
36783
35486
29829
33811
27050
31342
30570
32551
37503
30719
33929
26397
31587
28342
30975
32536
32585
30294
32067
32405
41050
27627
34962
34430
29639
27564
30492
42507
30807
28844
31464
36387
37588
36438
34317
38694
30139
40682
27145
40119
31093
33825
32103
32489
36216
31648
32761
34758
27467
35891
34808
32862
33945
29426
28625
33230
29868
35274
40111
38207
34654
35027
36010
33192
34164
46676
28159
37604
37035
29256
28011
27995
32911
34024
29478
31323
29902
36034
32116
37854
30855
31288
35767
38758
37961
35320
41123
35576
30525
36518
41580
31859
27640
26933
33560
29543
28647
34300
32978
25438
28508
27025
35220
36505
31507
35767
31773
28390
42287
34881
35357
34828
33294
29628
38828
31438
39000
37044
29285
34370
37761
27760
33978
40815
28893
34117
40243
39236
35316
31344
32258
32709
30335
42211
30461
30417
34710
35906
26074
31226
31983
30508
30854
33977
35563
33579
38726
27898
32215
31852
34603
26256
35992
32089
30697
30730
29215
36318
39793
31517
31994
28073
36705
33836
32978
40146
38598
34974
42558
33309
28764
28615
30621
37441
36594
28396
32078
36172
33901
33412
32127
30187
26924
42925
31304
34739
28209
38074
36922
34568
39504
34890
28383
30681
31754
30924
33289
36841
29694
38600
40366
31713
26806
29984
28215
32851
36493
30269
34564
30575
34310
37455
34663
35253
33987
34612
35703
34566
29703
27375
33621
28754
37403
29810
37227
30723
33176
37650
39388
29206
31719
32586
30902
34548
32547
41951
29498
37984
30201
32994
30019
36400
34832
30076
31438
33335
38806
38152
37237
31112
32765
28978
34399
33777
29376
32671
29217
41629
33781
34951
32928
32948
32677
36952
36240
33100
28681
30556
35119
29854
28354
27426
33079
33715
30053
29553
34587
37686
31338
32888
35388
31903
35982
37482
37880
36484
35884
31678
32124
32112
21607032
 Average Time : 33760 Minimum Time : 24756 Maximum Time : 52965 microseconds 
 Client 3 Average Get/Set Latency = 0.03376 seconds 
 Throughput = 29.6209 opertions per second
