21604
24069
26148
22042
21372
20062
19643
20067
22656
21857
21640
25220
23136
22655
20121
22369
23616
20297
24558
20782
21590
19721
20589
22476
22462
25510
21350
20194
23197
24659
22454
22655
23021
21894
26586
21490
21600
22807
23688
25516
25519
25792
21966
22965
24382
26555
21412
25802
21830
25965
31126
23928
22128
24874
20185
24217
22537
23273
23854
22692
26743
24680
22161
18924
20550
20536
20084
22943
20250
22198
18784
24399
26758
27590
22925
20610
21415
22581
22261
22702
24308
24148
27014
25001
24636
21065
23710
23117
24756
22198
19392
23447
20584
22536
21211
24159
22555
24642
22045
26087
22434
21355
22324
20885
24137
23858
20906
21012
24081
18410
25253
23276
22350
21216
24017
25896
21475
23597
21007
21785
20993
29717
20902
22877
24982
21930
24499
25751
22046
22777
21352
21476
23568
20737
22078
21508
28095
26942
24156
25042
22434
24644
23887
21248
21930
21442
20624
22322
23114
25083
22625
19482
20542
22910
26576
21609
22617
20768
21776
29800
18544
25282
21380
24623
22057
19933
22722
19187
21039
21997
24489
19915
23687
22762
21001
22377
25327
22526
23348
21307
21292
23348
24842
21260
22440
22701
23287
27182
22711
20230
22172
22068
27993
25544
21343
23428
22941
26723
24405
22539
19823
28419
24205
21512
21527
20902
23772
25414
22032
20774
19537
27558
21273
24844
21817
24722
23205
23579
22291
24293
27123
21276
21554
21812
30766
23364
20602
25354
22294
21041
20897
20443
21799
20408
20721
26400
25349
22691
22855
23410
21824
23922
23126
23414
21300
20657
26991
26533
23533
29824
22647
25512
21308
25985
25694
22811
27556
23890
25322
21649
24176
28753
21396
21205
25612
22576
22998
21946
20439
22927
25777
24961
28280
21902
21152
24134
21668
22419
24559
22557
23220
22413
25967
22233
20829
24867
22455
22200
23908
22168
21313
23745
21244
24616
22937
21378
27125
21880
25518
21888
22671
22726
22906
24610
23219
20845
20523
20204
25367
23979
24515
25111
22625
20245
21450
26871
25321
22514
24006
18679
22533
19774
23266
22549
28515
24367
22855
22055
24123
25138
21658
23986
25768
23900
22303
20402
25744
25072
21010
23871
22106
23116
22227
21823
24227
22208
25650
25576
22025
22077
22066
18601
22163
25770
19645
23233
22804
24660
22164
22437
22608
25059
21960
25673
26570
23328
24994
27893
20163
23068
20463
21862
22761
22372
27328
18818
24333
21029
22208
23274
29022
21504
20836
20834
23433
25249
23494
21714
24110
25907
28733
22636
24071
24819
24885
22370
22911
22929
20771
23277
18704
26213
24193
21686
22069
21716
20766
26992
22560
25879
22827
20028
25558
26192
21892
25629
25196
23097
20537
24099
20825
24382
27128
23394
21753
24234
20219
26021
26027
21106
20950
19192
22489
24362
25453
27900
21060
26096
20542
25315
23605
22210
25593
21926
29999
23307
21387
20217
20360
24231
21938
23748
23026
23695
23939
27569
25424
24216
23503
19346
25486
23986
23523
24940
24550
25312
24457
25250
21827
22547
24266
19122
21109
25844
23786
27545
23472
22597
23754
20933
24230
25996
22002
26331
25670
21569
25008
21039
22592
21498
20579
22896
26236
21545
22586
26333
21553
26413
22418
20832
24921
22778
32244
21480
18705
21035
24184
25236
25405
24648
25922
24907
21894
30625
20894
20660
26226
29587
22505
22376
24700
25017
22104
25033
23371
19761
23187
23770
22795
23133
22692
22169
24341
24386
26774
22001
20600
22859
21987
27300
23029
27541
21491
21934
23582
22043
24001
22043
23527
23096
26203
20132
20640
23894
24046
26151
22891
20667
22636
19959
23370
27540
23760
23226
25326
20571
25142
23914
21610
23377
21685
23857
24413
24195
20557
22012
25635
21378
24698
23353
25752
24157
29096
24627
22573
22713
20805
22610
22700
24815
22493
22752
27246
22185
23736
21752
21744
20568
24335
21851
24173
21273
23686
23524
21672
18751
22317
21186
21766
25135
28812
23339
21191
19756
23497
26352
22603
24472
21448
26173
25987
22367
22021
21483
21795
28388
21733
22192
26935
24446
22299
22462
22576
25218
23580
23992
24196
20186
21350
21850
22963
26212
20035
22500
20782
24911
27477
22587
23618
19322
26312
23802
23211
19495
24916
22176
24614
26703
21396
22360
19467
22044
19173
27877
21568
21613
24072
20001
23872
24885
20160
22275
24914
28490
27109
20349
23562
22635
23003
26704
23470
21973
24087
24417
25368
19776
23115
21867
21744
22251
21102
25493
24750
24656
22517
29602
22952
22783
21703
27416
24289
24513
25001
24601
26500
25297
20220
23181
25627
21433
26996
26520
23182
25621
22755
25204
24488
23244
28842
22035
23819
26920
20848
22538
20894
24170
21916
21739
22090
20418
22727
26487
25240
21209
21698
23163
23906
25933
25864
21471
21896
20934
22585
25173
24126
21770
25803
22726
23543
21827
24158
22355
23509
25621
25299
23890
24452
24539
23902
23497
22577
25700
26081
28462
24865
25154
24605
24123
26004
26594
22339
26290
22060
26909
24659
22598
25757
21095
25944
23381
24816
20876
22670
25273
22016
24406
26162
23927
24489
20496
24374
20978
22241
22856
25141
28104
22815
22100
23325
24067
21226
25736
23062
23608
23499
25222
23259
28069
24662
28200
22045
22705
22890
21620
21263
27276
22817
20326
19210
25064
22606
23347
21753
23103
22974
20415
22020
21691
22384
22255
23618
22734
22922
21909
23935
21223
19796
22814
22147
25547
21665
26079
28365
25934
22027
20708
21481
23540
27684
23191
19673
22023
22616
23934
22945
19256
23189
23755
24246
24821
22492
21513
21357
23705
27158
21428
23779
23057
20802
26237
20355
25828
22089
22799
21829
25640
25339
22689
23307
20196
23971
22196
23077
22993
23317
26665
25193
25872
21035
20773
24366
26136
19771
21978
21305
21599
21509
22377
20078
23911
19335
23828
26423
24331
20701
25154
25692
25389
20612
20147
20831
20999
24080
30564
23063
22370
26234
24005
24104
21409
22321
28319
24196
23570
23257
21729
25577
23240
28615
23882
21117
19026
21953
21214
28059
20790
26702
23458
20392
24835
24178
22298
23666
23919
21570
28186
23787
25024
26889
30300
30854
19730
22310
22872
26516
25822
23835
24926
24018
27793
28616
26355
22307
23839
26152
25667
23495
22511
23398
27320
26084
20887
22363
23467
24023
26115
23204
24624
21438
24310
27897
21465
22998
24396
22311
27356
23971
22978
22456
25496
23886
19298
21854
21971
20292
23437
25292
24639
21099
25016
24438
28177
23992
20798
22631
21544
29227
24365
25189
22663
23281
23186
26558
22000
20766
22845
23973
23060
20562
23305
23231
21545
26019
27680
23272
22331
23075
23538
28430
24747
20345
23754
22008
24960
20405
24780
21854
20892
25158
20194
28990
23020
21672
22464
20661
23158
22810
22739
23997
27538
22667
26242
24212
21908
26329
22880
28905
20762
23925
26428
20650
24003
21791
22782
24453
30102
21266
21970
22696
23857
26329
24818
23319
23182
21884
27518
21631
25547
21421
22581
23222
23752
24977
23256
21555
24678
29626
22007
19875
26529
23449
26822
21277
23211
22121
20122
27268
21279
21761
23034
23089
25159
20963
21479
20204
24866
21213
27037
24654
23370
24862
24127
29709
22834
28479
24069
21520
27231
24992
25782
26544
23567
27719
22245
20478
20064
19256
26532
21322
24909
23166
21777
22945
24878
23010
24270
27191
24021
25144
22240
22627
21537
22780
28203
26917
24587
27238
25971
23999
22451
25747
25816
26543
24826
22982
20602
22121
20771
24024
26950
23668
23292
23508
21641
23495
23562
21449
22013
22028
26804
26243
24637
18045
23852
23311
22370
22113
21962
19435
20310
20724
26429
24046
22213
25015
25297
27945
22722
24939
23549
25451
22522
20869
22070
22908
19256
22252
25486
21151
22105
21919
23509
27364
27226
24796
23676
29538
24956
22494
26815
21398
22529
28046
23624
22869
22414
20848
22459
23927
26950
26653
21717
31211
20731
26078
24224
22277
30699
21136
23884
24178
23775
24030
28121
26677
24124
24200
26120
24072
22549
21221
23113
26953
29858
24900
22951
21727
23037
22408
27098
23462
24759
22987
25604
24825
23180
21723
25087
27862
21571
20424
21670
24530
25325
25206
21266
26844
24660
24634
23118
21886
25319
21989
23017
30595
22019
20623
26137
26400
24338
26531
23870
22061
19748
25382
23395
26691
22083
23243
26760
22483
20105
21712
22712
24914
23061
27074
24759
24025
22381
25700
21130
21477
20717
18395
27363
25578
24079
25364
20903
26158
23272
26490
22491
25251
22990
28640
24846
22050
22142
23048
23791
21432
23695
21537
23534
27034
21231
26996
22308
20729
23668
26703
22783
22706
22685
23543
27713
21368
21220
21931
24452
27001
22164
21436
24063
23758
20966
28297
26438
27214
22475
22183
23535
24692
21049
21740
25996
25362
23934
19851
25874
22738
21702
20836
24337
25996
25815
21306
24934
21410
23244
21703
22191
24719
20617
24587
21417
22234
25115
25529
22898
20177
20230
23976
25967
25360
23440
24478
24127
28006
21360
21988
26009
22307
25326
24143
23954
22944
23538
23093
26114
24191
20092
25976
23038
26710
22126
24689
25007
22924
25783
22591
24120
23180
21412
26342
20202
26333
20538
22954
22838
23753
20917
25514
21952
26380
26362
23739
19750
28601
24195
26820
25776
24269
25704
24392
26618
25775
28441
28908
23009
27773
20041
24536
22233
24431
25198
22389
23064
26000
22343
27952
25681
21497
23145
23417
23533
21818
25113
23898
22324
22336
26141
24975
21503
24359
23400
25440
23589
23978
21756
21926
26009
22766
24772
27262
22301
21695
19252
21791
20065
23461
20767
28193
21170
21674
23770
21288
22106
28389
21827
22880
25186
23865
22929
19254
20932
24611
20034
22745
23956
21906
24025
25915
20966
26459
20052
24343
21142
20325
22931
25056
24849
28053
25740
27262
24293
23985
21518
25081
22716
22569
22358
25994
26201
22186
21733
24883
23381
24804
21889
26658
24839
22693
25322
21750
25436
25312
20965
21403
22248
23740
24226
21595
24402
21936
21063
28976
26183
25432
21610
23986
26224
23800
21904
20884
19729
20066
29326
23802
27798
23984
21538
28960
26813
20626
22223
24607
25577
20244
25178
21617
19879
22221
23679
23591
28800
27680
26504
21982
21624
24687
21654
18852
26956
21409
23911
25781
23729
31851
20532
28294
23754
21085
26831
23397
25538
25871
21848
28687
24266
21391
23937
27104
24391
22123
25479
26317
24464
25356
27085
24150
28777
24930
26196
20901
26120
25013
21358
27289
23349
23590
23037
21331
26685
27305
24588
23602
26732
28176
23059
23537
23192
23424
30727
22732
24778
21961
24519
26339
24498
22052
21579
24310
21831
25003
21518
23836
22640
28104
28074
21717
25773
20199
23031
29413
23653
25601
24934
27192
24853
23287
20791
19805
19129
21790
25575
24075
25105
22479
25523
23365
23716
22699
22565
23145
24544
21062
21007
22352
21628
23726
25569
21952
20257
19900
25667
25614
22519
21093
24710
24798
22940
24355
23060
22710
23263
24999
23223
22871
26729
23047
21876
27312
20103
24172
24814
24619
24932
21482
23181
24959
23497
25194
23755
26217
24231
21661
25078
24917
23962
22608
21445
22724
29071
24868
24807
23385
21821
27747
29960
25648
22549
22802
26536
23735
23815
19694
22150
26193
21139
23275
19627
22066
22366
30500
18611
26203
25541
21704
26953
27672
24376
22202
23109
23553
26266
21322
20853
24274
26794
22320
25037
22830
21970
21460
24179
22957
25219
25324
29851
26194
23158
26706
23289
24549
25222
22581
21565
22816
24487
27690
22557
23709
23833
22757
28368
23627
29358
22710
27143
31063
21840
21702
20713
24649
24521
24456
21376
21220
20827
20573
25867
22761
25244
24352
23669
23265
23009
21906
22579
25189
24687
22490
20144
21118
21622
23425
23799
22102
22683
24761
20374
28277
22870
23241
25383
24024
19988
26175
21218
21704
24374
20100
32239
26340
22742
23549
26306
24857
24595
23334
20750
24261
23930
22900
25483
28923
23944
25307
25206
24057
25100
26962
26337
24341
26408
26985
22151
29829
22548
28019
24720
25323
23812
22228
20405
23283
19741
22787
23766
26147
24970
22124
23206
25141
26089
27750
24279
25934
27195
25687
21916
22955
21079
24239
24698
20801
22929
22643
24640
24517
21096
23225
27878
29380
22117
25113
26265
23474
31522
25129
23675
27518
23998
28265
22434
26411
21619
24388
29688
26270
25910
23869
21952
28366
26405
25323
25109
20851
25972
20007
21515
23056
20114
27148
22492
25576
23550
21983
28448
21952
22643
22553
21669
22420
26262
23316
27933
22263
23496
27377
19655
22144
22657
21961
26034
23250
25456
22471
23301
22691
23687
19227
22990
23768
25792
26841
21333
23244
21219
23134
22481
22984
20696
24707
25634
24903
25221
25094
21609
24370
21405
23641
25283
22377
21129
22562
27029
29511
21270
23538
26549
21035
25963
24404
21978
22781
20626
25607
23490
26606
24094
24778
26473
21789
29466
23344
27116
29022
24568
22792
27071
23105
26534
22938
22984
29035
24883
24755
23826
24542
26131
25854
28407
26331
21430
26017
24818
26889
23814
24324
24418
25043
27976
24099
27130
27122
26501
26474
24263
23770
19814
21168
24998
24959
23741
21826
24339
23439
22176
25866
25722
22956
25362
21640
21661
24256
24873
22098
21498
20181
23741
24866
27709
28185
25855
23386
22055
22701
28394
22361
27255
23986
21410
24640
23698
23400
22856
25018
24162
19141
21720
24236
24655
29087
26836
25610
24153
24609
27057
26194
24324
20695
23203
24840
22516
26782
23338
30129
22819
26565
25316
26754
24581
29119
28386
26320
22836
20900
27217
22923
24522
23143
20932
26532
26046
23831
19359
19256
26236
24507
21520
24769
21220
25630
24787
27356
23047
21829
24631
25950
24438
26453
24388
25529
27234
26337
26714
21981
23989
27989
23755
23921
25136
23033
25393
22559
23856
21639
22941
23675
28108
24637
29222
22538
24681
23430
22676
26133
24223
26086
25936
24390
24536
24220
26449
24160
26075
24006
22985
23405
28795
23800
25195
25385
25930
26645
23899
20987
24905
25599
29783
25195
25476
23369
25714
30427
28706
25291
22486
27279
27032
28035
25051
28474
30126
22143
28791
20555
25076
30729
25995
21346
25094
27077
27306
22647
21758
22230
25818
28242
24303
23857
23683
23716
23943
24852
25890
26007
25882
25840
25504
28881
29181
24908
21287
29129
23708
26089
22877
26316
26596
22869
25477
24887
24468
23761
24889
22450
22660
31598
21606
25600
26930
22640
22915
24579
24718
25063
22018
28130
22499
20449
26180
26614
27441
21908
23108
25814
23391
29634
24570
24884
24616
22709
28859
24092
24805
25500
20896
30427
24945
25274
24666
19496
25759
25667
22857
25108
20839
25264
25369
26407
26230
25166
25596
23815
28274
25090
21592
24437
30203
25357
23245
24217
28030
27126
24305
26417
26451
26221
21873
24830
26460
26311
28380
29332
25117
24835
25759
23381
23440
26982
29479
27442
26751
22393
24803
23872
27974
21411
20703
23633
21013
29439
25746
29294
27251
27396
26170
29491
27856
27639
29566
21230
27311
25997
22122
23932
25271
23321
23137
24642
24593
24806
21931
26107
24082
22196
31555
26525
30014
21389
24313
24871
24534
27710
28009
28364
23805
25057
27330
25124
27993
25846
24314
23306
22906
30223
22866
25830
25314
26831
29993
25810
22418
26790
26399
24482
24185
20982
28455
28212
29406
20389
26736
25062
23029
24817
24655
24355
26001
25523
27579
26670
24580
27394
24933
25551
25805
27805
25789
26525
26471
22937
23051
29969
26800
26447
25396
22291
20759
24811
25656
28141
29290
24897
26071
25145
24320
26927
27674
27017
22211
25282
26807
23908
25350
30791
21352
27971
34366
21391
22773
23124
22996
30763
23458
25229
29301
24942
29430
26611
18613
30961
24179
27311
21786
26571
24293
25506
28594
21874
24380
21129
23521
27740
27835
21713
22717
23066
28053
27553
25926
21904
27177
29636
24285
24374
28092
22812
27818
26270
25855
26307
29355
27521
24720
29301
28974
26634
26434
24006
27333
25839
21770
27099
25576
22693
27891
25793
26592
26722
27753
21393
24305
22564
31186
29001
28771
29010
22460
28310
22901
22141
22268
27963
23906
23391
26277
27235
27453
23127
27110
25175
20945
28901
22762
26271
34545
28990
24018
26000
33354
26568
26539
25667
27569
26881
23140
27884
27057
24079
26836
25866
25223
25691
32119
27360
25331
26102
25261
26069
22788
23283
26104
21767
22894
28061
26105
21406
28917
27189
26477
23468
26258
27383
25468
26208
25098
20594
25706
28736
27998
25267
26705
26919
30884
24224
29186
23819
30448
21863
26284
22141
28557
26134
23321
24594
22959
22602
24683
23772
28112
24694
29993
29728
25736
25213
23244
24457
27622
28486
25912
26075
28429
22648
27702
26035
29061
26829
27772
28419
25106
31145
25909
22416
22406
28301
26554
25335
27675
20764
24318
30738
25804
26425
25680
26264
30331
29323
26109
26603
28968
33868
27072
25895
27623
28148
28585
24135
29254
26492
25458
25422
21496
24982
28761
26329
28463
25075
27017
28384
29123
26876
25512
28224
26409
23610
26439
27455
27005
25340
25876
25783
22968
22291
29550
20491
27300
21810
31087
28366
27584
28131
26509
26088
26859
25320
29515
32532
25333
22719
22778
26627
33791
22930
21178
21515
25999
29109
23938
23253
26127
24207
29543
29176
28606
25607
27313
28067
24912
25101
25830
30928
24453
28094
22670
25941
29479
27380
23595
23355
24065
27806
22945
22428
24905
24562
27217
25294
26333
26564
27765
29123
28899
26228
25304
25403
30801
27100
23484
23452
25472
29633
25959
24457
26950
28928
25043
25261
24098
28049
30663
26617
23338
24209
24671
26091
24227
24642
27891
28058
27856
25200
25698
28686
28809
23186
26393
25659
28569
33157
27979
24111
28361
26969
29152
26818
23898
24258
28816
25268
23457
23695
31329
28519
29867
23581
28360
27119
28883
26980
30091
27867
27879
23893
29726
27268
28889
25490
22948
23130
26466
30798
23725
29601
27098
27522
23347
33879
23848
27642
26048
22302
24291
24562
21243
28456
29113
25614
25059
21827
30288
19516
28263
23411
27952
28316
25122
23849
25644
24834
22900
22713
27758
23729
26171
26869
23190
28664
25867
28946
27001
24708
26871
25552
23822
31071
25157
30839
27062
27087
23847
27469
24254
26712
25070
34322
26381
26207
32781
29558
25960
26263
31800
30417
24673
25849
26240
30711
22794
27079
27348
23879
26017
23992
23423
26998
30948
28681
25036
26055
25718
30713
25825
24283
27169
25924
27744
34665
25991
25598
31407
30656
28999
27648
29688
27410
27607
26656
26378
27606
29167
24374
27366
29776
27124
28881
27892
24569
28090
27940
29231
30236
28718
31967
30381
29384
27313
33093
28698
30276
31052
28271
30052
30156
26695
31579
29216
28824
27609
28386
27911
29018
29032
28383
28672
26908
31400
29326
30431
26685
31810
29413
35174
27976
25944
25856
27676
32470
28647
26845
28871
29902
30281
27392
23885
30527
28997
29199
28456
26928
29447
34373
25281
28625
28998
24937
26815
32760
27050
26927
25347
27480
25612
28976
27395
29994
26516
27639
28472
31461
24670
34497
31459
26905
30082
32435
28291
30813
28468
33124
31029
29075
31351
27935
31540
26986
29146
27673
26715
29947
28397
26021
32249
30482
27836
27296
25650
31090
33338
29305
29121
30297
30906
29710
26932
29704
34840
29759
29998
32056
32038
27956
29195
28252
25666
28235
27039
33438
29339
33853
30456
27988
31720
27993
31355
27038
35757
29228
32392
33713
29350
27431
27832
33019
29043
31344
33397
33694
25740
28709
26422
30566
31775
30597
29826
27968
31351
26732
32851
26839
30863
28182
29302
29698
30261
28992
29918
30593
26663
27767
33703
32830
26628
28849
27855
29298
29218
30362
28152
28558
30414
26076
30930
27471
28380
26791
30019
32652
28335
27867
30421
31763
29529
25902
29959
28305
33835
28147
27162
29281
32051
26856
25885
31496
33097
29744
30575
28177
27543
30312
30040
28240
30168
29454
30355
28591
29819
33168
30346
29568
31119
29056
30518
29351
29190
35203
30190
32700
25808
27246
25831
28082
29864
28630
29964
28093
33276
32711
33544
27776
29798
28682
33805
28611
28347
31662
28367
28476
27627
30008
29524
31760
30408
31697
30842
28232
30421
32184
28006
30212
27209
31430
28507
34746
31197
26319
26958
32852
27226
29133
28531
34842
27651
28231
29889
28298
28162
27214
31711
27932
30679
34336
29324
28786
31133
30472
29153
28376
34308
28082
28708
30484
34060
25659
28457
28435
31499
28182
30971
31742
30489
31597
31534
29090
31420
29320
28672
27787
33119
33742
31781
27384
28586
30645
30463
28714
30233
31879
30236
30456
33052
33518
27069
26557
33630
30559
28615
26149
27670
29414
30085
30759
27438
27663
31309
27888
27869
31262
27744
32282
26398
28913
29073
31748
27549
29075
27551
28374
25779
28908
24150
23440
24742
23157
22956
26269
20972
29949
37142
22623
21432
26832
26426
22043
27960
25676
25065
30853
27373
29218
28656
28894
27716
27983
20906
26869
23180
26124
22675
26383
28723
26952
23559
27624
22441
27300
21614
21926
24942
30300
32773
26082
24877
20193
24557
27157
28940
23858
23982
23168
27660
24879
25216
29154
28045
29560
25952
24068
29758
29663
23597
31959
30280
29708
24975
25101
29766
22195
27501
26335
32082
21229
24749
29421
27431
24871
23195
24391
26155
23258
22898
24177
21495
25868
24181
20659
20023
27368
27497
24645
25082
23996
25768
25234
26705
24430
23261
27212
28927
27791
24091
28055
21788
30762
23455
25394
23677
24012
27902
25915
23937
25781
29855
28616
29016
23742
29185
31351
22687
25155
25815
25520
23162
26685
27190
27022
21949
24942
25780
28818
24230
22816
26215
21550
26264
23244
26527
25066
25448
25298
24973
30217
27734
22553
26535
30952
28975
26176
24131
24642
27328
24838
23388
25793
23771
26789
30053
24656
24987
23277
25865
26916
25290
25924
25306
26424
26059
30578
24724
30368
28075
24507
26899
29450
26493
25792
23814
27834
31086
27576
25863
22119
22596
25218
22633
24763
25146
23527
27002
28525
29801
28412
25577
25208
27706
28846
26059
29359
25431
26343
26031
23540
28359
26326
31745
26476
30794
30877
25278
30736
25008
24317
26642
26103
23247
30763
25119
29551
26841
24765
25669
26405
30657
25708
24086
27307
21474
22941
26513
23486
29949
25708
25027
25289
27586
24336
25897
25274
28005
25109
23145
30849
25521
28511
25334
27092
23814
25865
22257
29025
26901
29124
22905
27256
20240
26481
26440
25277
24321
28304
22176
25750
24959
27694
22969
24074
24391
28622
22525
28022
26032
29419
23307
30093
20992
31567
24580
25743
26581
23427
23645
23029
27197
27083
23839
29457
28498
25533
27064
22762
27826
23532
25745
25633
26947
24550
27950
26384
29155
33613
29519
25551
25141
34635
28060
28559
25809
23747
30933
28694
29662
31288
30477
23993
26931
26032
22357
30280
28731
29483
27378
29568
19917
23451
22096
29098
27346
25517
22742
27586
23300
29580
25931
25877
26119
26129
26056
22052
28089
28475
29873
24036
26559
24388
25466
30280
27926
27270
28201
27805
28328
25457
23329
28409
25340
24804
26284
24143
23303
27344
23584
26760
27699
28308
29367
25882
28646
24132
32644
30896
20341
24681
25866
30322
28071
26058
25316
24023
28918
28797
25550
27377
26074
25874
26060
24748
28293
26950
24587
28012
29915
28237
28735
29423
27841
27945
29266
26637
22416
27279
28844
27599
22560
27914
23848
21340
28533
23732
26721
25260
24317
27193
28718
23468
27325
26443
23746
25345
26217
28854
27795
28336
25753
25011
30680
31883
27642
23632
26442
31233
26521
23338
25990
28566
31587
24515
24728
22205
29278
28910
26410
23693
22178
29479
24394
22716
26644
23949
26087
26141
30220
24347
22886
27648
24847
24232
23834
23217
27469
20830
23044
21639
21013
23488
25044
24081
22360
22263
23528
26950
22511
22103
25235
21766
24934
25618
23538
23457
24257
23979
25276
22163
22164
24440
21656
24223
25167
22735
24730
24548
27372
24007
23465
24180
25910
24574
25653
24092
22640
25706
23609
23640
29021
26184
21543
24095
23091
22951
24670
24052
24768
27584
21611
21596
25573
22650
31712
25105
21106
23518
27031
25611
24110
25728
24923
24754
30272
24081
23748
23375
22868
23588
32367
23779
23569
28131
23279
24800
26820
22416
25487
25396
20630
25169
23394
23437
32734
24344
23926
22918
26412
23627
20136
23326
24671
24203
26285
23114
25487
24600
27722
27502
25980
24979
23149
23379
25918
26186
23126
23651
23704
27398
24271
20922
21657
23213
25377
23379
24985
22306
24599
22664
22122
28669
24487
21240
22885
30312
23010
23559
23729
24960
24864
23179
23197
24787
21253
27010
23276
24460
25073
22375
30143
23671
24381
23892
26454
32991
24258
28877
24612
25343
25483
23384
24147
25013
23869
27667
26606
24960
24387
25372
24745
23920
22880
22362
25539
21692
24166
21322
23392
23896
27414
23497
24041
23667
23317
23023
24005
24735
22181
21734
25786
20219
22535
22082
22600
21819
27753
25589
22215
22646
24299
24668
25078
23017
21987
23291
27662
21851
23755
24340
24087
26734
23760
21939
21290
24446
22267
26739
21561
21553
24506
23409
27569
23874
25966
21519
24001
24576
22699
25255
21733
23608
22258
27969
24546
27429
25212
25588
25236
23181
25479
26162
23383
22664
25246
23565
21336
26551
26287
23569
23231
23496
26656
24230
28181
25822
26877
22356
25578
25410
25043
24767
21998
27762
23267
20872
20488
22768
26193
23676
24344
24536
24495
25741
21937
26114
23807
21795
23354
31813
21632
25602
23937
25444
22377
20960
22091
25741
23582
26606
21530
25599
21875
22872
25543
22028
23923
22721
24158
20538
26074
22978
22399
23003
24352
31186
21423
24634
21447
23646
25156
20709
23027
24834
23006
22758
21924
23142
23585
23967
23252
26137
23127
25146
22621
24305
24746
20825
23985
22970
19966
30176
21579
24711
21328
24664
22252
26238
21949
24429
24780
23231
30415
24492
26538
22890
23011
25189
24944
24395
23322
21748
27169
27042
24098
23326
25407
24596
26298
24891
22486
26429
27104
23157
23494
22663
26482
26490
25909
22110
24030
23954
26341
23532
25926
22667
24547
25125
24406
23868
23199
27516
38842
26346
25283
24204
22355
26319
25537
22673
22709
23651
31625
22261
22492
21540
22031
24357
24685
29012
25131
24310
26262
22675
24241
23436
22360
25297
22164
23469
23139
21820
24397
24016
23827
23214
25734
29538
24259
22541
24482
22207
22549
28972
22721
23804
24748
24442
27511
23749
25340
25053
24528
27829
23906
24691
23925
23621
24654
23030
23822
24501
23984
28010
25333
22496
22568
23632
27706
21414
26824
25184
21245
24515
22672
22322
24697
22409
23937
30366
24240
25122
23041
20674
24683
22955
26459
24349
22721
26163
24645
27977
22122
20891
26498
26844
22310
22506
27189
25728
21861
23619
24546
22834
27212
26087
24081
25231
24354
28535
24880
23651
23825
25558
30387
24350
23123
27061
23433
29068
23941
22919
25216
27947
27294
26368
22535
21085
25501
25202
25253
27043
26712
23928
38914
26136
24406
21891
21572
26799
28312
22443
25513
23832
24203
31188
21775
25071
22955
24169
24226
23294
26980
27642
24713
24575
26772
21151
23587
26588
24231
28709
22097
25069
26865
25213
23663
23082
23040
24690
23890
23756
23212
24073
26912
23217
22739
23270
22674
24828
22944
28173
25397
24519
26129
22101
23183
25120
22370
28199
22220
23582
21853
23005
22689
27430
21957
22408
22395
20892
26178
29981
23736
24782
21270
29479
22570
22318
25336
26399
26370
22991
23058
24287
21783
30902
22926
24733
27270
24678
28119
22387
21522
21760
24962
24184
23341
23190
22669
22952
25442
24349
22965
24500
27701
24289
26474
22456
23564
21203
22904
29171
23153
22320
24599
24581
24240
25808
24969
24960
22038
24480
22305
25969
25174
25221
28773
21614
21995
21614
25741
30964
23862
22926
22001
40161
26302
23972
24118
23848
25004
26881
23782
22612
22183
23473
27212
24129
27295
23879
22965
29260
24392
22514
22112
23017
25479
22508
23258
24766
21306
23073
24639
22355
26197
25969
22909
26299
21938
23646
24145
23852
29245
26611
23631
22264
24969
25318
28555
22987
23304
23805
25968
26824
26927
28062
27234
25689
23655
25471
25281
26787
25587
25025
26411
24971
24842
25789
24528
24485
23610
24142
26406
26508
24368
26746
30963
28272
22238
22892
25987
26935
24978
24005
22344
24841
27141
24955
22062
24614
23136
32146
23065
22129
23780
25037
23073
25006
26487
24468
20927
25379
27489
22957
25235
25049
26014
27264
25041
24341
24232
26089
23662
23601
21864
25451
27122
26585
25662
24295
23269
26543
23860
24995
27094
24871
28461
24464
27497
21349
25606
25868
20645
25713
26323
23403
26427
23680
25900
25337
29032
22298
24760
25505
23972
22110
24775
20378
22839
23880
22119
23388
29865
25341
24373
23383
22252
25009
23390
26342
23861
34766
27646
21471
24997
22291
24374
25700
22900
25498
22524
27899
23709
23797
24106
22946
26104
24482
24636
24188
24901
23568
23314
23291
21360
24429
22455
28194
26308
23956
22661
22900
28248
24405
21569
24891
25533
23654
22683
22947
24657
23352
26955
31053
24659
22973
24164
27559
23277
24191
22878
26486
24349
21786
24237
24557
21733
27562
30015
23468
24302
27649
22526
26703
25619
24174
23939
27903
25040
26981
25218
25321
24461
23685
23309
24543
24440
25228
25071
25183
27453
23350
25613
26057
26377
22922
22774
23897
28317
22023
25163
24110
25663
23247
20948
23174
24826
22307
27773
24167
25842
23463
22395
28199
24196
25322
22203
22698
26598
24633
23929
21988
24743
29611
21125
23661
26507
25367
25825
26555
23311
24550
24722
26145
23099
22575
25505
26188
27354
23564
23051
22340
23049
22966
27489
25518
24033
24320
23774
27166
22970
23237
20918
23812
24779
22172
22097
25790
23685
23499
23379
25289
23708
23398
27764
22264
23791
22368
23899
22279
21768
24712
24495
25709
23467
24525
23468
25067
23056
24921
25229
25785
23269
26449
24400
25723
21832
23807
25082
22795
27153
23578
22789
23363
23259
29048
22405
24004
23466
25139
21685
25105
23586
23209
27465
29387
21100
23617
22662
23953
26357
25209
352
324
279
374
327
319
1223
298
1578
326
369
259
292
251
300
241
326
328
288
295
319
290
275
365
284
389
603
492
366
393
373
365
424
395
347
294
381
360
328
425
346
419
402
281
300
265
273
319
284
360
329
506
359
279
319
316
534
317
376
304
298
443
1451
437
260
306
292
332
263
371
345
365
281
268
445
360
340
347
373
331
357
328
1464
302
295
337
402
387
316
307
318
646
267
307
219
272
364
288
254
479
247
290
478
279
239
242
228
213
220
199
210
414
280
460
227
255
282
304
215
285
323
263
276
370
668
2045
315
339
273
313
336
373
323
649
398
327
282
323
278
337
272
296
298
362
453
448
404
366
387
369
361
328
316
386
457
352
244
375
278
264
279
254
581
329
352
288
318
337
328
280
475
552
727
375
300
350
255
289
279
228
253
218
599
240
217
233
294
1070
241
224
227
220
220
221
219
271
1493
244
262
228
231
255
214
219
213
359
235
295
332
581
348
526
416
305
402
379
436
446
299
415
357
361
351
934
341
494
355
390
368
325
374
367
1525
2610
330
370
321
301
350
235
296
279
266
286
301
244
1922
311
512
329
637
707
566
551
582
496
2762
458
517
544
679
478
387
380
318
614
432
433
327
303
280
294
321
459
303
323
498
328
319
250
273
255
340
266
331
355
481
408
336
361
279
241
241
254
387
246
301
552
312
274
299
283
1000
281
313
294
276
329
270
282
4267
425
367
365
297
549
799
429
471
349
383
465
349
436
737
368
225
281
245
212
281
287
320
504
283
333
243
300
279
348
262
278
268
257
268
247
288
331
262
311
243
313
266
344
270
328
298
362
2106
317
339
319
619
323
360
309
1052
350
314
322
264
265
330
370
428
459
350
325
328
317
307
343
1130
299
313
904
2036
286
314
354
294
274
342
317
335
308
1514
1046
314
333
282
280
273
273
270
356
574
299
267
397
325
383
293
311
355
441
589
390
387
365
574
307
415
391
469
422
328
390
314
324
1491
326
340
368
369
345
363
318
443
285
322
612
378
375
393
317
415
272
299
317
400
253
418
1544
333
425
384
296
282
258
325
275
284
763
347
359
333
350
382
321
303
294
280
287
283
281
476
419
302
271
271
232
254
359
1329
353
334
278
433
428
392
350
350
356
352
298
260
272
302
403
353
336
274
282
431
399
306
556
263
349
301
287
299
298
421
291
283
266
266
342
306
417
284
417
250
241
294
296
445
363
306
277
232
290
299
293
302
347
393
340
329
421
467
417
397
309
274
324
293
275
322
305
521
316
667
579
396
641
418
663
512
429
416
346
413
367
325
384
317
432
407
1142
389
281
403
271
572
1702
309
380
514
480
395
378
348
346
464
364
361
301
745
501
542
426
437
294
282
347
280
259
259
263
283
496
239
246
330
367
264
270
226
237
315
302
327
2465
443
334
1051
359
427
316
311
309
303
352
255
264
2916
498
357
286
299
343
269
278
268
253
283
635
371
422
424
362
421
375
325
355
293
305
387
341
324
369
354
386
386
294
356
338
342
448
398
355
243
284
346
288
330
485
381
392
394
379
392
680
601
2766
348
1462
255
389
245
298
333
447
315
308
276
302
256
252
347
259
265
300
485
414
344
239
440
324
281
411
307
656
282
274
418
265
334
274
282
310
288
391
331
291
287
338
287
374
231
417
300
425
304
322
332
402
422
404
478
350
639
430
295
284
317
1663
391
315
448
279
306
786
428
367
357
587
363
329
291
322
387
448
230
288
356
237
256
307
302
328
340
353
355
400
391
345
446
356
369
340
433
290
281
397
261
398
380
334
393
310
429
351
329
326
356
264
402
360
350
391
401
320
348
678
313
297
284
329
375
350
358
322
320
351
318
367
312
291
375
282
329
352
343
448
337
605
284
327
360
348
269
929
300
303
221
203
202
227
249
255
230
240
473
1103
531
432
365
433
331
334
357
372
373
298
337
651
405
271
330
279
260
296
311
643
591
501
538
537
693
956
662
546
551
512
473
266
552
397
314
270
343
382
275
2566
383
536
383
314
291
289
399
275
265
259
358
277
280
351
349
271
1829
509
373
393
296
436
326
319
333
377
467
467
314
305
1228
281
290
414
381
355
335
315
446
410
356
396
376
330
307
328
247
311
230
263
282
422
315
2245
369
325
494
497
314
316
284
289
295
307
376
975
396
491
826
275
410
389
310
356
300
298
1048
454
267
444
305
296
262
258
427
341
375
361
292
2664
392
332
242
400
288
265
279
314
422
331
462
341
436
400
575
347
432
705
239
213
230
308
395
324
354
411
328
388
301
1329
388
280
418
352
291
316
323
377
393
556
387
281
320
286
321
294
289
320
304
278
255
339
326
292
284
378
247
389
311
294
991
264
351
324
546
298
251
276
237
467
287
1459
373
289
340
456
354
405
248
587
418
388
333
841
349
496
826
333
315
658
266
319
335
456
282
278
264
247
244
301
294
323
876
305
325
294
255
473
312
1387
365
287
301
309
467
280
361
275
278
503
324
288
295
298
3242
562
364
425
372
336
311
266
283
294
265
269
297
750
301
347
381
268
362
336
259
276
679
409
519
320
369
624
607
318
444
682
313
789
405
335
311
307
281
331
355
327
309
300
394
348
357
397
341
387
337
631
1451
652
550
413
473
513
457
426
514
498
515
502
491
658
673
433
581
1179
332
365
328
560
325
337
417
441
436
310
451
321
286
319
380
507
364
396
386
360
794
629
439
872
321
375
342
327
372
406
294
288
577
248
306
413
358
350
323
268
371
238
353
319
288
282
453
426
309
457
397
357
288
379
988
390
358
301
239
290
373
423
314
444
389
1334
349
326
354
474
419
376
380
454
597
308
330
245
315
310
441
584
378
298
339
466
322
1524
343
552
321
307
418
405
470
427
367
281
254
264
350
358
311
328
286
369
247
280
307
435
384
308
311
294
593
336
262
274
365
427
376
373
369
310
312
330
645
467
340
380
524
363
446
395
392
390
425
333
309
430
404
760
316
382
490
437
365
576
443
463
421
337
415
2600
421
373
460
299
343
377
349
341
269
328
395
343
426
450
280
372
348
320
262
302
258
657
411
350
468
440
254
260
237
453
254
227
289
250
286
316
429
265
264
491
339
465
330
310
513
370
374
328
311
395
364
255
386
229
232
328
314
598
484
2594
667
349
355
324
267
2067
304
378
500
403
431
271
309
359
439
465
413
324
298
343
334
411
519
400
404
385
316
315
480
305
353
325
422
367
339
359
363
370
493
236
258
238
325
315
254
303
231
1168
273
425
273
348
334
258
1996
263
325
269
342
2881
490
1098
329
308
305
289
313
621
238
354
334
1263
335
329
357
329
444
2920
233
397
283
286
463
2577
341
420
450
239
614
245
257
489
329
335
484
601
276
415
260
229
260
283
304
422
376
247
287
356
354
349
309
325
791
383
268
594
784
351
283
359
297
394
432
461
429
430
619
361
331
332
326
389
321
389
296
299
257
342
400
349
296
404
470
287
426
365
336
282
251
303
303
275
348
326
329
279
330
271
278
257
259
256
275
256
368
229
282
266
285
275
281
282
341
367
405
325
334
460
555
356
272
291
376
346
373
349
332
911
402
556
593
316
359
308
316
335
302
838
339
340
335
238
311
215
231
325
242
265
257
292
366
250
304
230
267
253
246
289
260
251
237
255
657
298
349
2600
294
397
289
365
356
330
334
1125
269
291
356
289
744
365
411
380
839
313
298
940
2949
415
332
301
404
238
257
275
471
317
385
347
343
380
298
268
306
264
255
347
449
543
579
304
313
405
354
395
332
308
294
289
292
612
328
252
334
337
450
301
235
211
632
408
305
313
355
321
294
274
877
276
315
296
320
558
411
251
1367
300
272
1246
295
290
387
358
354
351
337
1701
441
420
959
330
409
385
393
415
389
382
390
418
432
403
346
361
343
364
404
410
473
439
345
347
374
400
359
338
3031
874
595
628
398
300
325
324
248
369
388
359
357
263
449
563
372
550
284
1453
440
285
387
334
371
261
310
717
316
315
516
286
356
410
412
447
487
346
375
352
348
961
315
304
261
253
258
256
263
362
386
515
338
341
340
498
399
390
326
413
507
353
443
383
368
383
419
664
731
299
348
415
412
391
412
374
237
382
235
263
322
311
368
1309
332
303
392
316
609
424
384
251
239
414
384
300
324
286
279
265
287
278
292
555
355
339
278
551
364
370
349
349
353
370
338
370
453
459
402
415
450
463
321
311
289
308
328
344
343
311
327
328
593
337
304
398
296
1062
252
294
338
246
237
323
271
335
306
392
354
278
295
293
355
358
353
375
324
331
703
350
360
389
374
337
583
326
3766
1414
341
291
538
298
323
280
375
477
372
286
366
421
425
457
590
438
482
713
451
356
361
347
377
409
377
365
326
376
325
385
534
385
389
395
336
348
316
286
288
303
317
382
328
353
705
496
272
286
328
312
427
465
343
465
268
334
332
332
321
417
357
339
1029
370
271
241
310
416
369
389
435
344
779
1060
477
336
323
301
328
278
394
276
320
379
334
302
257
375
455
327
291
227
339
391
311
254
375
308
310
381
461
304
700
400
404
398
737
423
293
235
2003
261
406
749
298
300
273
291
409
348
389
359
455
380
576
684
496
5216
634
662
370
341
308
602
394
380
455
410
327
294
414
273
367
300
344
430
491
412
431
403
780
298
686
353
419
326
348
307
280
562
349
486
554
403
402
373
332
227
1351
331
365
295
469
403
335
376
394
299
2399
238
267
351
312
325
297
314
295
524
430
279
387
283
244
254
323
253
302
305
295
320
252
252
1358
476
280
335
249
231
231
234
285
308
780
308
784
429
1565
318
285
281
385
254
347
277
360
270
299
358
393
330
397
678
265
293
380
274
249
296
586
415
338
321
497
408
318
283
262
338
361
655
326
308
289
275
283
276
254
1021
452
351
344
305
321
313
294
315
390
325
349
294
320
286
233
251
391
254
281
640
1152
410
447
320
315
319
316
323
415
231
395
313
261
309
255
1631
303
252
1270
382
323
327
380
319
342
325
323
373
327
339
471
247
287
217
194
1401
457
444
376
357
288
423
242
310
337
382
308
385
395
391
402
332
448
1786
467
373
369
414
359
311
318
359
432
426
2277
381
374
345
353
461
334
306
336
291
413
384
579
323
289
392
334
1561
266
338
255
328
479
387
541
389
453
353
365
291
350
353
292
283
523
493
348
355
363
321
333
294
292
558
426
436
228
252
237
267
284
330
318
324
262
320
312
306
452
333
343
341
1560
277
275
334
330
417
384
358
336
362
291
307
335
296
395
312
700
1477
575
715
2152
398
466
310
288
330
329
435
422
385
2706
244
348
339
347
406
326
338
308
626
735
360
344
336
317
323
396
454
421
398
301
4077
294
402
342
336
304
259
351
322
346
539
329
594
349
396
344
343
415
426
372
1025
332
348
406
367
2134
340
318
311
368
258
372
2317
319
303
561
252
414
537
341
300
326
261
277
320
2094
343
314
313
307
391
410
356
321
300
300
231
194
235
240
336
285
298
335
344
360
378
446
414
975
376
438
562
479
370
355
317
1034
473
374
374
333
337
381
361
802
261
390
438
411
310
422
365
619
358
1853
285
559
368
267
262
659
405
295
332
344
347
1060
382
345
434
738
379
372
303
450
424
441
443
468
421
385
446
310
418
385
432
354
495
421
383
261
208
258
355
308
419
374
741
363
402
414
327
443
340
316
314
373
1413
346
351
326
295
2231
379
221
314
356
348
413
325
395
389
323
408
345
400
233
360
280
418
529
344
684
336
417
350
489
394
249
288
314
435
1206
391
361
332
396
276
673
264
253
746
786
347
325
342
290
283
299
445
352
2215
439
282
332
382
287
421
265
250
212
208
205
224
311
269
276
286
374
262
251
247
248
317
371
261
362
468
308
341
324
371
631
525
693
544
740
739
487
430
392
344
536
458
372
339
505
315
326
245
286
254
350
410
306
505
384
429
377
324
318
305
288
1260
326
2503
316
361
356
342
318
355
349
418
1288
434
667
339
299
3315
410
505
476
380
432
452
409
419
462
461
2598
357
362
323
322
401
295
357
547
372
432
387
539
587
3416
361
414
345
267
424
437
363
431
298
267
271
395
361
1344
448
431
334
315
260
377
305
283
298
376
626
587
412
330
725
1004
408
375
288
252
292
274
532
516
343
269
293
318
253
2467
1352
308
230
299
251
329
254
249
332
370
304
263
787
368
389
330
312
325
339
310
360
683
385
358
376
359
343
378
474
380
385
578
335
387
389
273
339
305
325
568
365
366
336
351
299
289
327
271
257
264
270
337
319
256
261
246
356
272
247
243
285
589
287
297
432
372
253
1377
327
288
269
271
258
548
405
254
409
3093
386
450
353
973
358
363
573
352
383
491
418
392
457
487
377
340
392
487
390
238
286
282
256
315
1522
293
268
320
244
228
263
286
1941
333
457
342
311
350
298
261
230
257
285
398
296
324
351
400
343
344
292
258
350
797
320
296
394
359
381
377
427
317
289
424
453
309
327
493
313
381
315
215
493
472
639
477
612
492
660
546
379
498
474
556
318
219
308
507
501
416
365
301
256
229
240
417
247
226
225
510
284
308
252
357
334
294
231
222
242
289
386
381
365
315
367
381
359
323
383
359
424
398
512
413
463
477
402
1423
428
454
561
742
567
432
514
463
628
406
256
322
1946
1407
458
401
396
359
509
479
434
669
494
511
439
534
394
451
416
621
731
456
460
484
407
278
350
442
441
315
329
240
308
333
403
550
2691
309
289
344
362
298
350
298
324
311
343
336
336
332
324
326
396
279
344
334
381
350
334
396
339
518
403
425
386
375
577
364
341
758
422
336
722
527
542
304
259
245
278
338
375
460
323
376
317
460
388
366
1723
375
303
349
486
262
322
459
298
450
252
220
243
221
208
362
334
317
323
294
262
284
295
314
324
303
427
360
327
445
374
244
302
633
703
393
414
463
577
821
311
371
455
483
309
337
316
262
945
360
338
404
409
312
308
290
384
245
299
249
398
374
261
365
370
350
386
288
293
304
283
338
343
319
270
261
432
468
721
272
290
304
474
482
346
373
492
386
442
347
402
440
389
398
470
366
266
411
301
255
240
248
230
264
237
241
441
445
311
267
384
374
243
336
2004
318
345
303
298
2338
345
317
318
452
366
324
419
336
418
454
414
291
427
418
378
381
483
452
537
405
3131
659
530
623
363
347
739
1294
309
362
320
271
385
270
262
1202
360
343
1253
320
369
3071
366
523
393
371
341
370
293
412
536
521
322
334
277
271
316
312
324
299
333
275
743
834
391
1244
269
320
302
255
244
224
221
226
326
252
257
313
296
634
339
1002
415
307
1433
471
343
623
465
307
328
297
293
668
263
277
266
274
259
291
412
281
364
294
344
349
404
250
320
325
376
387
259
315
336
346
358
292
321
297
336
443
486
361
345
284
653
398
348
256
386
403
390
308
310
377
280
303
1536
360
322
332
303
292
318
282
357
281
401
340
350
301
327
343
340
292
296
341
319
341
361
442
433
362
284
416
238
263
263
327
236
466
309
374
273
330
336
265
322
361
411
395
361
383
417
350
352
586
815
543
1572
1003
252
270
271
238
233
631
237
222
412
782
328
405
263
280
226
244
291
307
254
357
360
365
319
312
324
287
287
285
271
270
261
314
1623
363
340
594
311
339
292
329
319
277
328
393
373
260
354
543
444
521
332
297
308
287
246
385
280
416
479
254
272
240
441
245
241
235
356
345
359
1419
316
333
339
317
292
346
281
286
289
296
302
292
258
277
296
499
297
262
317
362
323
298
311
339
283
277
278
296
428
376
370
362
814
331
385
485
321
306
559
397
378
423
519
423
408
358
352
375
689
341
315
1450
1818
454
882
616
489
444
444
552
2823
599
486
382
1565
2174
381
484
314
300
289
564
463
483
309
266
489
356
513
461
419
389
477
2055
486
455
376
381
272
716
387
279
392
255
309
263
308
301
940
259
289
223
291
248
238
264
324
276
301
259
251
263
309
301
342
338
329
387
491
358
289
301
288
299
232
274
291
330
275
299
402
342
333
452
335
539
405
410
719
316
364
425
392
397
380
397
427
388
1976
246
241
243
292
2447
286
346
259
314
256
277
301
301
293
312
266
246
382
271
281
330
296
235
265
248
306
386
260
781
371
521
386
353
435
462
1542
383
372
348
371
312
286
272
283
294
386
288
320
299
311
670
349
318
650
366
331
281
323
1593
307
291
343
267
254
342
347
517
730
1063
364
295
299
426
332
347
320
295
329
298
288
298
429
276
353
253
359
332
314
298
322
336
318
516
376
488
555
334
342
896
468
283
477
420
804
320
377
669
416
280
324
369
283
303
333
359
299
248
289
285
315
282
272
272
369
280
383
356
258
349
328
310
253
311
295
318
373
381
402
314
308
292
368
249
411
344
360
321
331
409
313
322
294
410
332
409
924
415
251
351
338
484
355
352
318
281
406
290
375
280
294
308
431
375
2450
277
270
349
319
319
381
587
299
404
262
278
240
393
271
278
309
316
383
364
229
386
249
378
553
334
406
366
717
696
505
511
484
557
388
713
350
447
440
386
525
1619
318
1808
329
261
327
317
376
309
265
277
250
241
229
340
276
279
477
321
382
314
395
380
357
338
293
341
287
342
362
296
403
341
1263
377
358
404
433
438
283
254
257
260
380
302
321
581
363
338
401
452
349
307
355
327
270
276
792
289
574
295
248
232
207
236
219
297
240
247
285
280
240
239
284
301
263
427
275
265
270
402
373
381
449
408
268
475
256
306
273
280
233
278
556
411
293
306
409
501
388
355
318
361
350
773
293
384
294
271
274
393
347
347
415
403
527
1018
378
476
334
312
279
1283
290
360
410
379
368
365
363
1357
440
482
363
378
315
307
458
365
328
295
380
415
2306
549
296
382
309
362
338
351
354
339
332
307
277
299
355
441
472
798
411
379
368
428
400
466
398
1200
273
858
284
720
385
293
329
357
280
303
285
295
475
307
314
313
282
342
305
397
390
438
345
247
351
378
398
310
299
258
275
277
400
282
396
403
325
304
689
440
314
285
252
290
286
412
740
1032
903
356
335
311
311
404
434
414
404
1772
324
327
370
422
327
2506
380
328
358
495
306
388
3400
355
324
461
468
447
294
330
372
311
271
324
460
316
384
349
665
374
311
331
324
378
285
291
275
413
1175
304
294
265
251
294
298
327
265
250
296
389
304
359
504
413
415
436
551
699
462
2161
547
555
639
749
1403
456
380
665
318
510
286
448
448
354
359
378
285
232
295
682
1770
376
373
440
400
319
356
398
382
478
387
320
316
337
321
361
344
396
298
331
303
302
294
320
358
324
502
496
331
336
286
350
321
336
311
362
361
377
355
324
304
302
341
443
386
347
277
412
348
350
284
1200
450
437
385
491
451
589
456
419
377
503
283
382
1313
531
287
347
272
336
260
345
391
253
288
253
278
271
262
258
1205
366
323
352
1074
306
394
262
301
708
3547
406
414
326
365
369
325
664
824
329
353
526
307
392
257
2019
493
280
284
1567
326
1276
328
273
281
334
285
279
292
263
274
264
264
262
257
277
340
288
270
286
267
288
317
321
317
263
296
269
423
444
474
301
339
282
441
540
399
403
521
353
1028
457
355
373
436
614
403
393
523
442
352
443
424
321
291
557
381
341
368
405
352
374
367
370
285
746
370
380
365
304
308
2225
271
257
372
332
330
525
380
376
306
286
324
423
469
382
304
297
282
334
278
431
694
394
527
472
379
298
343
318
275
653
527
667
775
338
424
281
311
297
275
467
387
304
493
370
294
366
314
336
304
886
262
332
1433
365
293
289
291
382
336
342
331
322
380
312
390
576
379
653
646
636
1126
672
428
769
492
498
445
264
699
526
517
621
616
307
360
267
247
266
248
289
544
279
268
289
2227
311
380
332
346
366
316
296
842
348
380
369
446
277
317
299
314
276
308
305
827
584
390
428
364
473
534
440
399
427
428
437
385
391
258
327
358
462
353
420
1576
2470
368
304
408
414
288
352
261
307
275
254
240
236
248
275
285
292
294
295
297
328
340
314
356
304
348
337
372
344
460
407
323
274
296
356
393
346
323
392
423
381
441
374
504
363
281
350
252
1240
2335
297
340
446
303
335
365
281
340
311
255
358
1820
264
324
393
1814
337
319
314
394
416
328
401
760
492
354
372
351
382
469
749
290
314
526
366
318
239
393
338
339
636
401
289
743
373
371
241
228
428
258
225
216
297
308
297
286
260
228
326
418
309
619
376
303
333
2292
274
394
287
287
375
268
394
334
320
338
1506
717
418
353
730
342
293
332
297
441
325
561
323
349
420
394
391
392
373
608
344
319
307
384
399
382
350
1196
318
1698
411
274
359
209
196
194
286
1518
293
400
319
377
396
1604
390
264
351
328
234
346
286
265
555
350
374
426
477
345
501
373
497
390
564
313
301
305
2157
367
368
336
241
309
328
466
304
470
346
406
366
419
475
428
508
464
592
592
389
464
373
765
319
504
482
435
504
364
490
621
391
428
420
389
431
404
636
3610
435
444
359
347
507
521
342
558
411
575
423
464
356
305
315
394
255
235
279
302
303
340
418
282
314
1602
252
368
386
333
248
395
326
273
553
325
329
301
325
288
287
313
305
307
297
280
237
247
256
322
831
398
326
238
224
217
216
270
296
405
323
398
345
349
380
375
402
421
428
438
356
379
373
417
458
385
744
374
421
461
1259
346
1039
239
356
484
388
278
286
312
322
300
357
284
360
340
325
362
416
378
305
340
285
331
323
270
341
283
668
307
304
268
367
245
368
455
298
246
311
369
403
407
371
780
329
2786
389
511
1579
323
313
506
362
323
347
248
293
262
279
368
336
271
274
286
286
265
288
289
355
333
258
309
288
286
410
302
325
282
399
308
1423
295
279
415
373
365
384
566
766
446
342
317
320
286
258
253
262
260
333
386
399
370
633
400
310
317
275
260
261
249
422
349
402
298
247
327
323
246
1273
348
347
631
402
348
342
383
308
1330
326
315
270
375
334
380
403
279
438
329
377
350
357
351
298
306
386
478
301
265
300
426
398
362
520
594
297
270
458
427
286
283
349
363
347
523
723
429
301
387
276
339
696
469
2835
326
393
499
372
414
305
338
425
294
362
285
338
355
317
3007
1247
445
598
443
376
357
338
321
551
623
392
556
432
333
324
368
574
369
282
307
1257
262
314
299
241
319
298
318
368
435
309
346
314
352
291
657
296
345
270
348
356
298
522
327
319
388
361
380
343
353
452
334
366
391
1485
327
325
462
578
353
420
328
327
396
386
905
437
329
1972
288
364
298
469
750
364
289
301
295
275
273
253
274
421
297
350
328
321
310
295
314
969
319
395
1011
1665
455
328
341
287
333
355
306
294
290
358
337
334
402
287
354
325
241
612
348
349
441
386
432
355
352
756
419
450
420
1947
356
299
413
469
413
321
333
355
314
319
343
282
289
272
244
309
252
1439
294
384
309
303
272
323
283
328
314
296
304
355
314
307
432
328
301
371
250
309
335
1578
375
322
386
256
317
341
406
352
418
401
377
409
359
343
343
406
333
359
287
285
323
303
259
309
283
464
349
290
337
248
230
259
435
294
302
314
277
287
302
290
1904
1505
451
489
301
380
313
350
271
285
329
277
341
321
294
358
402
792
375
394
817
330
374
352
328
419
537
380
637
409
342
358
350
2573
424
407
279
392
267
341
306
257
296
267
403
340
310
253
330
1711
342
342
379
430
332
303
410
393
662
352
1356
411
328
293
270
261
273
303
290
325
297
295
398
307
307
361
355
2844
480
391
524
366
346
567
456
658
961
385
240
263
329
324
260
308
270
455
266
422
407
428
421
1435
351
496
311
246
344
274
256
275
413
411
302
276
273
393
263
278
261
259
257
427
296
390
1562
336
301
428
514
303
335
478
308
265
301
341
302
326
272
245
310
285
296
275
244
364
299
366
383
529
540
2848
359
313
367
258
1579
313
377
373
353
386
359
314
352
385
486
288
257
327
848
424
295
299
330
2148
348
322
360
278
345
299
509
292
316
335
326
364
2668
351
378
330
387
329
263
3112
371
776
263
369
389
357
459
294
304
278
341
289
272
260
299
327
266
284
269
233
355
658
367
448
573
372
269
300
432
487
441
298
370
480
473
381
329
323
244
388
370
423
409
335
328
403
392
372
392
341
355
451
370
449
906
403
342
300
483
280
281
307
349
318
300
348
404
273
274
350
347
1220
354
390
1983
409
445
380
294
325
301
462
501
412
427
309
290
376
246
231
408
430
965
412
337
324
321
567
368
409
329
339
605
307
337
312
376
349
293
377
402
343
236
1591
287
264
278
269
275
527
291
308
361
397
314
311
319
316
303
298
237
330
363
506
467
279
329
257
228
271
326
509
432
448
453
426
368
363
252
260
331
263
261
328
398
320
565
324
385
366
349
403
359
373
331
340
376
342
341
289
411
573
722
642
676
863
642
724
525
447
294
307
337
539
332
273
290
311
340
255
344
282
280
309
309
298
343
333
360
333
365
247
331
394
856
310
902
305
302
299
303
294
296
404
342
305
381
399
407
373
288
384
306
313
308
307
284
322
448
321
359
365
380
283
258
344
280
389
330
326
245
236
237
340
323
325
382
352
297
365
444
272
363
378
294
317
368
625
297
345
294
325
554
403
364
294
268
266
257
275
259
267
251
327
1246
347
308
359
304
349
429
279
277
312
343
307
289
287
330
287
307
292
283
383
118857200
 Average Time : 11607 Minimum Time : 194 Maximum Time : 40161 microseconds 
 Client 0 Average Get/Set Latency = 0.011607 seconds 
 Throughput = 86.1549 opertions per second
