41779
78024
94873
92485
75437
53653
76493
44734
53236
67694
81044
61175
42966
56715
40655
76587
34960
40898
56896
67459
50581
63748
48772
57823
66385
55716
47411
57892
46446
54407
59461
46626
54584
43745
49250
47054
48247
42816
46285
87478
59566
36427
73523
60055
47437
43385
58892
58951
51713
42648
38909
47392
71894
58728
44054
56783
41762
54159
53429
58150
64705
62414
43032
38005
45834
54098
51837
40455
74252
50230
53974
41632
49287
56008
52857
47298
73159
51961
33048
56718
43148
59295
64420
44907
46294
56430
61428
55006
40777
57087
39333
46616
50822
47533
56735
61563
41995
44204
36017
51668
58200
41874
50291
46584
49220
40564
41777
53371
61709
59236
40562
73507
71454
41709
62738
55403
37218
58898
45718
48106
58749
59785
70220
62669
51347
43622
60028
44222
54996
41119
64641
61374
46350
56836
40010
38304
60916
65167
42110
55345
59652
55654
56192
65537
47936
44754
40974
61400
47954
42599
67877
76006
51286
55435
75237
52152
76825
88712
64853
65108
56143
59460
70730
56968
78469
60848
61585
123854
81480
95510
100521
103112
57048
93777
63066
76816
61555
69881
58007
62909
110976
92765
99474
89855
65941
78841
71477
76542
69556
80600
92348
69181
97126
118560
95629
74386
111227
70752
91613
78632
94209
87079
117663
80980
75145
80603
75109
93291
162661
95382
59897
87150
72682
79788
63777
104827
118699
128016
110729
109825
74163
72190
81201
92177
88606
88488
102461
105187
74964
91783
126074
113806
97133
96787
91387
97220
116388
55497
138566
86971
109361
107203
73566
82030
99708
70134
68241
120205
69910
69656
85928
139323
155906
81450
84535
101726
130133
97137
90304
109772
75994
73146
95495
88936
79828
76559
108491
117400
93305
105963
112730
89093
89359
86730
86941
105955
97595
94190
46135
48254
37281
69115
59370
68540
73178
87712
79741
85529
141537
79364
91520
112590
151493
101577
93818
128591
138536
63040
114409
46145
51791
49579
47379
70411
52440
61251
48429
77532
40342
44130
47765
40575
43630
35841
31263
26689
26682
21238
18084
21303
22142069
 Average Time : 69193 Minimum Time : 18084 Maximum Time : 162661 microseconds 
 Client 18 Average Get/Set Latency = 0.069193 seconds 
 Throughput = 14.4523 opertions per second
