40843
39126
54400
44163
35182
39238
48046
33047
35616
44358
37396
29353
31675
34403
39325
30093
30825
32238
31913
30912
36085
35093
34089
31988
29585
33359
32140
32243
40008
31726
29142
38195
37447
31940
35585
29487
40331
28620
31870
28793
35539
37781
33167
33103
36963
38160
38949
34659
31154
27888
33699
33966
33293
29464
30150
29064
25981
29881
32322
41584
36186
36832
33610
32718
33519
32562
34473
34850
34191
31518
31703
40575
28205
32130
34482
36539
32718
43776
38881
28299
40850
44124
28865
34833
31087
32970
31657
30685
27779
32889
35037
32316
38239
29576
38709
31171
38400
36352
32115
37674
32630
27341
33347
37741
33241
34931
30853
31243
33121
34601
32770
30703
39407
34476
31302
34960
43287
30560
35271
29471
34372
35708
38734
27646
31987
34427
30136
44531
29054
31736
33909
38210
46634
30909
43815
36949
38118
34337
38475
37072
31319
44346
38387
29042
31623
33530
40685
36027
27438
39048
30827
27416
35423
37763
41839
29338
34599
30964
33458
35636
32083
30734
32603
28093
38200
31974
26422
33632
28392
36606
34993
28429
34642
43478
46081
36853
42747
39114
35804
35967
45371
31554
33054
32957
33175
28141
31379
31984
36814
40548
35543
32465
33537
30110
30539
32767
32143
28671
36438
34666
32378
32337
39667
28348
37167
33336
29400
33331
26808
30834
33838
35060
30972
33702
29213
36430
34013
25374
31247
38159
36834
56651
33014
32701
32677
27752
30751
36314
28740
31799
36025
39316
29251
40290
33947
38670
32251
33554
32862
37030
31112
30395
35856
32474
31302
33481
25244
31507
32955
29728
31637
30082
29135
36237
41785
31343
33818
35012
53921
28672
32230
33953
32853
36986
33431
34079
35236
31399
35970
28048
32420
32884
35858
35911
29779
36809
27059
29624
35186
40015
33540
31696
40748
35547
37676
36328
29362
41651
28192
35783
29046
30491
32566
39095
28308
33473
27243
34116
33752
35586
42702
37712
31370
34045
36521
44060
35303
37700
28956
31104
30346
36226
33884
37050
37513
28434
30438
32406
30942
32369
36128
40755
32368
33866
30271
32288
38874
32865
28829
35952
31448
28128
34159
35323
31222
46095
31321
41297
30903
30342
32324
32926
36982
38247
30320
31588
35071
36830
38178
41523
30196
34001
32960
32048
32056
35348
25098
28797
37131
32487
36282
32139
29296
32059
28134
33700
35340
32738
39169
35483
38247
35147
29031
36326
40711
37851
32262
26271
33587
38260
29638
29891
35001
37915
30855
38019
32558
29669
28715
40032
39502
30026
31459
28733
32132
31778
31807
37285
37357
34606
31927
36848
27867
30512
35926
39434
31510
29009
36632
36524
39316
30449
36263
36277
37038
32898
34477
34258
38542
29718
29484
39351
37251
42294
36772
33145
40724
33746
35294
31452
39297
30764
28804
29855
35236
33135
29709
35379
30741
30311
29626
41563
33741
33523
30027
34222
27784
31207
31613
38263
33932
36515
37613
32913
32216
25898
35226
28516
28539
29707
37151
29752
32156
33629
39580
26937
35760
32118
34585
36818
36660
33690
34941
34736
30904
33021
30345
33475
40017
30905
31352
29437
33822
38350
34008
37239
34147
29658
29508
32848
36874
34363
36113
35487
37346
32412
27964
33846
34026
27842
28610
31918
30814
26425
43274
32837
28222
29487
31976
33007
33432
28433
32421
32677
34832
33629
49266
31769
38553
34623
36038
30618
42438
34284
40054
35532
31235
33508
39362
27158
42676
32792
32945
31185
30398
31165
32187
30421
35634
39398
32634
30989
34332
35647
33533
43199
31051
40784
34712
35898
44955
31489
29852
39156
29230
40181
39377
33161
40667
33081
29970
37093
33963
34203
30923
30949
32551
35896
36830
32044
31433
33092
26690
29488
38222
30176
27669
39290
34972
30070
32737
32031
34789
31743
38141
42749
34839
31148
31804
33184
41318
30632
29545
29669
41303
41332
39719
31609
30235
38796
43865
44113
45186
44447
31750
29732
31782
32077
44457
37445
31465
33327
30847
40648
28144
32946
28487
35512
34824
30589
31645
32944
33369
28245
32297
41808
29693
30939
26994
38347
29305
44860
32701
33549
29370
23845
27044
20676
23506
20749
21761643
 Average Time : 34002 Minimum Time : 20676 Maximum Time : 56651 microseconds 
 Client 15 Average Get/Set Latency = 0.034002 seconds 
 Throughput = 29.41 opertions per second
