29093
25707
24316
24356
26108
22379
25647
23778
20356
23326
24327
26815
22728
24886
24498
21636
19318
21383
21699
23544
21337
22531
20654
23065
24494
24502
24808
21454
25152
22557
24602
25143
25061
21745
24610
22321
23527
24011
22634
23267
22744
22903
21684
20702
24746
20163
22663
24473
22546
22783
23550
22460
23503
21559
23329
21412
22816
23132
24895
21305
21936
21315
20590
22328
22263
21131
25186
23398
22146
22803
22501
21675
22936
24396
23143
23914
21921
22659
20470
22434
21732
23232
25680
22197
21384
22668
25432
21172
22124
23453
23378
22442
21625
23419
23340
25819
25532
21609
22913
23539
21436
22699
20195
20415
22368
20183
20516
25742
25560
21682
25437
21575
22982
20983
21835
27374
25251
22233
25605
22076
20975
21845
22607
22298
21417
22610
24369
26147
22811
23633
22029
23054
25114
23055
25037
21401
23090
22025
20796
21197
26479
26291
26566
23088
27970
23386
22855
20332
21708
24274
23741
21658
21831
22371
21336
22553
22013
21236
22075
21358
20581
21785
22213
25465
22430
25794
22235
27145
22711
23809
25196
24472
22158
23493
24496
23225
20483
24279
24620
20245
22507
21308
21270
23555
20196
25181
25333
21948
23698
22671
23782
22631
27771
25626
24679
21593
22025
23435
25539
23448
22800
24837
23141
21616
23150
23732
21167
22430
22969
24804
24792
22423
20176
22689
24059
25018
21178
23268
21414
22648
22050
25437
24262
22068
24165
23485
23534
25084
21022
22026
24084
21213
22690
23986
23071
24833
24110
21157
25940
27542
22342
22386
25068
21489
26232
22333
21420
22768
22041
23070
23434
23188
22527
22516
21713
20824
23198
22437
25632
21049
22347
22526
21934
24553
26269
23719
22621
24431
22483
23077
21617
22433
21034
22212
22751
20795
33154
23571
24981
21868
23970
23918
24395
23571
25136
28519
25678
22442
22726
20910
22911
21588
22957
23772
23320
25095
22001
25562
24223
23883
23190
23195
23216
22995
21540
22102
22587
21457
21890
23606
22722
22952
26889
24011
22888
21772
26747
22396
22955
26627
21275
23080
25738
25119
22294
19986
23641
24302
24372
23144
19788
24443
21540
27466
22672
22528
23268
22051
22440
21775
21539
21467
21000
20923
25191
25084
22060
21893
21501
24183
22418
22577
21851
21663
20803
22864
19677
22245
21545
26386
24301
26625
20384
22841
24025
23087
23933
21296
22788
22945
22593
23853
23363
24196
20972
23085
22185
23790
22794
23719
22220
23375
23602
26139
24209
22015
24073
25428
21873
25537
20948
21850
22242
23931
23364
23372
20601
23470
23145
20894
25626
23904
22532
24338
24708
21898
22264
26458
23951
24250
23198
21793
22926
20749
27741
23064
21223
21780
22247
22562
27388
22717
20749
22615
22027
23232
24465
24651
22901
23333
24739
26416
21253
23178
25188
22048
22997
24301
22897
23811
22081
21780
25283
22992
21123
21196
24336
25260
21313
24030
24753
22090
25021
21091
26048
23447
21410
25509
22783
22637
23401
24647
22624
25192
21771
21457
25842
22815
28308
24140
23497
21843
24216
29525
20815
23573
24358
23669
21607
22053
21231
21372
22366
25062
24899
24151
21419
22186
22349
26158
21958
25007
23205
20825
21981
22853
25320
21973
23898
23054
26158
24203
25251
21465
21577
28760
24496
22170
26703
24058
22583
22899
22528
20777
25870
21547
23157
23803
23722
21441
23553
24184
20852
23243
24987
21892
23289
23639
22967
22305
23266
22382
23757
22486
23262
23005
23114
25128
26885
23024
23378
24812
24063
23754
22114
23221
22332
21770
23464
23381
23572
23127
23537
23108
22371
21662
22844
25442
22234
23555
23706
22811
21199
20870
23789
23240
22240
22489
21288
22161
23789
23792
23185
24198
23527
22690
25577
22250
24199
22658
23711
23506
22149
26535
22245
22208
25757
22300
26246
23089
21396
27475
21761
21324
22218
22464
22210
25220
25073
23377
23321
22189
22898
24163
22317
23204
22046
25107
22426
21738
25259
23878
22105
24236
22569
23241
21739
23638
23879
24760
24752
24993
23025
23930
24892
22075
24460
22425
24192
23481
21838
27359
25160
23516
25723
23391
23189
22647
22049
23637
20255
21931
22636
21020
22415
22936
22736
24108
21299
23690
24669
21109
22330
20853
20983
22242
21553
24304
21511
24719
24339
24120
22360
21558
23779
20850
23326
22180
21917
23190
22151
24505
26221
23210
23125
23882
23797
23237
23855
23542
25960
21283
23303
22869
22236
23579
25383
25933
25358
21069
25011
23359
21616
24058
23169
22451
22862
21716
22429
26310
23062
22896
22123
21907
25786
26272
20954
23243
21854
25770
22082
22974
21157
23790
23283
25047
21651
21453
22349
21506
25590
24606
22228
22007
25105
21847
23529
23481
25340
23067
33136
21390
23482
23094
23589
21169
24745
25397
22097
22916
24527
24104
22473
22179
23071
22000
23235
26194
22801
24538
22827
21379
24268
22974
21161
21606
22182
25152
22807
24269
22007
22296
22271
23761
22305
23954
22303
21725
23822
22761
23775
27809
21933
23869
23481
22226
23392
23122
23427
21988
24445
24513
21640
22684
26083
22081
22857
27544
23524
25031
24239
21089
24645
22880
25075
25324
23126
23709
21706
22425
25920
24084
22750
22040
22288
23470
24851
23893
25033
22148
24418
23967
22843
23634
23088
25695
23236
22627
26154
23564
24934
24774
23490
22954
22584
22335
26995
23541
23096
22363
25397
24039
23346
25202
21888
21502
21620
24330
24146
23688
25106
21507
23507
26492
22224
23406
24057
22922
21627
24342
22096
22610
21601
25670
23340
23203
23033
21767
23617
24883
22817
23519
20937
21710
23889
23323
24424
22508
23732
24071
21674
21401
22523
22006
23060
25241
22253
23314
21497
24749
22527
26021
23565
24091
21488
21010
24349
22141
20256
23181
22549
23818
23595
21166
22154
22316
23794
24059
24965
27035
22967
22357
22653
24860
25060
22419
24426
25060
23944
21881
24066
24332
23621
22093
22786
22856
21011
21584
24706
21265
23740
23521
22830
25561
22734
21722
22972
23947
24650
23530
21576
22749
23832
23742
29047
22178
25409
27653
25545
23571
23428
23356
22274
22133
26095
24524
22596
23587
23811
22913
24039
21073
22024
28719
22380
21237
23101
21028
24393
22903
22590
22677
21806
25004
28153
23757
23254
22736
25488
21485
23991
23829
22575
27322
23935
22368
23984
22941
22408
22100
25701
23071
22521
23622
20440
24041
25084
22440
23216
21849
23728
21066
23640
23778
23892
23036
25440
24002
21851
24060
26145
24785
26443
21909
21722
24716
21121
22717
25228
23171
23614
21818
24230
23334
22025
22229
22599
21510
24993
26484
23192
22646
22372
22127
24886
22088
23588
26686
22482
25969
23875
25434
25047
24057
25643
22531
23660
23818
22525
23513
23051
23717
25691
22185
23103
23113
23490
21626
22177
22610
22339
22481
22839
21951
22370
21420
22676
21147
22665
21145
26255
23894
27169
23141
24369
21708
24089
23430
23176
26314
24180
22708
23032
21792
21799
24035
23777
23258
22461
20833
23854
24665
21797
26008
22234
22847
21294
23756
23455
27886
22227
25171
25162
24892
27538
21162
22857
22046
26035
24014
24025
26541
27468
26195
23098
25222
27339
24976
23106
22678
26562
24965
26849
27515
23250
22236
27079
21246
24233
24956
26172
24250
22763
23169
23260
21619
22433
22361
23654
23352
21700
22315
24501
22768
22154
22764
22448
22292
25227
21593
23898
25146
22129
24824
22893
25353
22650
20540
24564
24257
22236
25688
22408
24930
23958
22670
25139
22435
22243
24549
22400
28112
22508
22019
27121
22157
27982
23854
22567
22890
25895
26073
22771
24270
21765
23483
26389
24544
25172
22616
25744
24030
24161
24581
22732
23519
23031
24607
21911
21852
22915
24465
26960
23069
26559
23451
20919
23667
26187
22757
24461
23419
22058
23236
21170
21924
22377
23757
26495
22456
26089
22796
27207
26234
24126
22544
21178
25870
22825
23381
22505
26971
22809
21500
22474
22895
24485
23604
22345
25307
23288
25256
24482
22956
22309
21863
24707
22463
23516
22403
25460
23743
23291
22099
22880
23434
23798
22564
24623
26166
24579
24271
25766
23466
21864
21062
22792
23233
29717
26570
20940
27717
23983
23981
23489
21161
24385
27183
25728
22741
22934
24008
25795
22342
22223
21951
22620
24859
23169
24288
29910882
 Average Time : 23367 Minimum Time : 19318 Maximum Time : 33154 microseconds 
 Client 6 Average Get/Set Latency = 0.023367 seconds 
 Throughput = 42.7954 opertions per second
