54089
65958
96184
57346
50332
53266
66185
61091
39068
59430
50810
54630
68759
58407
42502
85094
33434
39467
63467
58459
53681
42159
65502
53467
35733
32405
59164
59703
48916
51757
71183
48835
57164
55454
32690
62834
63400
51940
43683
36675
57078
48372
49482
73837
56683
64419
85740
46536
74275
40592
43410
48886
33414
63440
56217
48024
46147
56347
38036
41570
59070
54836
59272
39237
64279
52351
67418
46812
72769
34850
72379
59766
45274
62339
102708
60571
56164
43677
39999
40558
62231
32503
51162
57055
28567
43354
55623
37779
38122
50232
56940
45546
52297
46408
37698
47196
63758
45578
29276
65284
46871
37520
56151
63015
45653
48760
44647
62980
57523
42145
53902
64208
50284
57736
54208
65563
61086
69942
47011
63182
56814
46521
54026
57071
54885
75414
73437
38367
62134
34300
48268
40487
44725
68041
50622
50522
57423
60741
60567
45153
48834
49911
41553
53567
41652
78256
51084
57905
56091
49600
61144
49848
38222
49211
78164
74867
78843
37509
82683
66885
62723
59489
51675
53793
61606
106918
65081
77880
115464
71641
88532
76399
75370
66012
78025
79076
95902
105273
101385
80653
94920
58932
77763
78803
85020
64678
82334
96734
101574
112449
48231
107933
93160
106343
90845
53170
45191
97527
71501
79069
79843
101858
68375
92767
70576
98572
109435
75114
80711
83636
81728
74329
91631
70031
79687
80139
106367
125474
73635
64634
82177
104081
90377
129041
77460
72938
110420
74073
123652
74995
155516
92402
83585
99005
85148
98263
124113
98760
68301
119136
89741
94007
119300
82070
121493
70525
94200
88112
142223
100512
76062
117030
80017
106547
110814
65240
100781
91931
88749
88922
51048
77173
121178
93406
99357
98744
120564
136572
68838
102295
80250
71760
70175
144038
71154
128188
83214
82720
81266
59318
70356
62480
51688
63692
55744
99069
84585
67181
89116
65693
90653
126501
130650
132704
94975
81985
69284
91171
125493
98346
99126
76224
70577
61469
56351
52274
63757
69737
41095
37940
44187
41964
51852
31276
54184
43140
34463
33332
29530
26787
22086724
 Average Time : 69021 Minimum Time : 26787 Maximum Time : 155516 microseconds 
 Client 9 Average Get/Set Latency = 0.069021 seconds 
 Throughput = 14.4883 opertions per second
