22643
21904
23079
25763
22611
25571
20643
20661
22139
24024
19852
23377
21861
21835
23025
22653
19453
22070
21188
23020
24949
20950
20011
22147
21947
22578
23537
20791
21265
21059
21936
23587
19628
20503
19695
18947
21552
24143
21755
19882
22457
21770
21707
24316
23604
20152
19802
18937
22141
20994
20934
20644
20953
24505
23800
21068
20372
19372
19454
21031
24051
19262
20858
20483
23018
22200
24385
22382
21331
23146
20906
23239
23402
20696
20113
21810
20634
22680
22344
20207
20615
20369
20773
23860
21720
24885
21368
20211
23586
22863
19140
20718
19315
20421
20409
26641
21818
24509
22585
20650
23568
21332
22025
18811
19738
19535
23261
23040
21386
20847
21522
21183
24290
22811
20356
20453
22926
22130
24140
22740
23813
21066
21920
22161
21594
21180
22588
20729
22016
23885
21683
22602
22864
21262
21893
22402
21124
21835
20572
21506
23646
20092
21820
22797
20421
20451
23544
21652
22262
21073
21870
21597
23585
21184
23697
22361
23462
21768
22202
23701
21147
22223
27439
23903
21464
21121
19778
22749
23169
20456
19798
24249
22433
20320
25063
20064
21183
23102
20648
21488
23251
21547
21712
19870
21708
24780
22736
22317
20664
22498
20310
22315
20446
21917
21081
21549
20638
23142
20880
22595
23558
22426
23616
20080
25104
21112
19842
21105
21850
22212
22040
22647
22123
26978
22761
20686
22154
20051
21521
23174
20235
22801
20699
24333
21258
28269
21668
21998
21202
19907
22669
22844
21771
22231
20583
22246
23239
20546
22698
22307
20278
21463
25971
22502
20846
21406
21869
22159
23772
22454
21770
20485
22883
24811
21398
21982
23140
21209
20806
23041
23524
19548
20144
21917
21647
22801
21151
22146
21531
26778
22695
23702
21501
21305
22989
22375
25148
21779
22001
23136
22976
26769
23413
20111
23097
20376
21647
22248
22365
21294
19570
20301
25067
21575
20992
21108
21480
20965
23505
22268
22165
21625
21044
20775
22240
21606
20381
20552
18619
23170
25073
19870
18903
20864
22790
22886
23137
21897
22744
19827
22967
23058
22833
23484
21739
20674
21880
21569
20496
20922
23258
22147
21429
21460
22101
22916
21244
21693
25105
22075
21832
25117
21056
20853
23777
19726
27411
19422
20329
21988
23998
22345
23051
21581
22936
24466
21004
23507
20724
23841
21948
22816
23469
20540
23280
19915
22841
21821
22504
20592
19264
22901
20961
20889
19662
21189
22479
25386
22293
20600
20810
23458
25010
24292
19888
21645
21164
22643
22849
22299
21577
22067
23560
18226
21790
21387
19846
22165
22678
20796
20113
26079
21937
20019
21649
23255
23858
21418
19740
24174
21789
22309
23327
21089
21183
20279
20763
24088
22819
22312
20157
19170
21614
19562
25038
20315
19680
20803
22910
24279
26234
23141
20423
20127
21020
25244
20097
20391
22142
20900
23119
21275
20674
20905
21412
21313
23984
19868
21575
21471
20240
20024
21385
21358
23797
24222
23625
21955
21826
20005
21422
22775
21378
22152
25743
21133
19162
21167
20418
22885
26178
22409
23961
21521
20298
25799
20840
20480
20349
22400
24227
20670
20507
20612
22033
22233
24021
21199
20470
21985
28238
25445
25321
21741
23225
21256
19868
24477
22355
20701
22460
21354
22476
25136
21433
22239
23326
21793
23709
20742
19213
18675
20875
21767
27183
22101
21158
22811
21814
29804
20808
21112
21268
19546
19247
22068
24242
21797
24004
21170
20723
24468
21647
19601
20928
22351
25881
22226
20553
20875
20153
22313
24741
22236
20204
23699
20183
20652
21992
24403
21139
21647
20685
23620
26315
21865
19853
19416
22206
26564
22129
21106
21071
22178
21201
26163
21249
21069
20496
21626
22761
22813
22378
22176
22715
27835
25615
28164
21969
21518
25566
28585
19600
23538
20869
20876
21779
19983
23832
28067
22676
20281
23427
22991
25825
20490
20414
23313
27814
22244
22714
22323
20755
23661
21459
22752
22649
20112
21133
19572
26029
23840
24215
20910
25320
22685
22451
21442
21195
22715
24804
20536
21275
23512
20040
25003
24639
25794
23574
23786
25532
20022
23088
21795
21837
23486
22918
21832
21781
24216
22320
23348
21336
21797
22905
20841
21111
24356
19574
21072
21336
22487
20683
23227
21377
24717
23724
19890
20792
19445
21278
22772
21291
20430
23162
23562
21810
21080
22144
22278
24575
25505
21009
21908
21394
21271
24158
23745
20275
21431
22859
24006
20469
21438
27224
21949
23447
20373
20907
20596
19408
23612
25036
24767
22115
22682
21990
22217
21788
23723
23423
24094
23582
25230
22807
20965
22677
20612
23500
23276
20054
20316
23528
21065
23420
21351
23641
22123
22701
24108
24735
20879
22348
21420
23193
22448
21684
23577
20489
20451
22020
24100
22093
20418
21437
21870
23136
22323
22345
20569
22027
23625
21922
20680
20934
21091
23168
22789
23650
21822
23159
20580
19647
24964
24475
22059
22825
23413
23236
23767
21888
21146
23381
20850
21917
25444
21691
22562
23533
21025
23148
23785
22992
24057
22647
25331
21707
20787
22253
21842
21796
23542
21730
20432
21102
22953
19937
23803
21669
20591
21160
22222
22548
21837
19666
21052
21740
19848
22922
22895
22028
20715
23243
22289
27833
23502
23151
20907
22665
23703
20914
24097
21878
23103
22057
21777
22482
22235
22001
21685
23090
24611
22978
24503
23663
19392
23661
22357
23729
21166
22662
20648
23173
21126
24142
28762
24606
23450
21884
21018
22885
25069
26703
24342
21913
22173
21055
20072
20850
21658
23363
20556
20129
22602
22022
21022
23828
22543
22644
23572
21460
21682
23138
21565
22638
23073
21608
20348
22648
21468
23498
20451
20683
22499
22295
23574
22926
20801
20075
22608
21927
23348
22397
21758
20054
20899
22577
23344
20004
22158
21415
24524
21270
24842
21179
22402
20469
23813
23190
24465
21577
23399
24847
25976
24199
24283
22530
21394
22092
21865
20730
24658
21549
20442
23276
24921
23213
22702
21670
23161
23553
22056
21657
20955
20893
22874
26981
20952
20803
22309
22425
22379
25035
24280
22101
23138
21926
23631
21480
21631
22843
21093
22359
22898
22705
20875
21573
20696
26732
20666
24718
21767
20543
19568
23665
26179
20833
22882
19771
27431
22711
21572
23629
19708
20327
28338
23570
21661
21576
20983
23282
23530
23517
20582
20455
20149
27392
23339
20068
22867
22228
22317
24895
20056
22305
20436
23001
24692
24379
22384
21142
21159
21915
24161
21204
19758
20154
22620
23698
23966
21262
21618
22910
21161
22672
21881
21258
23245
23628
23374
20970
20255
22891
22500
22218
23722
22874
22850
21087
19188
22528
24307
21109
21143
21864
21560
22903
20690
20561
21372
22897
21779
22159
20278
19411
21844
20636
24431
23095
22369
22244
21498
21105
25777
20263
23292
24391
19957
22064
23721
21188
20219
21155
21921
24039
24864
24840
22008
20699
23350
22589
20798
20842
21758
22417
22374
26576
24660
24408
22597
25400
24471
21272
20189
21807
24641
25060
23532
19846
21554
19972
20087
20341
23793
20126
21183
21743
21057
25303
19291
20458
21530
21614
21825
21736
20578
21973
19908
21284
22182
23984
20670
21755
24918
21379
20551
23732
20956
23512
21154
21987
25559
23300
20558
21242
21449
22084
23889
22473
22888
22750
23584
24228
22497
20030
23646
23297
24239
24768
23593
20621
20430
21896
22240
24466
21599
22984
21917
22479
24108
21555
22199
22380
21801
22364
20404
19644
22655
21635
20377
22598
26696
22025
22897
20629
27658
21097
21405
23285
21039
21883
24429
21279
19305
27371
23847
22449
21843
25746
22273
20595
24743
22558
21341
24702
21363
21326
21661
21855
23376
19924
23572
22019
25256
23715
22857
21795
19114
23107
27306
21993
22036
22300
25332
23205
20450
22728
21189
22883
21559
22389
21856
22813
21852
21634
22724
23623
22213
25736
22748
21774
24660
20667
19366
22158
20261
21874
24873
21508
22721
22294
21582
24651
23445
24139
23257
26872
25430
20227
22000
21200
22394
22979
21942
20962
21943
21957
22922
25814
21978
25232
25666
20847
22720
26659
20979
21646
21067
20150
23611
20769
21736
22878
24624
20273
27488
23287
22148
21936
22335
21611
22696
21906
23607
20983
22705
25582
21718
25564
20798
20963
24009
22276
21736
22239
23102
21672
25742
23397
22455
19836
23452
20989
22413
23731
24954
22466
26756
24674
20927
22998
24697
21396
22047
23615
22432
20298
22290
24845
23224
22686
25155
23007
26041
23394
21390
20324
21179
20531
22238
26990
22662
21087
20737
20493
23038
23024
24833
26554
24202
25529
21891
21506
21777
23557
21339
23838
23426
21682
21385
21298
21380
22522
20500
22747
20405
21229
22652
21846
26543
24911
23081
22224
22787
24647
22402
20490
22537
22821
23422
22382
23281
22411
23405
21666
21840
19883
21062
22136
26463
21273
22436
21202
23352
21059
23401
21467
34828
25301
24164
24540
23097
19959
20733
21911
21429
20654
22340
21732
21354
24415
24474
22183
23290
23046
22528
23111
23025
22315
22977
22553
22066
22723
21878
24237
20752
21347
23548
22498
25889
23129
20473
21011
25598
22684
21636
22098
21829
27134
22075
23028
23684
22562
21515
24179
20125
20479
23136
23305
24694
36760
21315
21924
21988
24364
23050
20872
21379
22484
23103
24351
22203
19462
21165
21209
20877
25195
22357
22956
21926
24018
23711
20578
20173
27540
19826
24052
26628
22031
22065
21123
20499
22387
24647
21899
22831
22846
25726
23750
22484
21102
24121
20853
24087
22649
22962
20463
20723
24623
21478
23353
21778
22723
22984
25927
21314
21225
22849
21431
21569
23103
23223
21229
22209
21006
25004
21482
22781
20935
22976
21834
26313
22351
21045
23079
24882
21856
25245
21303
22758
23124
22520
24656
26007
24083
22132
21128
22595
21147
21599
23113
26844
22285
21581
19634
20427
21806
21305
23028
21437
22685
23817
19792
19948
25719
27624
21267
21464
22376
21829
24385
24220
24469
21239
22092
21413
20293
21880
22335
21662
23204
24568
23836
22289
24298
21701
24052
25239
21708
21828
21078
24140
22654
24255
21285
22191
21992
24510
23799
23600
21492
20724
24707
24022
19678
20902
24556
21422
25983
23811
24776
23908
22868
25752
23961
22384
23034
24700
23033
22910
21842
21646
21822
22155
28147
21532
21729
23170
28788
25217
21952
21535
21834
23905
24866
22098
22415
23528
23630
20807
23626
21725
24227
20314
22218
21230
22966
23408
22996
21746
20766
23821
24181
21740
21306
21720
22922
23081
21095
21289
22263
22867
25211
27257
21471
22452
21475
25524
21288
21320
21930
19484
20687
21236
22981
23274
21465
20904
20922
22947
20614
21921
21989
23022
20338
25638
21214
23148
22400
21204
25787
21274
21667
21179
21432
21719
24632
25894
24410
22883
23140
26199
23354
23065
21825
22096
22840
22102
21012
23001
24034
22063
24444
22169
22384
22902
22924
21666
26328
23298
21463
21728
24328
25724
22020
22261
23071
20115
21000
24854
22741
23304
20202
23769
26482
25907
24527
23257
22246
24572
20081
20657
21271
22118
22702
27197
24020
22974
23109
21900
23833
22534
21836
24490
23594
24238
20369
22895
23422
22661
22397
23890
23778
21845
24989
23101
23698
22792
20694
21013
23820
20274
22607
22028
21965
23897
21432
23874
20893
23140
21846
20727
26152
23248
23240
22054
22441
21419
23855
20844
21641
21692
21211
24847
25116
20927
25483
22776
22542
23480
22235
21187
21696
20978
23062
24108
21294
22085
21649
21818
24080
25461
23803
20325
22486
21821
24977
22682
20291
24023
23428
25152
22085
20316
22328
23496
21683
26015
23239
23628
20833
21961
24539
23789
22610
21072
21318
23991
23336
21678
21805
22286
22260
24411
21532
21662
22187
23577
23986
23901
21487
21601
22148
21418
21310
22223
20983
23543
23581
23886
25537
22745
21321
23558
23984
21014
24343
24678
22687
23084
22277
26554
21143
20802
23223
23465
20852
27109
22886
21741
20569
23156
24010
21263
23211
23095
22000
23562
21232
20748
23446
21472
22944
25652
23529
23528
24338
23489
23845
22556
21768
22114
21601
24954
23204
22656
21585
21244
24391
24067
20791
22716
22528
22362
21446
26355
20430
21277
22613
21875
22119
22974
23153
21986
22742
22511
23185
26450
21698
20514
24274
25118
21387
21112
21323
20296
19776
21837
24415
23639
23728
25295
25023
21240
20856
21261
22337
21344
24884
21806
21130
21522
22074
21846
24928
22129
23426
23401
21981
24325
22071
22041
24692
21724
23346
23388
22455
21340
22995
20280
23072
21249
22987
21514
23917
23402
25079
24150
26253
21351
21356
28352
21258
22342
22854
22453
24289
21180
23132
21841
20399
22707
25936
22991
20085
24262
25171
25098
22620
23222
22339
21306
21851
27014
24950
23753
23264
24363
25975
23436
22639
23253
24823
26044
23142
22332
23721
21814
23569
23929
21516
22740
21718
24374
25427
23800
21708
21769
23019
21466
21282
21431
21641
21220
21994
26244
23190
22592
22313
24216
24734
21742
23195
23941
22339
20974
23635
22128
23240
20851
26245
27559
24778
26439
24686
22831
25742
24281
23461
26717
22144
26089
21374
23504
22555
25308
25007
24029
22747
26571
22932
22112
28074
20130
22166
23478
24865
27543
24146
25277
25893
25774
25217
23653
27109
20400
21474
26419
24708
26180
26529
28880
28437
22193
24424
25724
27160
24543
21424
24067
24929
19811
27036
22585
25345
21990
21656
27954
21968
23516
22675
23202
25685
25668
21035
29608
24648
23212
27453
22068
23423
24375
21621
26332
22059
21408
27141
22727
27670
20856
26320
21061
22492
24539
23897
24793
21578
24087
21419
23014
24112
24701
26045
24274
24081
23304
26902
20425
26572
24353
20933
18828
23843
24846
26470
26923
23391
23308
24436
20918
21919
24317
20856
21443
23037
28024
26735
25353
22662
20077
23107
27388
23281
20467
23816
19502
24267
26725
23520
20593
25129
30707
21419
21130
25239
22518
24898
19812
25662
26655
24833
25967
23640
25173
24476
23320
29895
25840
23620
23988
21168
25862
20443
21053
23391
23065
25815
24700
24334
31261
25295
25501
24455
24431
24170
23477
28365
27713
23962
23591
26467
22824
23594
23639
20795
23000
25591
28029
21442
23069
24344
23945
28302
27460
22954
29201
23671
27323
22847
23734
21243
26204
25688
19872
21513
26876
24473
27033
23111
21870
24763
21672
26273
23673
23273
21729
21501
20528
25323
24077
22245
23287
22781
27014
20925
28771
20732
22846
27440
25031
20484
25422
25118
24916
24783
22367
25065
24325
27370
23896
24108
22987
24251
22217
24789
22511
26312
28858
28927
26468
23952
23411
23897
23112
27193
27421
24483
23547
21204
23980
23924
25305
22910
22787
23335
23394
25058
22751
22491
28777
24715
22687
22942
25853
23710
24896
24333
24764
25635
23693
26468
26596
20373
26184
27200
25477
25015
25443
19762
23212
22766
26819
23551
22211
23913
27731
26647
24477
24388
26911
29687
21609
23105
24723
25062
23769
23261
23063
24176
23917
28492
25187
25583
23800
22621
29895
24005
27280
24111
21992
29119
20094
23689
25722
22903
24045
25400
22847
25132
24388
26319
23461
23971
28412
23811
24952
22627
20748
22846
23218
25036
24830
20554
21713
22801
24141
29113
25153
30014
21869
28519
24736
22484
22442
22576
23884
24136
24510
22142
26511
25054
23822
24084
24634
22774
24555
23558
24329
26826
22834
20894
27444
22454
23721
24472
23627
24517
22398
22253
21163
24307
26451
24080
25220
24753
26801
23133
23836
25118
22877
24093
21107
32169
21893
25435
26898
24806
27924
24183
27859
21794
26870
25781
23132
22041
24279
25408
25098
24481
26775
25249
27345
26239
25836
24352
21205
26545
28711
23712
23522
25914
24171
22560
26897
20690
21346
27328
27200
25603
25305
24819
26312
28894
26340
27076
23020
24113
25492
26306
24552
24409
25290
27170
23234
28997
24418
26118
27189
25881
24152
27177
27341
24919
27730
23522
26284
28536
23789
22599
23610
22805
27718
21575
25155
26008
25230
33751
27806
24263
22992
23207
26618
21943
21649
27197
20081
25419
23014
24582
27656
28321
27092
23536
23232
26389
21700
25894
20094
25807
25327
22349
25744
31590
25577
26382
27243
31738
29951
27169
27872
29715
26098
26825
29963
28371
29079
25237
26255
30280
29422
25630
25863
28124
26460
33022
26516
29530
23499
32251
31250
27051
23254
32259
26396
26507
29324
28640
30731
32360
23567
27581
26847
26255
25660
25116
28987
33904
25281
23227
30558
29241
27359
28971
26074
30270
28772
27483
23349
28459
26048
26887
24099
28497
26313
26671
26444
26498
32672
26765
26149
24381
28005
24646
30194
25666
27606
28430
32250
32865
27359
28761
25528
28158
25595
27984
32344
26544
28668
33422
24233
26948
26983
30428
31462
27903
31725
23435
25739
29185
25313
26959
29893
27453
23825
23992
27242
24651
26708
27446
33410
20738
22263
28868
25501
27588
26571
24170
26491
23712
30174
29160
27852
26313
30969
25954
30803
27186
25035
26394
25407
26027
24544
23875
30304
28238
28450
27150
24303
31655
29564
21797
29698
28962
30467
26249
32102
33167
25378
28517
22217
24644
28260
32037
28260
24874
30060
25480
27247
25888
21748
27906
25452
29792
21892
26095
30852
25585
31537
27022
33079
25443
30961
26358
27192
27203
25785
28063
29982
29645
29478
25670
30422
26583
28287
22860
23368
23419
29742
28737
28454
28201
32626
28777
25740
25964
26831
30285
30710
29768
25542
30845
28449
27521
26658
31230
28862
25570
30042
27588
36337
30465
28428
26651
33405
33821
27109
25177
29896
27188
33837
26052
29512
31707
31764
30842
30963
29401
25053
27519
22788
28467
29062
27086
27159
24506
30016
26987
27706
26143
29133
30838
29151
25346
29221
26920
25232
29012
27315
30626
25563
31681
27382
26205
31252
25991
25890
27692
37328
26686
27879
32950
31056
25904
28172
26371
27530
29802
23877
27840
27347
30255
32193
29025
27484
25202
31252
25359
24389
25790
30175
30681
27745
24203
27344
29328
26205
30717
27866
29832
27992
30129
26312
27720
22764
29739
26741
26668
30937
28951
25171
27459
27920
29445
28013
24830
26941
32780
23794
23693
27270
27113
27583
25858
26958
28638
30264
27349
27757
25119
24150
30404
27410
29131
26471
32734
27785
27568
28337
28579
27867
27235
28226
28407
31174
23805
28333
29363
33064
26043
24261
28378
27142
30447
24392
26817
27732
27490
30737
28218
27665
26334
23439
29325
28372
26086
25010
27692
26408
28823
24787
29613
28280
27549
28107
22753
27902
28334
27930
27680
27110
27758
24827
28186
24246
30389
29871
28986
29166
26082
29707
24042
27691
25273
22429
31117
26015
27585
28010
29809
34817
24907
25627
23647
26424
29406
27421
29386
29420
30116
27800
27168
32811
27021
24970
28258
23050
29012
31050
24702
29248
27306
28127
26421
28895
27151
32783
28505
28159
30147
30661
25026
23100
29614
29254
25136
24545
27364
27354
27678
27327
24834
26068
25750
30615
28276
26505
23972
29754
28263
27288
26644
25257
27443
42004
34786
23233
27572
27135
28312
27715
27994
27915
27248
26344
24562
30063
27842
22511
29322
26620
28398
26441
24653
26866
28507
32283
26214
28053
24255
26894
29886
32151
27518
28606
24550
28622
28161
24275
31531
24852
28316
26549
27407
25848
23997
27142
27576
25581
23587
28186
26292
29754
28669
26782
26949
27782
28702
26339
24831
28759
25538
29307
23709
29090
25550
27503
29808
29476
25901
30297
25426
22618
29085
22941
25832
29118
26907
28790
28647
28775
25169
24279
27316
27102
30869
27250
26998
26245
26165
24681
29323
32201
26003
33575
27307
28554
25930
30133
24876
25585
24989
27971
31034
33987
31856
25352
33504
26160
25118
26734
27320
28443
28007
24203
26123
29974
26538
26899
24171
26156
28618
28173
26936
30953
28433
27713
26033
24147
23701
23418
25274
22683
23044
20665
25627
26545
25054
23737
23175
23564
23316
22741
22522
23842
24667
26952
23032
24813
25822
24892
24658
24135
21992
24583
23249
24149
24870
22716
22840
26039
23083
22997
21096
23587
24451
22984
25625
21846
22034
23094
22011
26790
24139
26702
22978
24090
26433
23836
22707
25627
26683
25600
23666
22344
21723
23149
22861
25942
23470
22460
22425
22507
25071
21356
24574
24768
22507
22924
25071
22259
21978
22367
22711
24309
23241
22846
22909
22882
22973
28300
21484
22831
21704
22864
24879
23040
22133
22025
24115
28047
23101
21256
23951
22856
27355
25124
22047
21905
22615
26326
23943
22313
23459
23827
23167
26539
25728
23882
20919
23448
23395
23146
23668
27281
22799
22529
22346
24065
24412
23541
22431
25440
23168
21754
21290
22870
24442
23795
24175
21350
23254
25781
22120
23654
21570
25632
21466
23332
22857
21799
23856
26417
24403
20944
22956
22794
24151
22844
24981
24346
31112
21874
23958
23682
22777
22722
22298
21110
23382
22980
21550
22490
20844
20539
23523
24767
22919
22752
21666
23837
25540
22986
21602
23653
25821
24338
21369
21566
22490
22526
27492
23342
21986
24866
21988
24712
24850
23137
22464
25092
25350
20540
25945
25998
23007
23337
24252
21486
21060
21821
22695
26187
21389
23595
23199
24089
25514
24024
26436
23385
21792
23861
23655
23546
22957
22309
24729
24078
25198
23175
21568
22309
24664
23785
22760
25446
24044
25083
23623
24419
21753
23770
35787
25694
22104
20972
25136
25989
22827
23726
23205
22062
22206
27118
21793
22195
23197
23417
25947
23894
22279
23979
24253
24935
23926
24173
23103
22753
25073
24919
23866
22576
22702
22402
27445
20362
21780
23069
22183
25187
23267
23566
23636
22403
24370
24765
24039
21068
21149
21513
24156
21672
22616
23285
23804
26539
20831
22838
24653
24597
21514
23230
22568
22170
23708
23009
24356
24996
24967
24797
22201
24247
22933
23987
23672
25186
23959
28890
25259
24111
23011
25393
23475
21683
22712
25141
23941
25798
23636
22323
23009
21384
25319
23450
20658
21784
23956
25083
24996
22208
23796
21994
25304
28857
23378
23764
22931
22753
25652
23000
24272
23994
21820
23989
21937
24140
23340
22957
27079
24701
22118
24047
23494
24611
27297
21494
23067
24424
22548
23786
21878
27365
21744
22101
25194
23636
22518
22163
24145
21690
23523
23430
22808
22563
22319
31681
22756
23437
23239
24377
24855
26160
26347
24854
23034
27198
25888
24199
23628
23437
25035
24810
25206
23635
24667
26041
21282
21540
24101
26870
25759
21351
24208
22647
23700
24130
25208
22815
23420
22287
26150
24840
23151
23934
23874
23240
25740
24771
24192
20208
24411
25691
24712
22014
22586
21779
23746
25084
21860
22925
24029
23241
24613
24377
22124
24996
22269
22850
24189
22258
26502
22959
27419
24617
22884
22230
23187
26137
28884
21185
22208
23819
28396
25570
23684
22508
21766
23460
22350
25377
21036
24099
22390
23205
24307
26004
24639
25856
22966
23205
23284
26823
22684
24553
22611
24701
24272
25728
22508
31471
23865
21740
26899
23680
24792
24508
21444
21115
24834
27732
25322
24728
23798
23469
23987
23267
23402
26364
22092
23219
22558
22399
25193
26101
21866
23723
22019
23196
24798
21451
25505
23153
24158
22097
21979
25421
24169
22234
26508
24795
22846
22884
23305
24562
21703
22551
27083
22477
24618
22669
21568
24079
25574
23971
23258
24720
27613
22416
22609
24055
23860
24946
28470
24988
23369
24677
25329
25644
24030
24808
24485
24302
24709
24633
25376
23082
22119
24584
22133
23162
22990
24224
24255
24269
24973
26559
23538
25896
25048
23259
21906
23453
25172
23976
26309
24092
22245
23281
24803
24904
25413
21956
24194
24451
24907
24877
26830
21368
25824
22685
21817
25283
23273
27227
21614
23387
25526
22629
25727
22476
27794
22621
24367
26990
26389
24686
25501
26790
24735
21598
22718
22152
21533
20764
29539
22858
22332
22368
24909
25527
25929
24866
23197
21040
23197
23738
24969
24806
24802
22257
24763
26576
21609
23297
24324
24233
22726
23756
25545
21538
26248
24421
24929
25669
24990
24502
20780
27484
25294
24217
24815
22488
23705
22735
23903
25385
23972
23605
23176
24139
27156
25354
23124
22885
23105
26468
24032
26355
25833
25144
26831
25986
24342
21179
25443
24048
25014
26880
25756
24332
24683
23876
22603
24981
22356
24648
25146
24215
24053
21786
23789
24917
22281
23490
25195
22951
25023
22375
22086
23188
23139
23954
24204
21828
22659
25406
24670
25144
23268
22748
23564
23501
25942
24876
23477
23497
24018
24966
23661
21721
21578
23045
25803
22925
24100
21782
23482
22311
23888
23241
22961
23995
23427
24330
24575
22642
21967
21877
25107
26790
24326
23712
27107
25633
23875
27137
25399
25697
25525
24376
24670
23851
22163
24308
23562
24040
20264
22997
21710
24705
23229
27746
23061
22333
24727
22291
23447
21499
24467
24160
24315
22194
22085
22768
23290
23968
23115
22791
25899
21299
24942
22620
22493
23402
21372
23252
28753
25394
25387
23461
21633
22303
23399
26488
22076
22567
26647
23877
20734
23660
22015
27878
26198
21724
21263
26212
23480
26654
23505
22295
23966
22635
25093
21122
23567
27657
23214
26153
23306
23823
25873
22051
25654
24089
21192
24082
23512
24249
24626
24941
25215
20980
24733
25330
22730
25031
25977
25657
23790
22221
21984
22668
21278
24973
26150
22931
28374
22965
28259
25161
22153
42589
25287
22152
22809
24328
24547
25001
25005
25024
21510
23262
22310
25827
23838
21797
20546
21792
23563
24730
26688
21911
24698
22336
23353
23191
25321
23334
22514
25381
22212
20964
25110
24191
25179
23419
24444
22534
23049
28228
22632
23364
22364
25751
24751
23924
23282
21890
24074
24379
26242
26963
22902
21516
22525
26316
24332
24418
22854
25389
25752
22186
22548
23233
23594
24291
24729
23239
24028
21291
23682
26158
23595
25219
23699
21511
25149
24895
25141
22081
25672
24118
25342
22242
23076
22514
23426
23654
20233
22801
25175
22002
26517
24665
23119
22307
23009
23328
25397
23868
25740
23821
25490
24555
24077
23414
23207
22289
23286
23518
22612
22022
24891
26487
23068
25881
21346
23825
24127
25951
23047
24685
22681
23383
26536
24142
23962
21701
25663
22798
26442
22419
25655
24129
21157
20990
23068
25666
36931
24890
21631
21749
23261
23443
27128
22587
22585
23074
23158
26908
22043
23437
26500
22870
23775
25773
27452
24145
21824
22730
24165
21741
23064
24298
26786
25921
22908
23039
23122
25509
24346
22082
23537
22940
25183
24054
25543
25391
22972
21725
25363
23628
23769
26110
23536
25319
25917
25000
23537
24194
24027
23028
24569
23869
25208
25497
23372
24530
22795
23270
22803
25128
21692
22873
23349
22558
23847
22921
23218
24226
22905
25090
27241
26389
25404
22415
24465
23316
25126
23188
23679
27023
25466
24818
23417
24706
24943
23803
22598
23291
23746
21484
27635
24901
22773
28109
23893
24037
26619
21688
23574
22521
25495
21640
25399
27508
24105
25259
22741
22386
26027
23984
24380
21103
23794
22735
25624
23356
27292
24004
24654
25543
23767
24527
23727
24426
24888
25370
24593
25363
25202
23369
20995
25997
25561
23790
23096
23305
26619
24943
25662
23642
22456
25559
23393
24995
24547
24602
22726
26178
20935
23477
23311
24432
26668
22882
24323
23828
25077
23468
25130
25150
22172
25641
28471
24577
22963
24006
25393
25975
38403
24579
25623
25277
22814
24116
23986
25387
26800
22403
23071
23501
25440
25134
26491
21975
24604
24124
22556
25756
23898
21217
22219
25036
26775
24481
27480
25386
23034
28842
23320
22309
22095
24490
26863
23605
23233
22968
21427
24104
23771
22391
24935
23296
26322
23990
22014
24696
25455
22905
24391
24277
23845
24554
22702
31691
25183
21845
22944
23707
24019
25005
25212
21532
23326
22873
22798
21871
24135
22131
22373
28236
27831
22301
23900
23326
24483
35041
25966
22620
26969
23644
27185
20912
23368
24575
23420
27012
26707
22130
22732
28058
23431
23695
25065
21174
27700
22513
23551
23431
23924
32274
23992
24862
22480
23013
24838
21474
25020
25129
24002
26780
23739
21864
21740
23655
24680
22558
23739
23167
24001
24596
26557
25714
21664
22123
24450
25454
24078
22787
25862
24569
27848
25220
25892
26578
24244
24780
27457
25577
22102
24101
23591
21174
22940
21621
23180
26557
24873
24441
24628
22935
26620
23234
23758
25509
24487
25365
23576
23364
23979
25866
24969
26991
24495
28503
21846
28891
24418
27072
25055
22945
23053
23399
23582
23595
23808
29201
24248
24644
25609
23178
24380
25721
22681
23310
24291
22823
26005
25253
22165
23590
25568
24815
24726
27308
21755
22514
25792
25865
22342
24142
24778
24611
20821
24710
20839
23680
26264
27286
23265
25012
26560
28647
22868
25408
23691
23488
23662
25125
24722
24721
25025
25260
23516
22506
24240
22555
22286
24418
23298
23083
23872
23926
25047
22142
24557
22983
25757
25143
24943
25006
25522
22618
23827
23548
23295
24487
24838
23634
26169
24586
23262
24903
23978
25748
26233
22179
24862
24318
28232
23331
22774
23314
24654
24608
22704
23642
25178
22839
24743
23674
22825
22492
22669
24761
27244
24529
22696
24327
26649
25359
24359
23490
23043
21453
23966
25106
21948
22756
22796
24438
23480
24020
20717
23703
25551
25636
25413
22951
21535
25423
26722
24018
25622
24276
24327
24301
23866
24187
26626
25049
26588
23029
26653
23600
22535
26017
21093
22885
22957
22491
27110
22159
23695
20827
24906
26127
24080
27340
23813
22198
28486
21966
24477
25434
25064
26127
24927
26302
22760
25681
29154
23746
22681
21479
22555
32011
23924
23891
22224
22111
24390
25525
24571
23741
23244
22442
28141
22067
24171
23477
24402
28101
22313
24259
24186
23145
24406
23317
25086
23848
25374
25197
24246
24399
27609
24283
27534
26266
24899
26298
22889
25053
25522
24177
23596
20824
24545
23199
24795
24203
24224
24250
24925
25465
23330
26121
23409
25211
24305
24080
25891
24177
24430
21395
23181
22341
22823
31335
26896
25009
22257
23139
25058
23082
23838
22304
25760
25940
24066
25599
24073
22351
28825
21873
22881
23661
21471
22832
22375
22638
23912
22623
23774
31185
22667
25617
22455
24129
25429
22418
24019
22082
23126
25521
24128
24732
24759
27097
27502
22355
22364
24213
25965
23452
25169
21581
22197
285
1462
315
338
628
400
366
632
281
407
478
295
358
328
331
323
310
315
317
327
380
442
546
913
250
254
341
334
272
314
363
329
256
238
366
224
293
329
330
338
285
263
293
260
235
505
1065
249
304
379
384
249
246
274
233
233
227
233
374
246
373
240
257
355
2332
269
568
473
314
417
325
287
321
303
347
519
465
287
265
332
298
347
237
241
233
532
344
295
325
275
857
269
255
427
332
382
381
398
435
315
407
366
371
371
354
284
303
288
301
380
274
280
294
392
1137
322
620
465
488
354
316
378
407
502
400
330
818
271
305
581
363
285
350
388
392
608
397
422
423
285
334
424
363
315
350
286
289
329
309
274
1115
286
283
359
279
383
351
288
295
288
320
410
378
429
334
343
325
368
317
347
3205
310
266
355
380
465
1289
838
710
311
284
322
340
433
304
292
262
454
363
243
311
286
271
254
256
314
431
234
380
296
289
277
361
317
2214
372
238
378
312
286
296
480
325
379
2091
547
256
339
316
300
355
338
404
313
458
350
376
418
533
425
356
367
858
426
325
390
439
427
306
422
319
320
288
321
339
335
272
295
300
280
260
332
278
256
257
282
397
375
376
244
229
298
304
339
419
379
268
269
532
406
386
327
330
312
304
298
317
296
292
458
401
301
308
415
309
315
291
331
313
384
319
326
308
579
372
586
262
263
235
317
686
340
386
318
262
320
356
503
327
286
297
325
321
314
475
345
324
362
329
362
315
313
309
270
259
324
423
302
280
308
295
367
360
340
308
344
364
328
365
365
332
335
364
341
307
297
377
314
280
457
318
329
329
410
341
390
381
604
467
481
544
392
230
280
579
309
316
362
292
297
396
313
278
330
272
296
365
438
258
265
251
260
331
340
346
317
348
257
241
311
339
387
343
333
419
402
379
351
328
588
283
414
344
372
298
474
350
371
363
399
309
270
305
262
461
388
416
349
338
355
390
388
448
369
338
343
461
295
312
251
518
396
334
303
296
281
347
672
305
402
535
111763675
 Average Time : 21828 Minimum Time : 224 Maximum Time : 42589 microseconds 
 Client 1 Average Get/Set Latency = 0.021828 seconds 
 Throughput = 45.8127 opertions per second
