44889
75083
100364
58614
66366
79896
65902
55097
48966
69497
69970
72171
42607
57121
64610
54341
60924
48488
57179
50159
60981
54574
75694
57646
65655
45048
64017
53712
41684
45174
56098
67581
50788
54815
46926
80275
38638
42919
54494
57139
36059
47434
57083
54161
55742
46330
40782
53320
47492
60593
45525
54461
63964
41900
58877
32518
51222
35027
64246
48065
49353
50412
69543
47891
53024
56832
42465
36999
62391
39833
54287
42115
34628
54500
48140
76289
52867
46872
44934
46658
39686
58116
51664
42021
54139
63763
52340
52989
44677
57994
64178
51522
52110
52906
50606
68923
37909
63482
58148
53287
41524
60149
47731
48009
50019
45434
62366
55723
48755
85421
71997
52916
50390
48619
53316
65355
43292
50969
68733
43686
40839
58740
51671
49530
50994
58578
42098
46511
55303
41221
68719
55090
58449
39562
46472
48729
39483
63311
49322
42578
60518
53928
44545
39357
33990
65037
47783
43260
35670
63081
49914
73727
53330
52275
75692
69614
68989
57930
58659
49380
38959
67891
53791
75940
69424
52056
82716
76688
54874
69867
101819
78837
78672
83249
81433
53758
113119
101568
67638
96779
44492
103966
111729
48919
53150
53259
70029
100261
96507
56265
69757
86620
54778
68994
92989
99222
85067
71696
84112
113571
88907
109642
79926
57779
70327
93609
105396
77584
62369
78859
73078
72942
71219
109605
143365
85499
76056
68548
33836
84227
89128
71540
140253
99743
116757
114240
83611
88614
97614
70607
99297
93212
79990
105042
85830
117913
110078
102970
88454
114766
93180
97467
126762
123516
97924
108381
79553
88881
105725
119367
89880
112375
103719
100751
125667
131249
106186
113650
112548
128561
121315
105709
101227
112353
82245
130375
98804
102683
99475
84603
63017
97962
78815
106375
120016
88229
125452
58810
50379
72830
57460
57088
66488
68771
68274
69909
62276
59164
88425
121752
82656
113930
126141
102400
86095
123504
87649
93452
87698
107909
117929
59490
36055
63144
59498
34488
43333
54090
62292
67137
44771
71550
44968
41656
40469
33020
26358
30602
29215
24347
22088041
 Average Time : 69025 Minimum Time : 24347 Maximum Time : 143365 microseconds 
 Client 30 Average Get/Set Latency = 0.069025 seconds 
 Throughput = 14.4875 opertions per second
