32482
26653
21839
26139
21057
22047
22868
23986
21039
23269
21009
22200
20495
21189
22884
25544
23572
21355
21267
23464
25201
32279
21187
23434
21625
22788
21039
22144
23013
21486
21234
27741
22097
25222
22422
22690
23426
22173
22595
24999
20544
21060
21686
23565
22655
20512
24460
20043
20230
20403
21909
23583
20179
23255
24870
23444
22136
22523
22093
23981
23003
23245
21822
23652
23400
23379
24338
23770
25100
23054
21159
24699
21887
22883
24190
24271
22689
21966
21948
23483
23289
21806
24241
22019
22755
21653
22788
20562
23023
24051
21941
22449
22557
21775
20147
23385
25077
24969
22135
22695
20997
24554
22818
21707
24990
23276
20835
24979
22987
21896
22848
26342
24310
24687
21324
24452
21293
30729
24410
22262
21326
22168
21348
22050
22919
21760
21975
22306
23479
25814
20644
23659
21940
20529
22204
25337
23560
23540
24223
24464
27517
21310
24075
21294
21394
22573
25852
24719
22954
22960
26238
23228
24747
24435
22487
20611
22679
21865
21813
21391
21751
22037
25587
21242
21804
22725
22451
26182
21435
21794
24284
21959
27334
26530
22849
22816
27338
22057
23415
23628
21603
26454
21244
25980
24117
23748
23213
23409
25090
24371
21792
26438
23178
25604
22958
21792
23053
21159
23505
25752
21483
21841
23443
22442
24712
21953
22452
22570
22754
25130
25365
25493
23167
30418
22368
24326
22289
22477
21101
23684
23811
24716
23781
24995
24739
26546
20737
21341
22771
22843
26559
20159
21536
22689
21730
22869
24025
27414
20923
22672
23043
25693
21772
26896
24142
22629
24513
22035
22202
22190
23852
23062
25324
22464
20962
33202
21564
23799
22755
25510
22587
21609
25105
20453
23353
21255
21513
22079
23648
22097
21266
22948
21934
24949
23649
23956
21385
22658
21901
21828
22683
21383
21907
21874
25558
25927
22297
22645
23181
25713
22869
21783
21893
21957
21139
26288
21884
21009
22872
24304
26581
22260
21729
22819
24602
21181
27667
22537
26289
24234
21297
27327
25047
23394
21223
24445
21689
23032
22653
26481
23494
22670
20903
21541
22569
24526
20304
22076
22538
21977
22455
21095
20906
24539
23072
24517
24773
22928
23537
21139
22524
25280
20689
21724
22949
22398
22827
25603
23851
23567
20592
22382
22330
21018
21977
23501
23233
24180
20917
23213
24673
24455
21715
21956
26382
26938
23079
21745
22282
21469
20467
23167
20979
20027
23720
21188
27524
25099
20695
22820
28095
24914
21032
21522
21181
20666
20867
24510
25408
23674
24655
20823
22946
26479
21436
20650
25466
22670
23610
23860
20436
24079
21575
23940
22656
21778
23399
22025
22128
25223
20391
24161
23252
22644
21778
22422
25624
22389
22028
25007
26051
22715
22710
20878
22949
23155
20996
21666
21767
21905
21837
26078
25483
22609
23707
21988
23123
23030
22153
21545
21827
21541
29417
21982
23180
22726
24182
24238
20345
21303
27208
23243
27800
23299
21364
21023
22191
22719
21535
23724
23558
22631
23818
27039
24883
21930
22980
22732
23262
21381
20225
21997
22924
22391
23926
21326
21647
23308
22423
23338
26174
22882
23210
21965
23396
22965
26279
25055
24894
25732
23804
24862
21965
22315
22391
24818
22751
22294
22337
24732
21003
26396
23280
24420
21038
22913
23373
21084
23345
21995
20981
24284
23276
23312
21466
23477
23409
23849
21464
22369
20512
21509
23098
23536
24209
24519
23345
22219
25297
23553
25841
25110
25147
21908
22559
24223
22335
22786
23756
23440
24416
21207
23385
23458
24013
21823
24078
21535
24033
23881
24540
21470
20706
24739
24189
24850
29478
25138
23100
26151
21860
25016
24342
24788
22861
21915
21576
22499
23525
20868
25022
23415
22370
21019
23419
23246
24689
23423
22029
25887
21059
22811
21309
22582
21247
20915
21279
23752
24388
20015
22187
21887
22686
23213
21560
21159
23667
22138
24427
25117
22911
22100
23399
22962
27330
24114
22630
23181
22558
23638
21176
26089
27705
23692
23902
24396
24964
20681
23002
24729
22138
22930
22883
25421
22295
24148
22529
23328
22398
24561
24445
23435
22154
22291
24565
22553
20713
25734
21548
22524
23076
27420
23288
21858
25069
22035
22681
25885
24015
21688
25454
24123
23151
22304
23615
22337
23641
22341
23011
23000
24136
24792
22520
25803
23578
22871
21703
27005
21547
23622
21813
24442
22046
23023
23489
23209
24893
22619
24992
24276
24027
22650
24159
24688
23780
23655
22553
21149
22165
20979
21651
23858
22787
26157
25669
21934
24929
24058
24035
22528
20692
21429
22609
22208
20929
23406
23667
22589
20838
23544
23375
23863
21692
22734
22312
24392
23964
23111
22023
23598
22765
26747
23060
21116
21697
22266
23586
23792
25334
22688
23723
30714
22200
26418
24967
23021
22201
22999
24205
22526
23265
21360
23959
23226
21280
22217
22290
23757
23775
22483
22831
25017
21567
25571
26105
23194
25170
22243
23389
21693
21542
22267
23033
21435
25843
23697
20377
22766
23201
24465
24175
23808
22505
22830
24311
25059
27854
24050
24741
23860
24220
23613
25323
24612
20898
25131
21485
26244
21705
21453
24479
20921
21554
23782
20947
23992
25099
19309
22221
21718
22251
24342
21739
22919
24306
23843
22245
24494
23679
23249
20990
22230
24484
24547
23046
21834
22652
23893
20580
23185
23696
20833
21510
23088
24767
23901
23193
24966
22877
22386
22077
22153
22054
23862
25899
23588
22678
20904
25087
21511
25917
22466
22193
24638
24607
22490
21659
24501
22549
23160
23718
21739
24966
21640
23531
24932
23553
23060
22267
22110
23018
25249
22722
23020
22867
22751
21792
22355
21803
22070
21556
20806
26918
21440
23754
22636
23431
24682
22114
23268
23089
22434
24779
22552
22185
22829
21631
23635
24439
22708
22445
23437
22064
23676
22977
22274
25166
21689
25353
26422
24932
23400
23214
21209
26113
27428
23946
22884
21190
23820
23106
23892
22123
23593
22911
25025
22776
24309
26312
23046
25516
23137
23057
21570
22141
24280
22466
25029
24940
23896
24204
21458
21019
25163
23923
25011
25488
26544
21671
22892
21693
22600
22702
24674
27054
22883
22574
21908
22581
22980
21799
21434
27188
24437
21749
22920
22916
24375
22614
21725
25423
25224
23967
24955
21781
24909
22359
23733
24385
22651
22205
21997
22968
26380
20779
23144
22754
21846
23433
23517
28236
21546
21302
22949
30758
22167
21344
21952
25294
23130
21945
25474
21733
22964
22065
21807
22297
22623
23990
23969
27373
22766
21149
23381
22323
27248
22539
22515
25639
23579
23409
21111
22839
24569
23050
27133
26344
21838
21333
25908
24260
24146
21434
22988
22640
22140
23674
22463
20696
21810
25163
26473
24031
24206
23169
21218
23556
24114
22329
22849
24897
22445
26186
22935
26238
21025
24697
23701
23698
26276
23624
22705
21809
24126
21988
21683
23844
23429
25401
22591
22008
21494
22200
21765
24332
22374
24304
21132
24091
26172
24670
22018
22596
21000
23096
22437
24807
27273
23718
25936
23610
23069
27015
22708
22381
24721
22268
25585
20488
24812
23409
23188
22520
21998
24730
24856
22246
22432
23550
20743
23254
25737
21810
20934
21501
22885
24071
23621
21377
26609
23331
26788
22419
22655
21313
22283
22049
24755
23496
23045
24043
23700
24797
23821
25410
25394
23726
21851
27198
23803
22309
24309
29555
22497
26291
22177
25515
24119
24256
24773
23847
22726
20350
26737
21940
22800
21872
26130
24644
22916
24881
23740
25248
22615
22440
23395
22975
26332
22601
24194
26083
22522
22826
22548
25070
21037
25108
22148
21213
25420
23533
22241
22668
21935
21633
23730
22694
22730
25018
22901
26761
23101
22545
22697
21550
24312
25952
21884
24348
25484
21948
24423
24821
22598
22213
22016
24362
20683
24002
24672
22645
23578
25210
20966
22410
23572
21988
24748
23179
24267
20884
22556
24203
28191
21050
22087
21967
21095
27606
25070
22165
24087
25280
25381
22532
24004
22946
23747
24655
21758
22164
24681
24699
23044
24531
23089
30042
26524
26201
21702
22090
24484
24245
26911
21855
23865
22586
21874
21850
23825
25978
23112
22682
23341
23431
23947
24942
24860
21638
22348
23843
21566
29157
24151
22527
24272
23913
24382
25632
21581
25183
25523
22702
22834
21987
25994
24781
22796
25442
21729
29819101
 Average Time : 23296 Minimum Time : 19309 Maximum Time : 33202 microseconds 
 Client 1 Average Get/Set Latency = 0.023296 seconds 
 Throughput = 42.9258 opertions per second
