37935
39006
31063
41093
31130
34385
29978
36900
32392
40064
31795
32707
48885
32151
38010
29140
33275
38908
36877
40334
35539
33668
27205
37513
27924
27039
32311
28672
28589
33142
35695
34594
39565
43357
35116
36106
31527
34304
36059
48591
37117
30363
28993
34199
40987
32699
36159
33619
29210
41149
32085
31394
38456
31345
35696
37476
35867
34678
31816
37850
30607
29471
32170
32507
40780
36681
39696
35944
34419
31972
38374
34649
31360
36498
32222
33483
31757
27812
34430
35835
27690
33052
37683
32668
30216
41309
27590
36777
34505
41708
35469
26772
29897
31167
33546
29489
28164
31347
27682
34917
32495
41219
28996
27429
30467
32579
29462
42429
35377
32766
34376
36834
30791
32814
32742
33026
34607
31304
35606
39408
43996
43319
32348
35113
32068
33954
31404
33575
30697
39687
38125
29385
36389
35256
35118
29141
37551
34570
39716
28329
37120
36602
28255
32149
45231
33206
31556
32736
35422
40131
42486
35326
43267
37637
31966
30470
33488
31710
41770
31554
33569
39281
40476
29460
34998
34047
30609
31358
31261
28761
32438
26723
34442
28717
32446
30044
28112
26663
28579
35490
42421
33277
30188
39920
40402
28797
28148
32718
31960
34420
28829
29015
44933
28999
29867
30127
47663
38160
36858
31593
30300
24714
28684
31796
30884
36269
39439
39533
32832
30363
48540
43117
35368
36516
34830
33602
32969
37647
34216
28994
46313
27558
33674
28210
34700
34948
32077
31968
26948
33752
34231
25246
30083
28503
30180
32760
31466
31020
26095
35539
30818
34999
27845
38049
39925
25595
38847
26944
35752
31911
36278
35310
36395
32885
31002
35068
34081
31054
33460
29063
30317
33255
29803
36242
31946
33717
32891
34499
31327
33787
35548
33204
37621
45296
38655
29885
34348
28356
41005
29208
37099
31817
38440
38669
31763
35839
35277
30532
29218
39571
36826
33671
31745
32575
26104
34474
31176
34719
31536
27041
27911
35276
33510
39712
30127
35636
34222
40003
28616
42301
33585
33614
38188
35346
37239
33511
33463
30455
35785
35680
36814
37513
34151
34054
29677
35255
27833
34795
31031
28064
35525
30653
30864
33601
37801
33273
36381
33358
38252
32858
33211
39730
36186
28168
30391
32526
33936
34786
33076
34433
32380
32371
37498
38417
35365
37144
35294
34987
34792
30389
32585
29413
32759
37791
29178
33652
35003
35035
32110
39833
35036
35894
37180
37902
33009
32113
34002
32928
35112
32341
36421
37862
35574
44608
30040
35556
37397
43363
27941
33527
34591
30174
36036
41229
42028
29242
34422
29371
33398
40747
35882
37817
33588
31601
35627
32221
34084
32248
38217
34129
45172
35870
30572
38287
30201
32398
34406
31994
35757
28744
42421
33218
33874
41290
35806
28118
35733
37378
31796
40567
37418
34398
33930
29104
28790
33749
31442
34783
35370
39549
27416
33012
33997
42064
32080
37546
29177
31709
30654
32078
30659
35000
35247
44153
36677
39882
38725
33258
27361
30331
29620
42289
34527
41513
30863
37916
35930
34084
28625
31449
36393
30610
28993
29392
31437
30330
29449
30762
38932
28705
37369
27930
34568
33429
30645
36738
31306
25745
34189
36530
33252
38695
31379
34726
31756
36391
36466
36059
27846
41028
31475
34867
33269
27939
36210
35641
36209
34728
36448
45368
28479
36381
31419
39582
30814
32940
29422
36154
28764
28232
32603
35027
37422
26235
32173
29708
31927
33552
27914
29785
34302
26935
36332
32002
36713
33902
36571
36117
33826
30398
37896
29655
35106
45346
31450
33682
38656
34583
37757
36150
33078
31943
33727
36664
32944
31708
32073
35290
33227
37645
30281
40883
29049
35992
34433
32658
29546
35638
43000
30319
36004
25708
40100
32882
27783
34286
31567
37656
27212
42280
31123
38849
26940
30838
37562
33001
36569
39057
35614
34573
33015
35164
35146
36296
26874
39400
34282
39353
39253
44441
35949
32220
28195
41596
36074
34466
35593
32213
33154
37265
38141
36596
33012
39313
45648
29945
28156
37713
38645
38199
34166
34732
30011
32465
34811
37089
27945
32944
32230
35205
35539
35601
30847
36022
25768
28331
26600
21562
20605
19448
21767366
 Average Time : 34011 Minimum Time : 19448 Maximum Time : 48885 microseconds 
 Client 1 Average Get/Set Latency = 0.034011 seconds 
 Throughput = 29.4023 opertions per second
