35079
45421
38472
37415
40923
27831
31846
34475
37458
42531
35474
40345
37157
35219
35609
29231
31196
32359
34283
36509
28651
27576
33290
29856
37163
36747
36005
33510
38710
35727
30102
31441
29599
30044
26242
29617
35562
36904
29704
32580
35041
44866
37934
38421
30288
32216
34799
41685
35898
28554
31183
34258
31522
38669
27807
31123
31316
39108
38777
33923
30431
36646
32038
38847
36175
35729
32553
32559
33687
50656
32142
33565
29844
46988
29722
34350
32483
36860
41020
31157
32824
30435
39903
34451
29456
33874
33362
29796
33115
28969
35228
31240
32265
33078
36622
27927
27663
35497
27605
28495
38749
35064
29460
36089
33273
29630
30291
29551
31890
38896
27659
47150
32347
29772
31767
30857
30939
32226
38628
30419
30460
32407
31542
31079
33330
32252
35291
31898
36201
30124
40829
30023
29289
31024
31789
31387
29387
30277
34600
35162
27577
31500
33796
31215
33265
36708
36919
33204
34326
31685
27928
33495
25771
35046
35476
40893
32055
37630
37681
37260
32263
33447
37592
34703
33540
37474
37401
30669
38231
34916
34136
34977
28422
32683
33105
35320
39230
30749
26900
29655
36474
31204
33233
36365
32902
30023
37015
27082
28118
31756
37857
43122
41483
31046
29088
36933
30336
30936
28031
41312
33533
35604
30291
37292
30718
38031
34293
32270
32229
35111
28309
31919
31738
42234
30618
33070
39181
33129
33685
32671
30526
38741
37043
27889
37289
34624
35668
35669
33033
31526
32222
33866
35864
32773
35838
32848
37026
33642
29849
32809
35398
31979
39020
33775
33700
33593
30481
32328
40126
34501
26455
35977
30722
36709
38227
40274
38814
30951
34283
34229
37456
26927
32637
42629
31187
35704
36457
34092
30701
32331
33621
39180
36601
32256
28101
38542
32533
29296
37097
33763
34192
37914
29657
33153
29360
33490
32244
28118
38150
27191
35531
34419
34082
32436
31684
31662
31159
29244
31848
27537
32855
34243
35780
30786
38760
35185
42668
33910
43481
33909
33221
28789
33217
37748
31904
30336
42232
34422
32977
38018
37646
31002
34555
35967
38639
34920
43587
34933
36799
32726
33075
35688
36765
35924
31439
37487
41236
33237
40336
37218
30894
29927
32132
30269
41176
33555
36690
36836
32311
37198
36509
35412
31782
34934
39268
39124
33644
37837
33392
27927
33827
36528
37902
39926
32795
37578
29397
30672
36051
43216
27846
32064
40784
41259
31005
36539
28961
29945
29102
33679
36884
35044
33645
37429
31766
29000
40076
28584
41330
37958
30690
33464
28831
34175
30188
33073
33012
32951
32209
30225
34262
25991
33144
33872
29562
27555
39528
36090
36418
30587
42136
36332
34252
38026
36630
34622
33071
45482
30722
27156
38224
30252
31290
33996
29072
34009
41607
28941
32360
29874
32690
39960
29475
33712
29119
42083
36495
32046
28862
30818
29464
27028
27391
30221
36794
30483
36242
31561
28620
43063
33863
30448
30697
38268
32968
36716
33339
33508
30602
39216
32350
30622
33530
27060
39636
30741
32207
31450
36471
36629
28327
32591
25150
32394
44119
32065
34984
35257
35927
30416
42576
34406
30932
34456
31867
40179
26563
42043
39506
33827
32082
30976
32098
29625
36500
33153
36057
32559
33442
36948
33617
38748
39433
36414
39774
32291
39038
29484
36967
40849
38354
32337
40907
35277
41181
30618
27456
43430
35731
32183
40686
29036
40786
39048
35641
35793
35297
37681
43642
28285
28903
27455
33774
32834
34772
30446
37277
30918
35476
31952
30811
36812
32994
35647
33750
32036
34669
36899
33928
38098
32003
38000
34730
29580
33051
30463
38570
31651
29522
37232
36358
33571
31642
29337
35306
39110
37824
43711
32499
37862
32851
31243
37715
32374
37509
32484
35571
37954
34615
31477
31049
38592
31616
32864
35752
34820
31545
32579
37373
26712
37438
36264
36063
38726
36402
33511
38881
35139
38256
38018
31091
35562
33854
46265
34340
30050
36137
30646
30987
37797
34555
38696
33777
30620
30229
41199
31700
30049
37108
30078
34522
28696
37116
35378
31132
34409
36583
34608
38579
31796
28793
38529
28591
29636
29766
30843
22507
21667
21241
22151
21759786
 Average Time : 33999 Minimum Time : 21241 Maximum Time : 50656 microseconds 
 Client 9 Average Get/Set Latency = 0.033999 seconds 
 Throughput = 29.4126 opertions per second
