38809
44009
39403
28064
34387
35108
34467
36814
34095
35728
37851
34538
32502
37703
30399
31388
32026
36381
30660
39503
35598
39354
43268
30627
32040
34594
27543
41635
31454
35608
30701
35493
37222
29735
43084
36579
36207
29908
30705
30346
30349
33794
30971
43450
32692
35147
26851
26850
37202
29658
35797
35997
37573
35509
25955
28787
31467
34175
28011
33320
37132
37447
28167
28954
30674
30847
35932
31309
27219
33662
30189
30729
33371
31273
40417
34379
34703
43053
28047
30464
33511
38473
35853
37417
37217
28272
27694
32507
37972
30077
37613
33693
29702
33765
31028
30446
34985
37806
31857
45950
39978
40857
33032
34460
31942
31409
39342
35763
34804
32048
39566
31455
29016
41410
39970
36559
30104
27000
30222
33445
25030
31927
31579
27114
29169
31577
33668
34950
28266
28098
32924
30318
32287
35894
26037
42432
38853
30217
30973
32548
35315
30839
36795
38816
30665
31408
32142
33259
31529
29613
31763
37043
32780
33563
27934
27265
32169
32994
32344
42721
33851
33892
33496
25640
34504
33818
32255
38834
33811
31132
30035
35897
31812
29726
29899
29842
32308
38174
38098
42109
34310
31852
29094
43110
30332
35628
30090
34595
37165
32179
39336
32514
34965
38747
32158
33748
39983
30896
40331
29717
31286
52018
33013
42502
43991
28624
30540
28270
39365
36738
35610
34002
33824
39948
33892
31822
33233
27473
36578
30013
33173
29269
37537
31366
34391
35177
34490
36055
33860
34188
29638
45613
30780
39480
32684
27113
40046
37484
31960
40135
37823
45939
31781
41735
36650
28437
36292
33761
42713
30655
32463
33251
33007
44557
37690
28876
32892
37062
37431
36482
29919
36837
33216
31507
39083
39611
36281
28100
42069
31871
36034
35736
33665
30175
29182
32793
36232
33628
36183
32919
32115
37355
25848
34675
34830
49084
37116
30635
32856
38686
28721
34940
35904
32456
32399
37007
29122
28825
36480
32941
35317
27161
48552
36970
39960
33176
32669
37668
32751
38237
25203
35999
29891
26436
30469
33956
38264
41701
39525
33422
36145
34500
31319
31969
45544
35082
33745
30147
31330
36354
39738
35154
33459
31947
29941
28538
28557
29303
39615
31889
40018
31398
35310
35477
32030
34689
32312
34911
31993
37058
30016
33931
36149
35625
34933
35142
38786
36171
35323
32286
46003
36454
30104
34429
28521
31882
35550
31899
32210
33140
31265
37815
29326
32063
29281
36238
34432
31383
37755
36161
29924
32178
33330
35261
33855
32612
29356
30517
39544
34927
32723
36470
28268
37359
36334
29162
34367
41310
32658
32028
34114
34947
31854
31770
34110
31612
34795
31276
37331
36343
39805
36955
34914
35230
36679
32479
31463
34019
29925
46006
28181
28353
34574
34043
31348
30898
38981
32486
31662
31452
37418
28600
27317
37542
33039
35643
28386
31244
32324
32354
31562
43472
32717
30927
33342
38786
40220
31346
38199
37788
40402
31557
28999
30172
32686
44642
35784
32733
40777
35162
30365
37145
27345
32763
30412
32761
34115
35413
35112
35436
35341
37789
33078
32362
40757
30395
28875
35217
35925
36611
39987
36507
37878
40479
34017
33464
39590
34562
36988
31242
44626
37404
26743
36413
37282
49321
31093
37045
29708
30162
36382
35964
30931
34402
36430
32140
31635
30035
27851
43502
34658
32878
31471
29505
32205
40436
33263
42704
38090
31724
32463
32416
30265
29383
31984
31889
31641
35065
34408
34950
45184
39007
32236
32809
30423
37330
39904
34888
30883
31842
34686
31486
32417
38440
26872
37463
38689
30944
28492
34155
33488
32075
37072
41114
28959
30848
36156
36055
34288
29235
31632
30612
33977
29989
28781
25716
35681
32111
34342
42182
26844
38093
35073
32489
36603
32687
40364
42138
35143
37601
31541
33436
34706
33595
33533
33848
34017
51477
36240
38196
31696
36375
29129
30822
27529
35704
33434
35957
43030
39341
38158
42173
39336
38122
32505
37338
35530
36751
37713
38460
35523
35997
31238
29470
35786
32174
35718
32535
28372
32283
34807
28114
35904
30892
29587
34609
30803
32913
29576
30505
42398
26458
24715
24194
24767
21541
23356
23869
19492
17514
21786392
 Average Time : 34041 Minimum Time : 17514 Maximum Time : 52018 microseconds 
 Client 6 Average Get/Set Latency = 0.034041 seconds 
 Throughput = 29.3763 opertions per second
