51465
75190
102425
75613
59412
58389
59240
53912
58762
43291
64317
61581
48528
57866
33296
43719
38719
62551
65788
54124
41724
48402
46230
55463
52957
69646
56778
32702
54435
43607
35933
60271
44973
58372
42223
54088
73334
71038
47223
50228
56180
72620
45170
50438
73370
50942
67328
43587
45291
66426
56380
53822
74650
40010
33078
62724
63461
54699
45174
47509
50195
70846
49157
45290
64216
55456
66137
44412
38621
62433
49979
47177
59069
45785
51093
45661
52713
46096
49835
35506
44524
61580
49281
54862
29060
28261
44423
40807
66467
38010
49079
52524
57735
45485
44214
76253
44783
44065
64288
44151
47881
37658
62223
48601
34592
50773
45193
56596
47131
38120
35216
49063
41317
55683
44506
35384
48948
60047
44869
65720
54690
64951
46171
58030
64590
49345
61090
49369
65011
52021
60759
49383
72667
59879
53353
49518
58130
54685
44179
38904
38279
41087
46843
52278
50824
53079
42346
82376
46282
35839
55094
40589
38188
67327
40224
51933
33376
71357
84239
63588
54115
79801
51029
39096
65155
56996
79254
64302
86673
75151
65352
58422
69315
57543
94115
65382
69977
82028
57259
83557
61283
49624
67383
52588
95067
94240
81144
68503
89309
73959
94470
95874
82893
83087
34950
63540
52280
93268
92692
94559
62801
80357
92672
82313
75503
94699
63923
99436
83671
84908
78114
118268
79696
128611
65438
76881
120737
94259
70454
81896
161780
122969
84879
105985
81061
89872
102347
90596
78437
143909
83842
59932
144966
78871
110534
74093
103252
114175
66283
111547
90874
76916
142007
124170
90441
75398
76130
114558
91461
65102
142562
124728
117708
103562
60116
102711
116756
89695
92921
150399
98334
116805
114932
95307
104306
102589
80009
81803
93156
119968
79675
142258
124148
87240
86608
85662
124760
69682
109426
97022
70832
103680
57068
68689
71191
79961
68111
70038
86633
85800
104729
80737
94050
90365
63845
86052
91696
64372
90091
132652
98890
105354
89039
99146
96764
44546
49648
37865
53302
54603
47505
53336
38944
63745
53685
57381
45457
49110
47720
33564
21972900
 Average Time : 68665 Minimum Time : 28261 Maximum Time : 161780 microseconds 
 Client 4 Average Get/Set Latency = 0.068665 seconds 
 Throughput = 14.5635 opertions per second
