41205
61888
57540
71854
84387
44796
77113
61611
64652
76710
74741
45420
46550
54141
50171
53089
44877
55008
51707
52456
62039
44472
47179
50366
50209
43874
36770
45872
37013
52757
42815
70295
71186
41160
42294
45167
53626
38368
51902
51471
49523
59295
52772
58181
53333
39825
32218
34096
41503
68452
45132
82799
49734
44078
45746
64389
52206
63130
56037
46500
57551
47291
48015
41329
32709
52182
45827
48124
55721
51748
42801
66282
48375
53453
43819
40778
47565
45248
46124
43003
52611
63937
54322
79513
51377
55327
48923
46921
101285
47326
66762
58636
37312
73520
45739
43891
35997
45328
59109
45021
50979
59962
50613
66788
50442
44038
50280
65555
60985
42225
40357
42534
60328
73903
41554
35518
42835
41829
50338
53266
77754
58411
49145
67507
89187
61343
56244
47814
32920
50312
49775
50876
56578
53166
71760
73068
52844
68950
43762
47419
38369
46370
41682
51017
48648
57121
39013
53991
35318
41886
56224
42826
74275
44351
65069
50692
63358
45295
63406
73524
70277
54673
51341
47646
62481
59025
79566
69771
67623
85750
71305
83412
100469
74456
64182
40946
78004
131761
73302
92097
108899
51225
75715
38451
59158
95819
40353
68164
83908
50670
77473
74631
67678
101509
120762
90683
111328
84915
104336
74049
64006
73924
102462
97950
59366
95995
55094
105043
82787
100543
65345
73627
83773
55405
74583
89193
111045
132135
89455
75866
106618
118304
100338
65174
100905
70602
108175
126578
68325
113055
84969
91626
105217
109256
118282
116573
115963
66099
107953
129325
91889
65913
63902
105767
94601
55557
91581
106414
120406
73296
105484
86774
89919
82492
81683
99333
123099
117573
85957
100389
79500
132164
106877
81560
113422
81926
125782
121222
98831
79529
140123
74437
97875
96054
105889
113499
88622
72720
89939
120235
132933
44520
33976
59162
50483
39638
58763
72490
91026
76007
71316
74259
68028
78405
97977
88750
93392
90281
90442
75120
64798
66025
83272
90580
100356
111793
88152
52744
67143
55675
58864
49473
36750
52524
50664
38361
43438
76793
47056
53013
21859525
 Average Time : 68311 Minimum Time : 32218 Maximum Time : 140123 microseconds 
 Client 31 Average Get/Set Latency = 0.068311 seconds 
 Throughput = 14.6389 opertions per second
