62196
104590
60350
53346
76898
42572
61869
89856
66869
68613
67118
44029
41018
58863
32459
80208
42372
52320
52462
49554
49335
34171
46582
47166
51125
43827
46427
53777
50746
48307
49302
33998
64335
53644
43869
51943
46632
52379
46588
62339
57314
44769
54510
61774
70954
43393
60323
50351
45965
43680
53505
60846
42100
46829
55962
44121
41885
44534
41184
38083
54000
32758
67801
30018
74521
43678
55076
61685
55555
59115
59257
54616
49315
89525
52364
46025
40370
43623
68470
46698
49480
45888
49680
48702
44663
84743
50596
45590
57987
42540
56278
34747
47782
45790
52167
62987
59541
36379
43092
57736
67040
38185
46568
56062
56529
60182
53199
59544
46579
36253
51509
59283
51799
55628
46960
41506
52603
82871
50592
44951
39483
44866
56012
44790
59496
61642
33027
74954
46245
59471
41834
53339
56837
63377
40142
43591
55237
55027
47912
54247
44268
63975
41528
74859
61473
54414
50447
49571
44879
69692
58944
39319
38383
47428
59144
78721
81053
44744
63305
63489
90649
45554
54550
91627
59569
96304
57190
76744
108795
70009
70057
80555
77825
76044
93411
98154
42190
76568
65760
67505
79341
69117
86896
81961
48399
72381
49894
68631
96915
63346
59342
79232
104888
104739
69752
97458
92516
84636
89797
71566
75214
96672
107314
85130
49695
129694
120079
55697
67208
59917
58514
84565
89693
83733
79355
83307
102102
69154
72663
105140
67724
75409
66410
79770
88785
78867
99185
122077
80285
122124
137234
97926
99741
152127
62405
109508
82179
72953
133133
108919
103128
99737
97221
85241
79429
108579
67371
104419
120915
98058
75919
80207
65286
97786
77592
93435
116492
111606
132816
171714
87362
76133
91755
108886
68042
128656
93999
93810
145675
76603
100455
92759
87925
93507
117032
99770
96413
90597
114337
114936
82627
44651
43114
72051
37228
66307
48232
62733
90907
63849
62089
56689
96145
89291
88228
127655
76860
123388
100564
84027
87153
134512
77994
102013
78641
113978
62182
33941
65755
43588
40522
39246
79951
38896
39040
43966
40744
41400
50196
38679
21922091
 Average Time : 68506 Minimum Time : 30018 Maximum Time : 171714 microseconds 
 Client 14 Average Get/Set Latency = 0.068506 seconds 
 Throughput = 14.5973 opertions per second
