21177
20805
20772
24559
19824
21892
20031
22834
20155
22461
20784
24078
24074
20505
22595
24529
22561
22787
22068
21665
27758
23428
20515
21800
22499
23328
22252
22096
20521
21168
22031
25176
20757
19346
22017
21594
23990
22591
22457
21628
20372
20819
27021
20478
20165
23048
20295
19530
27330
20967
21148
21026
21262
23767
21308
19830
21125
20226
19487
25599
21093
19953
21231
21338
19090
21437
20707
21469
22438
22965
23346
25124
23225
20236
22484
21808
20469
22814
21983
22507
21474
21624
21684
20755
19256
20325
22471
21061
22947
24509
22825
21859
21145
19674
24159
23950
20377
24261
20760
22372
20174
22103
21298
21059
19179
19450
22468
19936
22419
21247
20709
21863
21001
22476
22936
23281
20795
21563
21644
23541
22249
19813
22877
24059
24207
18825
21951
23866
25355
23351
23376
21180
20479
19575
22020
21592
21004
21093
21183
21786
22120
19964
22035
19190
20165
21758
23236
26003
20072
21928
21332
24202
19555
22971
23737
23015
23757
21406
24975
21824
21387
23295
22455
22291
21798
21420
22267
20710
23108
19233
21421
19966
21152
21115
23252
19415
21385
23129
21719
22334
23865
20981
20769
19507
20485
26829
21443
22435
20559
22184
21021
28655
23233
22853
20902
22085
22954
21559
21409
20148
21680
25532
22108
20043
19685
22647
20840
18798
23911
23509
21877
20172
25113
22303
22753
22776
25122
23291
20666
25183
21271
21380
20559
21219
27927
23430
23161
21989
21696
21456
27475
22270
21383
22172
19838
21658
22049
22035
21843
19537
21302
19466
25110
22269
23841
21279
19607
24279
21801
22240
21409
19916
22310
23274
22653
20780
21370
21118
23424
21804
21772
21255
20444
20145
23473
21833
22801
21386
25849
21022
23429
21698
21165
21634
23351
24115
22289
22761
25682
20533
20494
24986
19739
20241
22829
19659
21724
23395
21974
22562
21175
19735
21177
24583
20097
20470
20584
22395
22216
23153
23360
20073
23679
21147
21750
22575
20205
19770
23397
22346
23329
23552
23725
22061
22733
28329
21097
23153
22229
23117
25489
24151
24029
19705
26534
26100
24785
22845
20208
20269
20906
22693
20307
21428
23771
21919
22877
21729
25029
23391
20877
20383
22509
20650
22499
23224
24001
20817
24693
23396
21689
19819
22441
20743
23749
19709
22281
22295
23559
25135
20484
22391
21879
28204
20798
23222
22663
21846
24188
20548
23157
21832
22911
19742
20657
22614
24810
20842
20312
20583
21189
21751
23121
19058
20953
23117
22092
20596
21456
20063
21204
21919
21852
25025
20246
24067
21657
22264
20990
24563
21167
21240
20942
21922
22196
23216
20894
20416
24892
23099
26154
19367
20520
21455
19880
30330
21987
21213
21251
20205
21713
25392
23742
22997
19425
25347
25016
23008
24422
19352
23490
20401
22645
22614
20813
20592
19455
21239
25955
21727
21079
22103
23497
22312
20995
20321
23150
21091
22590
23343
20726
19419
25035
23319
23771
21183
23763
21035
22652
22940
22865
21969
25159
24331
21115
23175
22657
24332
21781
20442
20822
20259
26837
21818
21189
22565
21089
24827
20438
21968
20677
22089
21021
21081
20338
18936
20899
29345
26876
24663
21987
21644
22273
22340
26472
23345
20557
21134
19974
21819
23161
23385
21127
20029
23777
24396
22640
21460
20333
19819
20375
24226
22521
22298
20811
21060
27433
23398
21417
20098
18876
20628
22182
23632
22613
20997
21340
21526
24092
21315
22737
19965
22697
20619
25099
19697
22603
22399
21260
22077
22295
22003
22671
22444
21685
21985
22198
18988
20224
21145
20317
23250
20711
20196
23094
21400
24349
21788
21627
20320
21688
26160
24964
22510
20791
21169
20196
21858
23575
22281
20919
23665
20485
23899
20971
26019
21545
22369
21734
22277
20466
24055
19398
23668
21963
24071
23660
23007
20784
21342
22251
21587
21126
21320
20200
20709
23119
20999
21332
22493
21098
19132
25476
23244
21398
21888
20510
24178
19749
22498
24377
21536
19780
27416
20996
24294
20651
20344
20099
23010
23042
20163
23715
21836
24389
20986
24133
21771
23234
20946
26952
21277
20590
22325
22635
21691
21692
27637
21278
20097
25071
26270
20684
19875
23357
20048
20786
21937
21623
22453
23121
20701
22818
21502
22308
21483
20711
20728
23950
21088
23936
21355
21148
19726
27994
21397
19923
21476
21338
23472
22689
20526
21320
23224
21751
24300
21403
22981
23457
22430
23885
21637
21429
20520
19905
19709
23270
22932
21546
21603
22129
22631
26081
26395
21773
21922
20575
24170
22344
21030
24005
25095
23614
23728
25631
22592
21937
21430
25258
23926
19450
21587
22909
21064
24456
20397
22970
20269
22502
23135
24344
22001
22538
22127
23670
21584
23758
22006
20526
20478
23875
23372
21465
22222
20823
20780
22890
21721
26261
19695
21059
22132
23383
21583
24058
21320
20694
21930
22706
23364
22605
21075
22758
25421
23427
21069
20084
21284
24330
24114
21489
23105
22789
22335
25082
22687
22118
22630
19794
23262
23650
22827
21704
22251
22577
26292
23916
24402
20706
22102
25289
21160
20754
20309
23251
20475
25806
25703
22095
22955
24568
23973
22817
23437
22077
22097
22926
21199
21780
22396
23567
25909
23886
20186
19933
20974
20632
25421
22311
25818
21925
21154
23474
24415
20718
23961
22697
22122
21902
23421
21972
21585
23364
20763
23804
21565
22591
25255
23192
22372
23673
21406
21133
24133
22108
24138
20654
21449
21849
20826
21977
26553
24364
23184
20731
23266
20969
20166
24029
22693
22600
22326
25710
21830
23947
25385
22297
25428
23107
21631
22796
21234
22033
24238
24405
23733
22007
21321
27997
21547
21475
21423
23010
21931
23932
21130
21172
21310
21402
22887
24149
23576
20818
24717
23672
22237
21044
24681
21131
24757
24578
24294
20491
19309
21246
23171
24017
22848
20634
21339
22172
24179
21874
24481
22188
21114
20287
22933
22203
22873
21632
23282
20865
25188
22662
23750
20895
20384
25179
22725
21786
20870
20053
21884
23288
20021
23256
21998
23059
24815
21816
21356
23293
23278
21665
25034
21039
20153
23841
21880
23601
23130
20222
22489
21201
20908
22049
23879
22055
20950
23442
18831
24175
20795
22335
20189
20164
20308
23811
24031
23230
21645
24677
23315
20429
24570
21331
22602
22033
25930
23003
21888
23132
22089
21516
23207
21396
23040
22731
24304
23281
22686
21336
23416
19745
26724
20730
22042
23952
22386
18752
22307
22661
24858
21568
21150
25765
22640
21939
20790
22945
23651
24680
22409
22871
21216
21949
25187
20622
19746
21180
21518
22308
24488
20647
20983
22133
21037
21121
25776
20528
21999
23139
21457
23817
23847
21198
21618
19555
22978
23404
19910
22853
19709
19473
22680
23683
21599
23648
22923
21534
23455
24756
22340
20555
22034
22437
23849
21911
22120
23795
20457
24064
21857
23141
22976
22289
21347
25064
21369
21386
21651
22372
23034
21869
22029
21568
22675
24781
24447
23504
20032
21818
19424
19715
24609
24420
20559
21388
20482
22935
22840
26076
22228
20923
25910
22730
22874
21558
22262
22839
25107
21106
21511
20123
23155
22575
26320
23071
21252
20567
21464
22208
23352
20086
22289
21053
21227
24496
19743
22277
26198
22126
20950
23361
19932
22704
22411
22584
25206
21528
21983
23818
21624
21162
24637
22343
21711
23171
21168
22859
22959
22522
22032
21409
22924
24082
22685
24019
21648
24257
23215
24318
22028
19598
20991
22398
23757
22657
21921
21553
21722
21574
23305
19446
20912
26848
22848
22134
22407
23747
23121
24997
20955
24865
24689
22944
24428
23296
23306
22656
21809
22911
23295
25391
22021
21180
23657
22729
27016
21780
23471
22440
22722
22198
22920
22782
22530
21350
21047
21877
26860
24016
21730
20969
21524
20891
20907
21093
22012
22461
25342
24041
23317
21522
22632
22411
24856
23143
21047
19581
22619
24196
24289
20780
22205
24370
22578
22586
27777
20692
22941
22546
22438
23367
22288
20040
22284
22178
21080
25161
23713
20626
22297
23607
23732
21156
22640
23561
19779
21412
24693
23471
20330
25669
22111
22154
22319
20994
22527
21438
28131
23118
22984
25468
23239
25342
24831
23339
23270
22399
22143
27317
21373
23349
23203
21581
26027
24485
26840
20326
20723
24545
24390
22912
22541
21025
25764
23397
20649
22517
23262
24064
22844
22221
22553
21565
27749
21368
22110
22063
21300
19425
21110
21721
24279
21398
21232
21470
22067
21902
21781
23310
19698
22030
19934
22974
21555
21996
21143
22201
21893
25002
22182
24223
23626
21003
22223
23430
21586
24243
21458
23861
25676
22058
19753
20182
22843
21532
20670
19733
22026
23024
22664
21663
22149
22224
22766
23595
21814
22023
24451
21019
22390
22508
24043
24444
23985
22411
23917
24551
23085
21528
24799
26262
22651
25492
22424
21671
22224
23319
24703
23010
24582
22209
22298
23078
22463
21642
22971
24648
21154
22013
24324
20210
22950
23438
27538
22899
21615
23615
22210
22518
26577
22636
22213
22269
23220
23712
22536
21001
20878
21706
22059
25942
21995
22675
22181
21113
25996
23066
22380
20316
21918
23751
26102
21030
24021
21682
22246
24921
20716
21379
24080
21741
20952
25744
25298
22967
20810
22777
25428
20724
20427
21694
20803
21454
22965
19792
21496
23959
21925
21996
23118
23324
20896
21803
20805
31183
23798
20649
21649
22379
23289
30909
22462
24392
20276
20751
21582
23572
24809
24121
21342
23449
20073
20633
19854
20223
20852
23888
20985
20788
22738
23716
21742
25291
21616
21293
21939
22560
20430
23207
20757
21522
21907
20718
34134
25063
20295
22167
22637
23091
21589
23545
23018
20396
21611
24556
20617
23446
21203
19899
29157
22239
21716
20383
24887
21167
24600
21571
24081
22520
20808
22239
25411
21789
22559
30216
21537
24347
24150
20353
23760
21121
26065
25685
23843
19827
22092
22874
22582
22282
22031
23709
22774
26874
23291
23360
32384
26708
24543
20367
24663
21992
20690
23322
21592
23359
19927
20923
23167
25512
21225
22992
22225
22523
24815
21912
24178
20613
23823
23695
24510
21847
20798
21702
20270
24277
28136
20858
20166
21214
22342
25263
22393
21645
20364
21463
23187
20755
21784
22916
21270
22518
26434
21735
22313
20806
22497
22565
24726
21420
21614
21922
28155
25922
22796
21644
22693
23365
24816
21375
23714
22686
21823
23347
24668
22662
21103
22923
20210
21172
21899
21945
22273
23819
21896
25792
21578
23921
21013
23147
22007
26015
24315
21289
22386
25093
30124
21342
23500
23948
21278
23572
23839
20889
22354
21997
24778
21782
22173
22481
25277
22041
27174
22210
25234
21164
23413
23223
24838
22483
22067
23991
22122
23476
24859
21223
21854
20626
23320
20360
23435
22665
20886
22294
22039
21041
22043
26188
20664
26296
22459
23687
25487
21977
25048
21354
22622
22051
21859
19730
24760
23717
22840
24229
21918
22710
24210
21512
25419
21550
21044
23914
23075
22827
21331
21382
26909
22763
21944
21336
23198
22024
24657
24199
24698
21923
22465
26105
27655
23903
21326
20945
23804
22422
22118
23574
21316
23722
24617
20969
22685
22433
21829
21229
23368
23302
21562
23016
24927
20102
22076
22784
22028
22052
20995
23035
22119
23064
23542
22276
25077
25590
22531
24125
21300
24462
23703
22776
21464
21549
19890
27606
21403
21283
22587
22744
22420
25205
23399
24218
23528
25631
23621
22586
23140
20828
21604
24816
24911
22010
27699
22587
25955
23583
21299
22677
22430
23260
24917
23421
21089
20648
24961
23062
21721
21099
27465
22772
23404
22352
23058
22907
21733
22655
27344
21678
21542
23299
23427
21837
21869
23038
19498
20712
22857
24752
23315
21318
23328
19865
21978
26100
21800
23162
21953
23555
23408
20837
22187
20865
22598
20711
23521
23357
23842
21756
21469
22632
24951
22815
24798
19596
20655
24826
21355
23498
20512
20545
22369
23789
22662
21488
22000
21375
22464
23757
21605
21747
23356
22164
23516
21050
21990
21392
22308
21895
21248
24462
21533
20733
22923
25086
22098
22382
22152
22965
28237
21239
20531
23841
23513
22987
32849
22558
23951
21349
20937
24476
23711
21932
20226
25121
24530
24757
20676
22642
20972
24089
26482
21271
20479
22414
22030
21868
23706
22791
21776
20664
23320
24994
21919
21266
24624
23991
22610
22580
22732
22849
23009
23321
22875
21526
21014
22521
22529
25066
23634
23752
23346
20255
19927
26797
21940
22022
23212
23170
25192
22157
21369
19661
21736
22814
25026
24044
22397
24169
22084
24981
22600
22948
21871
25810
29748
25569
22148
22971
21362
21298
24242
21666
23810
20759
22030
26644
20866
23156
23723
23463
23074
24982
22191
20951
22422
23087
22416
22962
24690
22511
21924
22909
24814
22926
23174
22848
26693
25014
21614
24887
24558
25850
25027
22961
23577
24990
23296
24817
23384
21284
20437
21257
24523
22899
20421
23971
23370
21016
23792
20790
22292
21046
23207
23640
25489
22330
21715
22362
20834
25450
22213
22929
22428
23283
26471
24318
24799
24327
22080
21704
26024
24682
24204
22683
23304
29290
24331
22767
23683
20975
26924
23640
22970
23567
23184
22490
24254
26814
24836
25899
30793
23515
23378
26799
24367
25473
23639
23038
24455
25710
27006
24875
26618
20497
22986
26260
21011
27432
24872
27469
26610
20342
22667
23926
25307
21342
20867
22702
24766
23103
21532
25974
23247
26712
25905
24494
24754
23644
23621
26687
25613
23474
22147
24425
23220
23120
23067
22360
24494
23018
26667
21520
29069
25442
22552
22282
19968
24348
21206
25161
22523
25763
23608
25838
23338
23758
22257
21067
23232
23025
29425
21430
22346
29238
21644
24327
21730
24664
26009
20630
22384
22678
21631
20175
23681
21697
20079
21405
25263
24895
25917
21738
24558
22144
22277
26360
27901
22156
22753
27588
23095
24197
24331
22519
23325
27574
22207
19070
24706
27661
25509
25148
20557
25317
24217
31821
23523
21477
24371
25940
26144
20307
27286
20594
25697
25026
22852
21482
21857
21152
20732
23014
24344
21215
24252
25248
28789
26747
25070
22875
27916
24734
21372
24140
23710
22699
26928
25517
24719
23159
27076
23930
22777
22961
22862
24428
29129
24402
26894
27586
23912
26728
24581
26639
23460
24481
27331
23302
24759
23285
25788
24109
29501
23091
19957
23725
21083
22062
24319
23400
26669
24063
25099
28425
21000
21972
23533
25795
23327
22805
20501
21351
24565
24348
21064
26098
22235
23352
29645
23230
24739
22198
23840
26705
21670
22828
23964
21879
27202
20093
25290
28426
24423
30238
24573
21687
24335
24947
28459
20849
23074
22409
22446
26573
23972
23801
22708
25210
27823
22396
24116
18832
23475
25852
22215
26698
24261
24581
25522
28868
26644
25623
21175
23747
26229
23774
25615
22576
22068
23380
25216
25542
25902
22316
26562
23973
27915
26125
22525
27263
22144
26995
26474
24625
27850
24000
24282
24475
25707
23164
22488
19980
26273
22694
23228
20428
23647
29856
22938
30013
25297
26366
22027
22978
27377
24274
28848
22181
24965
26810
22588
25116
22662
26568
25776
23807
23544
25483
24124
28117
21189
20171
23290
22463
23751
29608
25291
24171
25669
25348
27452
21998
22906
22450
26105
26813
23124
23557
20632
22687
27089
24398
22878
25753
23222
27655
23964
24869
25344
22125
29490
22118
22920
20632
25609
26704
24276
22674
20911
27262
27042
26860
22897
24978
27168
27066
21973
24505
24553
21642
21230
21326
23680
21544
19863
25688
26752
21461
22986
26128
21853
23743
28087
24559
28156
25668
26911
24114
21017
24888
22458
25759
22335
23215
25483
22867
30105
27196
18869
28071
26409
25997
28853
26540
20109
21480
24474
22430
22007
25653
21170
27382
27319
23258
29119
20010
21264
27215
21685
27682
22996
23786
29065
24307
22440
22728
24740
24295
26141
25284
25545
26508
27405
26686
23729
24575
26052
26906
22061
21279
24820
24524
31137
25211
25982
28069
20285
30488
26977
23195
26393
24394
27562
21678
22917
22410
24023
26752
22796
24744
25242
19586
31334
26710
27595
27541
28461
20464
25884
22456
26210
29985
22615
23617
23157
23791
40257
29008
27281
28100
28557
24410
26847
23937
25042
32803
28000
25493
24559
29169
27388
25782
29350
33177
30848
27071
27615
25474
24108
24319
26840
21725
29954
28153
28872
26800
29760
23457
37180
29496
28182
26486
33545
24124
28017
24606
23425
29904
28761
24078
31087
23528
30181
28063
27919
29296
29344
29393
28556
26067
33336
26325
22827
29509
25301
25895
26076
26575
22736
24419
31343
29588
23715
27511
30265
25966
28729
25435
28757
28738
28601
24348
27633
33141
27776
26582
29650
24762
28633
26405
27345
29323
30342
35523
23846
23313
29177
26026
25080
31142
25169
35139
27301
24745
25920
22636
26830
29057
25693
24185
27565
34016
28919
25660
27815
31486
30314
25442
24819
31662
27192
24631
24344
27449
27950
24950
24316
24905
24340
27162
27002
25090
25617
27243
25690
27330
25639
28641
24061
27755
23110
27200
27855
30374
28813
27811
27163
31331
29655
24519
24749
25690
34277
25326
29651
29041
29133
26041
29656
26254
27414
28542
28127
25789
26488
28285
26260
25538
30358
27730
27677
26821
25461
29914
28010
25343
23915
25381
27161
28795
31178
29405
25569
30277
25354
23884
26174
29216
31372
23813
24284
29963
24427
32742
30174
30588
24144
26470
22139
25625
28304
25367
26857
29709
26778
27292
27651
31096
26884
23916
30727
28338
29833
31105
26399
31914
27256
25985
28451
26324
27308
31155
26916
29118
24955
24408
25041
24865
25415
34686
23995
29979
28794
25991
30914
25789
27051
25268
32287
28112
31088
29411
24189
26392
26572
29452
29397
26469
26133
30914
25786
29325
32680
27774
29911
32590
28924
27917
24588
29225
29549
29515
30046
28245
26301
25722
31005
29319
33345
26411
30654
21995
24933
33328
26750
25517
26947
28581
27619
25885
30115
30640
28208
27087
29064
24602
31445
24250
27644
25933
26957
32412
30986
25706
25272
26531
29373
24013
26942
25069
28352
34132
30592
27809
29041
29847
26456
23751
23641
23943
26047
24066
27069
24373
24989
27297
27599
25338
28812
25320
24439
25293
24081
27239
30169
30760
28982
24283
28500
24097
25711
28986
23976
31592
31063
33091
23621
30989
28356
24863
23227
27311
28214
29483
29061
23195
29521
28115
26723
29765
30226
28362
27398
31125
27627
30805
26880
26293
29448
28603
31365
26484
25509
25709
28709
27748
29437
29215
32787
29649
26747
27503
26065
24766
25602
30626
26663
29783
30416
26591
26186
27322
29721
30514
29639
27466
30133
28467
22571
25919
32750
29707
24903
27496
28042
31072
34769
25975
26113
24033
31408
26726
26404
26556
31520
24786
30912
27293
32835
25970
26725
25131
24317
25342
28896
27154
23571
27374
29341
29956
30884
26119
29225
28737
26753
25353
26325
30322
26848
25719
28957
33533
24483
28000
31677
29093
32683
28869
32819
29365
32681
30136
28820
31535
28540
23672
25659
25170
31004
27873
28533
23737
30060
27384
25795
24837
24367
28129
25645
25711
28438
25309
32250
29144
28094
25859
30188
30797
25622
27894
29983
26311
29444
26286
21873
28586
22357
26532
24712
25956
27959
23925
25535
28518
22365
36834
26965
26340
25850
26866
23894
28451
25930
25741
28040
26477
25232
28379
24980
29697
29484
25783
26196
25292
29999
24089
28590
21196
23537
30088
26477
26219
25865
28117
29072
28856
28061
26970
25201
33763
24949
30009
27969
26816
26677
26213
22686
26577
27075
28517
25051
30320
29820
26012
22999
25574
26942
28263
26973
25586
30642
27052
28570
27356
27260
32091
23768
26061
28814
25008
26349
29376
26138
28777
25112
25460
24703
27067
28164
28866
27802
25281
22226
28802
30766
31037
31929
24641
34577
30565
25099
29664
29343
22671
23404
22638
22076
25724
23510
20790
23117
19924
23026
25983
22315
24845
23270
24348
21565
22402
22376
25190
22595
26138
21317
25157
24242
27366
24603
24631
23506
24245
23270
22349
23658
23899
20690
22255
24008
23901
22465
25993
23123
23285
23025
24787
24140
23705
23104
24412
24946
22720
23542
25278
22950
23528
23274
21938
24103
23069
23473
23501
21507
23100
21729
22861
26951
24052
26646
23374
22449
24140
22059
23399
20550
25255
23375
21270
22855
27411
22613
22890
23366
22177
24133
22249
21529
24762
22739
24488
22712
20760
22966
27741
24755
23796
22795
22314
26914
24763
26482
21452
25441
23956
22939
23910
24315
23649
21774
22423
27954
23021
21451
23693
23693
22669
21730
26008
23175
22769
22085
23814
20990
22618
25675
21498
24533
25052
22727
22180
24786
26392
21359
24297
24293
22743
21662
23709
20693
21125
24840
23322
23199
22251
23783
21886
25862
21708
25055
25283
21577
26105
23255
23087
23692
23708
24056
30519
22367
21671
20820
24161
23724
28922
26127
23065
28228
24136
23573
23848
21369
20359
25982
21890
22061
22871
22448
25346
19968
21632
23451
22270
24839
24550
24047
23774
22934
20775
23231
21085
22635
21754
23163
22995
24914
24575
23110
21762
21368
26544
24129
23237
26427
25328
26460
23156
22885
23841
23613
24607
25242
22191
22993
23972
24923
21653
23995
23262
22113
23512
23836
21938
21859
22415
21916
24146
23237
23531
24861
22781
21570
25208
22952
26395
23118
23382
25301
23239
24441
23063
25005
25161
26795
23073
22273
21828
27145
22775
20578
22307
21232
21841
23463
22508
24375
22635
22275
23246
22348
23108
22751
25152
24434
24796
20130
23425
22107
23362
31060
23578
23688
23455
26017
26705
22258
22940
19904
23493
24142
23380
23910
22633
23416
24528
24980
25387
22583
21454
22333
24937
23089
22801
22676
23978
26486
22264
23265
24276
21112
24552
26560
22761
25668
22472
23246
27041
25018
21616
21901
22985
26884
22112
25757
22754
22865
27582
22191
22759
25842
24223
23699
23030
22924
21698
20642
19782
26850
21688
23816
22746
22830
25380
21987
21739
23411
24770
25171
23223
24892
21234
25717
21424
24209
23733
24289
21369
22277
25597
22785
21411
23280
22117
21633
24833
23947
22888
22605
24782
25893
27492
24873
22164
23348
25367
23379
23583
24177
23997
26990
22376
24110
25934
24210
24904
22598
23690
20798
25148
21085
24169
22985
23539
25342
23648
25520
25610
22525
25548
22280
22977
22968
21759
22878
22184
23956
26003
23894
22754
22072
22642
25049
21492
23813
23839
22440
23351
23924
24215
22686
22101
22583
24767
22677
24230
22783
21549
26013
24096
24351
22561
21749
24349
25551
21297
25229
22549
28445
22001
23596
23660
23691
24051
27512
23934
20807
23383
22092
28441
23361
21412
24577
21914
26112
23899
22289
21827
22883
23618
25143
21925
23306
21539
25490
23843
22090
23143
25389
26370
23013
23544
25434
23532
24417
25767
26206
22448
23213
24551
26855
22833
23729
21903
24740
23816
24774
22241
23664
23996
21442
24452
22346
25063
22212
22771
30582
21027
22401
23913
21052
23502
27047
22977
22956
22060
22782
23651
22004
22708
23031
23656
26719
22935
24207
24291
24143
25474
25410
22285
23221
22214
23238
24580
22706
25049
22462
22833
27234
23332
24349
22026
21870
23250
24357
22082
24564
26297
25435
25413
24392
24440
25858
23118
22841
24112
25990
21337
23255
25841
23120
22150
23872
23446
25206
23307
21274
21794
21893
29273
21466
22253
21700
23616
24706
24176
29746
23396
25252
23100
26321
22015
24862
21600
23292
24538
24261
24999
22627
24802
23862
22760
25736
22771
21267
25079
24445
23726
24494
23402
22698
22823
23727
23880
24447
22267
25063
21902
24064
23590
25548
25459
22573
24144
23544
22261
23969
25337
23852
22617
27921
21668
29997
21904
21795
21391
24603
29563
23949
25119
25955
22849
25275
25117
25285
25554
23673
22512
21839
24569
24169
23376
25095
23039
20662
23172
21571
23182
26055
23240
22826
22958
21441
27863
22835
27001
22815
22467
23864
27081
23690
23143
21334
22019
23577
22668
23009
24297
24894
24483
24122
24033
20994
23434
25864
24366
22212
23703
22694
26377
22432
23020
25856
26317
25464
22472
25479
24690
25333
24984
28315
22850
21115
23108
22695
25664
26183
22386
20741
24816
26355
24083
25086
24255
22910
27317
24966
21919
22971
24640
25658
25283
21946
24288
24079
28310
23903
22151
22694
25964
26373
24275
29796
22759
23423
24818
26571
24157
23945
22269
22957
22734
24631
24172
22628
20694
26119
23838
23605
23894
23622
25355
22334
21816
23015
22072
24261
23974
22992
22485
22606
21516
24183
24443
24128
25572
21813
26199
22673
23010
22964
23761
25932
24365
22991
23346
21820
24627
23907
23727
23044
24215
27917
24397
26317
26089
22361
22736
30637
25563
25477
24777
24348
23170
22675
24087
23254
24366
25189
27057
22400
23166
24672
22238
23077
22179
21936
21923
25182
26155
23135
23424
27616
24083
25811
24415
22965
22194
21515
27723
24825
22947
24209
22728
24928
24437
23447
22058
26505
24766
22847
21530
24773
22095
21780
23388
23634
22784
21996
24073
28063
23599
24507
21080
22957
23408
22987
25537
23114
22569
25539
22265
25032
25273
21783
23378
25138
23957
24505
29137
23848
24403
23796
23752
23321
22821
24711
21279
23016
23662
26322
26793
23230
23273
25126
22414
27719
24378
24156
21942
23105
23224
25582
24655
23487
22694
21735
25592
23956
21084
23552
23444
25774
25296
23792
23106
22125
27069
25311
22072
25551
24855
22449
26464
22680
25325
26341
25311
22262
23839
25617
25708
24238
27904
24397
23567
24860
24907
25314
23492
22916
22495
23690
26775
23358
20722
31712
23847
24612
23166
24362
21076
23063
26096
23566
22450
24688
23663
26423
22336
23413
23293
23621
24542
23979
24440
25225
24041
24213
24561
23267
24957
24186
25299
24191
24359
24137
26153
22227
26459
24006
23086
22889
23893
22895
24338
25547
23502
22330
24631
26473
22859
23258
23374
22388
24103
23266
21112
25780
24899
26564
23480
24367
22702
23308
25740
23837
23017
22659
22653
22504
25911
24680
24407
22366
23622
23225
25264
22739
22092
22240
27334
23862
23804
24524
22021
25480
22321
24243
23585
22951
24139
23536
24899
21585
26258
25548
23529
26834
22973
23059
24200
24292
22826
24178
21874
22504
24439
23644
21995
25070
22355
25274
24759
24787
25407
21589
23732
22915
23244
22416
23089
24610
22608
23503
20714
25343
24635
23503
22113
23756
26783
25455
23399
20938
22856
21078
23954
21918
27356
24538
24364
24218
26325
24524
23312
22074
23794
23242
23592
23754
24453
23203
24848
24618
23930
22647
22579
23754
21296
26511
23058
25123
22718
24371
26591
22616
23782
25464
24243
25451
22643
26527
26315
21711
24228
22028
21714
22907
25168
23279
22147
22994
24960
23906
21236
26240
25712
25351
25343
25124
26122
22191
23859
22836
24572
24776
25296
23007
21345
22795
28916
21923
22025
23289
23162
23740
30914
22457
23593
25454
26015
22917
21972
24351
22825
25149
26195
23755
28677
22837
23457
22212
23873
22763
25465
24035
25690
24787
22606
23498
24046
23164
25403
24058
23249
23943
26520
22423
25509
23826
24382
23740
23162
22504
23048
23982
24948
24660
22812
25624
24642
23012
23060
24464
25588
22019
25753
26114
22585
23476
25185
25573
22017
22513
23121
24135
22620
22165
30206
24876
25512
21225
23409
25417
25420
23535
23310
23003
23170
23431
22279
28505
24024
24379
20705
23400
23523
24568
28009
24766
23166
23879
21904
25812
21304
24450
23351
24832
26776
26723
23272
22360
24575
24818
25283
23290
22962
23966
23062
23356
27008
23029
22404
24518
27829
20904
22226
24347
23528
28034
26207
24030
23066
23343
31963
24992
26537
23428
25248
23811
24677
22498
25404
23132
22086
26024
25039
23427
26884
24297
24183
24319
23944
23642
23275
26108
22886
22719
22932
23010
24906
24635
26803
21527
22705
24464
21368
23313
22045
23527
21786
28799
30848
31117
23970
25016
25113
22414
22821
22131
23222
24356
25643
27213
22864
26080
25187
22471
21320
23730
23577
26386
25883
24334
23344
21527
26440
23421
22282
26510
24455
25932
24814
24423
22873
23090
24695
23614
21500
23809
24565
26303
24628
22218
24031
25084
22055
27466
23517
22369
24749
23720
23621
22726
22404
23659
22157
24718
24789
24806
28231
22631
25459
21670
22916
22242
21420
22064
26594
22012
21879
22831
23672
26778
24275
22884
23149
21764
26071
27572
21424
22365
21517
23815
25143
21261
23058
24809
27249
27620
23399
24267
25204
24234
28793
25192
24421
22108
24369
29344
23419
25513
24692
24394
25389
22071
29202
26670
25561
28175
24187
24545
22830
24104
25837
24535
24091
22111
25993
27281
24172
23417
20908
24215
25749
25205
22084
23261
22932
24120
22771
22892
25780
21781
27117
22330
24609
24767
23071
23797
24996
23315
23575
24277
21425
23635
24420
25358
24799
23661
28696
22297
23360
23932
23519
26235
25242
25442
22203
22497
25055
23698
22101
24027
24895
24675
26900
22659
24490
22247
25709
23564
21391
22188
22430
24444
27985
20816
23789
22848
25604
29291
23037
23187
23683
24719
26804
23805
21629
23303
24518
26034
27798
22635
24903
23705
25128
29083
23168
25739
25624
25030
23637
22793
24075
24353
23530
24360
23421
24174
22325
23589
26806
27878
22651
24140
24729
24025
25099
22630
23376
24013
25417
19680
21967
22852
24354
25922
24698
23148
25607
22669
20976
24148
22106
20758
23476
25853
26604
22549
25053
24812
25071
26588
28485
22748
22299
23941
26195
22511
22243
21628
27180
24295
23439
26682
21336
25862
24242
24015
23813
21919
22622
24035
28373
24549
22576
22767
23577
24809
24099
25604
25928
25343
28671
23992
23036
23217
24408
26700
22428
24395
23834
22446
25805
23746
24357
23571
26467
27902
23236
23255
25893
25386
25953
29343
27889
25252
23058
26588
23458
22328
22335
21335
25476
26555
25061
26341
24003
27620
23607
27579
22689
28949
25637
23763
22816
23392
23746
29252
25967
25389
26460
24130
23317
22930
23923
21476
23373
26384
26699
23339
25563
24410
24228
23857
26676
20654
24202
23622
23150
22352
22141
21047
23126
24851
25416
24881
23908
25047
29236
21974
26340
22663
22502
27112
23967
25180
23990
23691
23689
26877
21840
26727
23867
25517
22109
22880
24594
22576
22720
28389
23205
23319
22621
25338
24053
23462
23396
286
291
271
323
335
874
512
378
390
332
243
376
301
292
315
282
273
367
367
357
311
332
275
260
229
246
431
349
335
390
277
371
352
266
335
341
324
282
374
330
420
321
359
354
335
254
230
1376
251
238
269
372
222
260
326
297
1316
250
391
600
262
279
1387
377
826
306
381
855
386
352
260
332
275
347
361
264
678
279
367
262
358
234
255
387
549
343
339
326
555
287
285
287
280
251
319
297
377
327
272
339
263
219
274
335
274
330
259
366
282
388
351
378
383
669
315
303
328
860
277
346
311
269
296
2058
1879
684
316
294
334
370
439
292
274
280
349
372
261
322
268
406
338
816
624
352
575
297
448
455
579
402
327
456
465
544
425
321
468
342
310
529
504
263
299
275
291
1388
289
329
377
258
242
337
284
280
245
273
313
315
323
281
316
350
701
331
309
321
387
334
219
841
306
336
278
351
297
354
268
717
323
379
237
284
299
249
384
316
499
297
298
408
338
312
307
302
330
713
261
484
259
1043
2661
391
264
280
423
380
314
368
281
242
476
244
344
256
310
310
348
324
318
240
266
329
465
1227
414
336
310
319
300
278
242
256
493
335
269
312
248
452
272
240
2304
532
411
336
366
315
453
351
337
444
321
422
256
377
287
289
259
955
294
298
326
280
311
266
372
286
321
330
324
304
331
325
345
357
298
314
355
569
371
310
380
303
316
654
2177
280
266
239
292
280
295
410
304
278
329
296
307
514
452
343
322
327
672
270
336
3081
3832
312
295
323
481
652
416
415
359
406
370
322
423
405
332
321
331
309
309
297
851
418
253
289
348
242
238
382
277
328
252
319
543
281
236
265
397
268
280
2052
271
400
228
264
384
232
250
221
226
213
214
1328
370
321
226
323
270
318
305
246
345
250
936
438
452
573
325
341
352
369
320
259
284
731
304
360
260
264
305
305
399
258
265
359
362
293
290
274
290
412
332
296
290
324
324
397
424
296
288
352
257
270
261
391
290
330
324
303
505
251
255
335
263
271
292
111634525
 Average Time : 21803 Minimum Time : 213 Maximum Time : 40257 microseconds 
 Client 0 Average Get/Set Latency = 0.021803 seconds 
 Throughput = 45.8652 opertions per second
