38199
41813
49717
32460
40711
38733
30209
39664
35194
30795
31319
38535
36144
34828
38641
35408
32341
37619
35292
35627
37368
36577
31015
31824
38175
26663
32153
32875
35638
36308
33790
30811
30615
32959
30703
27123
30951
29564
30610
31375
30024
32157
32588
35841
33712
26103
33673
36751
38611
32071
31170
28756
32135
31858
34598
32791
35616
30437
36755
35026
43723
35827
39916
38877
26548
33796
31254
33182
38917
35400
31521
32892
36601
33410
30971
34037
33342
33030
35823
31424
35100
31731
36550
34231
25840
40229
28342
26442
30443
32227
29935
37949
37972
30395
29209
34961
29773
30104
33327
31293
40306
33556
31575
31619
30175
38108
28538
33731
33727
31208
31468
29467
34693
34286
31443
39945
34896
32691
36046
29565
32857
38724
28902
29943
40176
34083
30046
34041
29714
31900
32898
33061
28927
32414
40974
42787
43592
36304
29790
32367
32744
33957
34824
28975
32975
26748
31779
30995
42935
29027
39891
36561
47253
32528
37327
35214
34941
33419
34655
28137
38985
37020
34937
37985
39796
32515
33540
27581
32450
37429
43786
32890
31069
29354
34280
34807
36170
30848
32176
37369
33540
27717
36485
35933
35992
29616
33602
31693
36247
31531
39295
31139
35986
29985
27223
34688
32171
36838
36979
32787
26315
41373
31254
31936
31457
35604
29215
33729
32773
34440
33048
31722
26658
34267
29829
33315
32802
42929
31026
32629
34067
30160
35684
26812
29208
31028
41474
29791
32806
32553
37744
35744
26305
38034
32423
31719
36761
23634
43410
27693
34990
32945
32545
32204
30105
33420
40584
30480
34469
38207
34329
36696
29098
27970
27333
28265
37387
36589
30047
31228
27264
35558
29751
37222
30265
34073
28971
28512
39995
33458
36163
37695
36273
30283
32933
31997
32230
40170
34323
37362
41075
27738
45322
32448
37214
33048
35531
27722
30121
32049
31219
29424
37268
42736
36157
41902
29617
29047
33474
32089
35438
35880
31605
35281
29969
30886
32148
27503
27639
33839
31341
39234
30708
30561
37205
26004
32326
29234
29967
25592
27538
33089
26445
35379
29399
32752
32222
29985
30672
34628
29852
27792
33270
38200
30758
36551
29422
38152
30648
33190
31677
37059
38760
41614
31069
37640
30282
29136
33132
30726
29078
31325
38128
28409
34034
34069
34227
37805
32338
37353
32469
29933
35485
41245
48461
38318
28787
33805
32861
31877
33673
47539
27853
37736
34319
37034
43035
29263
29806
33695
31660
32052
29853
34219
32890
37733
41154
33280
42930
28611
31909
37286
33731
35232
36445
40549
26871
39532
31913
34879
37545
35988
34074
38616
36949
33500
35464
36877
29987
37408
26987
31579
39185
32563
39585
30650
30825
34871
35581
30608
31625
33098
30477
34616
30958
29353
30297
33730
33367
33581
37042
31756
31954
31581
30281
29079
27340
33558
35163
39158
33778
28835
24932
43297
34887
32696
33850
37844
33803
31495
35342
30109
34551
29223
28888
32795
30336
33851
35750
33412
29058
34425
28074
31333
29746
35414
32559
31886
26650
37424
40182
34186
29677
31887
38497
33671
30915
30264
40945
29118
41204
30366
28652
43657
31100
38370
35322
32904
40295
32851
31150
25179
35374
31424
28566
38935
34685
28657
32474
32208
38958
30786
27805
34376
33597
30563
32381
32955
40665
37366
28353
35048
31792
33940
27805
39977
31321
31614
35194
32396
32412
31979
33223
34784
34095
35515
34927
31845
37820
35341
33375
37809
30301
32338
51429
36192
32981
27252
32468
34192
33077
35732
37083
29109
34359
32138
31596
32364
34116
39899
42400
32999
37058
33545
35659
37594
36340
38881
33208
34719
35872
37748
30670
35968
33483
33472
28784
33281
40925
33967
33699
38826
29584
32315
41409
31060
33937
34482
34011
28934
37141
29681
28124
33095
33687
37750
41859
40600
29641
28329
35458
42265
35321
30191
53887
35261
33620
29546
30224
33468
39836
34144
28859
37186
37472
40566
29268
31682
29102
31623
30544
43723
37585
35096
27894
41168
36186
34236
30758
29270
29186
29040
31274
30013
32668
33662
34904
29539
43337
37994
33969
38910
35568
31556
33287
38493
35751
37443
33563
27326
21589590
 Average Time : 33733 Minimum Time : 23634 Maximum Time : 53887 microseconds 
 Client 12 Average Get/Set Latency = 0.033733 seconds 
 Throughput = 29.6446 opertions per second
