75146
113324
50120
70419
55172
61140
44179
65741
81769
49153
64568
62352
66985
52638
44853
44016
34067
33639
54807
51996
66877
42899
43055
55034
62062
63786
53852
71604
56496
41434
47491
52397
60709
43823
58868
46227
55444
38004
46153
41993
46692
54861
59406
66207
66578
47724
51821
71828
53868
48452
57655
62690
50715
52411
57304
53694
55857
69805
50116
47630
59028
35111
61007
46594
62956
43658
47930
44254
42101
36836
51068
49652
48449
50958
47321
55855
38565
37855
54288
45960
45855
52167
51449
51752
57841
50785
34969
41448
86834
42150
47629
70438
54827
78838
55546
51242
38994
45232
62175
45561
42690
44850
43436
45385
58437
48970
38265
34476
35985
50465
43213
59367
58149
64488
72431
48264
60037
47579
56274
72177
49198
67134
58487
55743
70376
55144
62462
47345
50169
56015
36829
60827
41958
91050
41517
53765
46633
47167
53551
40127
48063
53454
47210
47592
37806
56528
73938
47974
59870
48657
58044
49223
40892
58160
51254
45790
65580
65916
49401
72467
59904
94785
58438
59692
41605
52455
79333
75968
73640
60751
67673
81101
94827
74104
53608
80652
122455
96614
66260
77438
68636
68903
90380
85897
84005
56527
71245
75405
80590
75173
77614
91484
116111
147483
81210
93354
97410
75633
95134
76273
94323
80016
77644
88731
89638
64340
52658
94275
108971
90791
77050
90117
103450
92622
97398
120088
116373
84439
84138
88272
72932
69308
100056
135813
83438
80574
118559
73622
138746
77171
101064
111082
62187
61290
122254
81449
72415
96281
66398
112501
70647
141718
104815
86370
135073
117366
96008
158969
59441
127681
135443
107054
128699
107746
47208
146504
71150
75987
73844
81872
80929
148592
84875
78908
104212
66184
95495
107644
81883
61474
139082
156516
77323
76458
127533
89719
86870
125693
37390
60676
52285
67604
60671
66645
49377
68961
58297
62543
51827
102179
104537
55584
100704
106295
82147
134684
112285
79344
96554
88260
71445
107437
92300
56732
60942
64227
39561
46880
56319
52344
67298
54288
45143
49424
41354
45371
54704
35409
34734
29753
22042781
 Average Time : 68883 Minimum Time : 29753 Maximum Time : 158969 microseconds 
 Client 23 Average Get/Set Latency = 0.068883 seconds 
 Throughput = 14.5174 opertions per second
