29564
24036
24085
21799
27024
22903
23333
22221
24114
25121
21739
20963
29545
22855
29196
22809
24390
23391
22891
23791
21318
21696
20626
25291
21750
23013
20985
23883
20331
22950
20834
22200
20671
23729
21367
23882
23893
26432
22154
20173
22174
23626
21407
20915
23567
22025
20264
26090
23551
24806
24277
23496
25704
20109
23550
21843
23284
22530
21944
20495
22916
23477
22876
24483
27321
23164
25436
21076
22427
20756
22534
22491
22043
21328
25075
20722
22986
22515
25310
22119
24846
21330
23997
23856
24319
22455
21638
22395
23234
21760
24559
20278
21991
23609
22127
21244
22253
22185
22086
23850
28209
24969
24876
21092
22443
24388
25752
23584
21141
23076
25883
22593
25540
21008
26733
21611
23748
24417
20792
21339
21016
21077
21405
32948
24943
23859
21365
21706
23718
23727
21821
21224
22689
20960
22554
22739
23711
25528
21195
22505
22181
22111
22116
21914
22272
25964
20742
23231
22560
21568
24296
22494
22113
22566
23290
21835
23286
24241
24394
20682
23000
28128
23298
21228
24852
22135
20773
26226
23008
22457
22031
24346
24939
22363
20268
22188
21854
23557
23791
23072
23156
20950
19975
22090
24233
21827
22261
21959
22245
24777
22902
25333
23218
23428
24430
22429
22132
22302
23180
23793
24164
22244
21655
21271
25507
27921
25754
21534
23609
21954
25203
24758
22598
21522
20652
22330
21535
21365
24287
25807
19972
25033
21766
22681
22504
23201
22406
23099
22637
21616
24238
22097
26654
23217
22270
24339
25569
24342
21660
21517
22085
23471
26565
23934
22834
22920
23039
21083
23616
23900
21060
24639
22017
22648
23361
22312
21952
20919
21252
22627
26122
22582
21475
23024
23882
22821
21742
21696
23031
21306
23259
24623
21920
20054
22931
25407
24794
21381
23305
24101
21615
23768
23406
23689
22643
22644
23184
22614
21527
23902
24832
25375
24003
23341
25241
22595
23751
23535
22135
20515
22278
23972
23193
21580
20543
21552
22906
22040
22494
24211
21695
20933
22411
27743
22161
21800
22642
21902
24925
23507
21907
23852
22855
23449
24731
21016
23011
24202
22298
24358
23384
21935
20326
21176
22419
22661
20827
22558
22341
20846
24219
22596
24683
21336
24315
23703
22941
21036
22501
24537
20023
20299
22875
23120
26474
22979
23254
22765
22009
21045
22131
23044
22457
21145
25095
21761
21969
25804
23211
26076
26674
23199
25766
24305
21551
22329
21070
28517
23658
24857
22202
22360
24829
20883
22425
20942
22354
21643
21339
22405
22622
23563
22696
23364
21543
23595
22589
21502
23788
20634
22883
23213
24039
21190
22834
21613
25446
23156
21873
23740
23629
21712
20673
21724
25170
26655
22472
24913
26095
21912
24260
22400
23868
22938
22494
24787
22539
22024
26126
24608
26247
22487
22934
24082
22785
24144
23677
21941
25243
21278
24373
23891
24156
24190
25752
22750
23985
22545
21361
24758
22596
23418
21788
23510
26555
23458
22516
21563
22612
24023
22620
21755
21030
24514
25388
25154
25758
24149
22943
22063
30714
22454
22124
24016
20820
23385
22717
21488
21513
24722
22064
23208
22400
21413
24323
22736
22215
22928
22345
21285
23483
21779
25282
24040
21870
21632
22479
25964
22199
22090
22975
24316
22474
25689
22592
24731
22419
21632
24168
23634
21005
22237
24460
22424
21021
23941
26530
23321
25265
25720
23826
22845
23968
21684
25116
26190
22768
23224
21905
22634
21152
21827
21510
22098
21698
29747
23353
22057
22355
21884
23691
24756
22748
22516
21851
29045
22509
25678
21855
22360
22372
22527
24550
22326
22167
22696
23824
21932
20436
25643
27157
23069
21835
22649
23019
23326
20562
26579
21754
25047
22897
30445
22269
21371
21478
23180
20899
23568
22024
22698
23192
23010
27354
24645
20656
21845
23601
22728
24236
21888
23493
21804
23449
22532
23122
24022
21959
24001
21220
23343
24344
23973
21816
23881
25292
21980
22039
22527
21438
22700
23377
22508
21129
24936
22269
28236
24085
25350
21772
25237
22048
25074
23499
22139
25086
22498
23859
23864
24332
24923
24003
27216
23426
25606
20802
26181
23388
22274
24357
22846
28383
28305
23745
23508
21668
20793
22652
24581
22696
20487
26335
24159
26712
22860
25271
22886
22324
25290
21597
20717
24619
20963
23158
26080
22847
25591
23693
24711
22465
24564
20980
23616
22979
25854
22743
26092
22459
23997
24110
27667
19659
22207
25459
26912
24191
25311
23186
23642
23184
22318
22753
22860
22006
25186
22686
23439
21507
22800
21355
30251
21897
26884
24591
24778
22516
22436
23682
21719
22775
22319
21828
22655
22409
21568
20848
21932
23068
23617
27476
23328
24254
25073
27555
21446
24746
22422
24731
24031
23320
24265
23265
24550
19844
21809
25750
21042
22289
24612
23327
22245
25628
22793
27135
26686
23109
23363
22091
24362
22447
21375
22131
22784
23945
25714
24291
21617
23633
22631
23277
23551
21045
23922
22328
26131
25808
24309
23582
23160
24070
21782
21334
23060
25145
21395
26731
21870
21257
23209
23631
24282
23303
22226
22572
21640
21883
24380
23223
25315
23590
21335
22778
24859
21984
22414
21427
21841
23554
20841
21521
23890
22386
23433
20414
21167
22210
22993
25789
25289
20647
20882
22558
21688
28487
26119
24507
22163
25032
31133
21309
23056
24410
22631
22976
21558
22027
23992
21688
24473
24433
25626
25074
25128
21670
23567
25348
25298
22240
21590
26433
22155
22334
26983
23124
21535
24217
20739
23391
23584
21770
27034
22075
22051
22798
22305
22279
23965
24271
23507
23090
23454
24930
22559
22459
24207
23720
22036
24568
22620
24503
23767
25480
22532
22658
21212
21888
25584
26805
22043
24236
22227
20490
24576
22904
23588
25145
22595
24000
21734
22356
22073
22980
22635
22760
22871
26084
22852
21849
22453
26385
20675
23822
22413
23101
24685
24936
23198
24480
24691
25069
23487
23119
24073
23816
22556
21781
24045
23482
25997
26779
23787
27115
24564
22024
22512
25028
22785
20737
23190
26495
24308
23612
22011
24103
24081
23433
22977
21824
24948
21027
23487
23842
22490
23917
21741
24715
23068
22684
22377
23493
24027
25523
25202
22226
21935
26983
23331
22521
21385
24072
24686
22467
31056
23792
23178
22000
22948
24735
25201
23663
22081
25092
27091
21679
22733
23131
21936
23050
22349
23715
27230
23943
22748
25817
23148
21926
26694
21555
29925
21741
25404
22158
21949
26552
23650
21503
21241
25865
23749
29064
24398
22123
24352
24850
20881
21496
22915
23221
22943
26223
23443
22653
25659
24471
25896
23736
22085
20656
23117
22854
24412
21388
23118
26797
25336
23909
23962
26499
22334
25452
26961
23666
22845
21354
23562
24097
24349
29864
23906
23470
24454
23316
24464
25431
23655
23479
21089
24691
23066
26488
23433
25317
23996
24176
23213
23963
23976
21329
22550
24113
25951
22837
21403
24512
24983
22549
23350
22349
24983
22139
24808
23205
24214
21924
23293
23776
20766
23726
22654
25119
23016
23911
22796
27439
21674
25558
23863
22790
23591
22162
25143
22320
22805
24028
22394
23176
21963
22031
24314
24936
21834
24121
22784
21461
23210
22901
23326
22940
21350
23641
22720
22935
23144
22159
24645
22473
23745
23150
23939
25011
23080
21589
24129
24129
24633
24230
21267
23238
22890
25526
22378
22849
22330
25115
22851
23561
23701
23050
22603
23676
22543
24573
20801
23391
23304
21583
24190
25614
21549
24441
24903
24460
25636
25329
23108
22690
23742
24225
24319
22706
22683
21262
22979
21414
25026
24825
24673
24172
27411
23247
24523
22499
24816
23839
22191
22703
22002
23378
25254
24076
24075
24306
21375
24371
23216
26032
22586
22088
24855
23447
24755
24425
22442
23813
25060
24186
22372
23776
22479
24366
21950
22740
21710
22808
22351
22343
26241
21311
25887
22436
23429
25200
22814
22849
22997
22490
22341
22840
23272
21924
22846
24324
21865
22184
22706
26922
23680
25825
23487
21938
26108
21918
22685
24786
24892
29276
27440
23904
22057
23136
24401
22822
24330
23983
23379
23825
21529
23944
22630
22335
21653
22324
24617
24827
20882
22019
22250
21484
23078
23888
21370
21195
22549
24926
27833
22656
21739
22471
21389
25549
24480
23185
21262
23825
23913
22522
21944
22027
21619
22419
24129
29857341
 Average Time : 23326 Minimum Time : 19659 Maximum Time : 32948 microseconds 
 Client 0 Average Get/Set Latency = 0.023326 seconds 
 Throughput = 42.8706 opertions per second
