62606
101888
79580
72181
78541
73384
40637
98514
72053
60778
39684
51345
45419
46271
53555
59011
46342
40895
35525
52440
47225
42042
36359
60657
55568
62837
63023
34567
45811
40720
55579
36875
48815
49103
36275
55542
56679
49629
55324
63910
71756
57058
47835
52466
41875
41822
64181
63374
51325
38297
40863
63060
70538
44441
51118
56271
52138
55305
55068
39356
68937
54212
50240
46229
63101
68158
54161
60613
46827
49355
50227
60109
58573
71497
63594
46385
48953
50552
53119
40357
64898
61366
69942
42721
68883
59933
63228
52002
74705
42881
43646
42207
47459
50156
50587
39594
41872
64533
55847
52305
47330
64533
43189
50271
45462
73540
51719
40839
43703
65389
55990
52678
48520
50588
66922
72216
38029
43313
55484
52404
42389
56649
61672
63914
67174
38829
72404
56377
42325
53429
46680
54605
64694
45273
43927
63296
47792
57444
41198
72480
46901
42316
64209
76302
52060
63460
55920
46171
56953
62865
71862
53593
65071
70590
67888
93732
75777
81794
106183
49370
75768
105036
63990
85260
66858
48805
98696
79721
95397
60414
71511
96331
74617
99807
72323
101792
82624
58200
127594
89067
69354
65870
91381
81788
58885
130217
78334
93306
61455
115260
60401
95923
106212
87316
70919
75645
80379
65165
64288
88239
93484
145148
62586
72836
109345
72832
88374
116654
92104
70685
102785
76716
99581
100906
91764
68196
95029
68705
99000
92600
83546
103531
84784
89061
96523
88643
75631
121840
172331
59977
106834
99643
73192
122947
112654
80220
108879
102772
86554
113375
87302
127790
88984
158715
85641
87127
84252
76779
93949
94885
74007
106930
58150
119414
150606
128456
86878
131296
98831
107551
93024
121305
100087
56984
90377
122296
85249
91491
89388
81121
68716
81308
93242
51421
65695
50152
42064
40633
98008
72993
85211
103195
88066
57692
78430
79838
141854
105944
101620
55135
115076
115458
69099
86432
71847
95935
69083
91267
47837
44422
48971
75922
52699
55623
65808
38778
34746
62549
58122
48226
39318
45378
34327
33648
32381
21571
17937
20096
21892
18884
22186816
 Average Time : 69333 Minimum Time : 17937 Maximum Time : 172331 microseconds 
 Client 0 Average Get/Set Latency = 0.069333 seconds 
 Throughput = 14.4231 opertions per second
