36214
50111
38248
57921
48025
38565
31610
43829
34810
30809
32253
34509
28431
32918
40570
25751
37609
39650
37300
35906
29756
29378
31529
42005
29244
30989
33040
28561
32843
28664
36323
28864
32907
36015
34506
36142
35950
36210
46315
27210
29439
36068
43109
36044
35831
30577
40437
39128
31141
36521
34158
39374
30638
34673
32684
44447
36090
38030
28912
31415
31535
30583
33357
35735
32039
36403
28177
34013
32291
33061
31760
31961
40562
27828
31515
32273
42564
31726
32695
38198
43231
35501
31413
32003
28830
41768
31811
38200
37045
35717
28981
42342
28887
31062
37097
37929
30011
33238
32942
34483
35101
38177
37738
31535
33552
34804
32240
28622
38861
34037
31449
32614
32350
33965
29509
30116
32711
33683
31061
34688
31657
33508
27977
30623
29829
38741
28672
33329
39019
41099
38549
33320
32361
36041
40712
31057
37670
34208
28393
32256
32880
32504
33130
30099
27288
30857
44089
30759
27861
30111
38523
34131
35873
26606
31747
30122
30818
31425
38111
34540
30395
40018
34643
30989
35962
28593
36134
30020
36336
28953
28000
37093
36291
35320
37004
26848
40644
35709
38938
28731
38259
31059
32038
30901
34132
34485
34786
26480
31048
31685
26532
29302
33534
29351
42039
35626
34100
31500
31906
30780
27550
38658
32088
35474
27499
31972
32362
36145
30597
34375
36996
30238
35252
30608
32319
31566
32769
28322
29529
37052
39675
32326
39460
33342
31924
32378
35395
33244
35111
32420
36548
33898
41753
55313
31743
36129
36431
36962
38029
35415
34451
32065
30232
31723
34432
26336
34739
29662
35364
28219
33825
30367
42697
35119
29464
37762
41464
31732
33395
33049
27694
32401
34751
29635
38734
29369
39891
36043
26953
38587
41575
31280
34818
29579
32860
37666
32695
34350
31196
36089
32850
30474
25349
36229
41523
34171
32094
35489
29967
34520
38616
35868
30875
34252
28790
42190
34109
37048
38231
32474
34908
31483
36034
33272
40585
28336
34710
31793
42962
46375
35652
37160
29833
40653
34753
28312
32765
28712
26506
37362
36355
34280
39544
34698
35705
47886
32019
37518
32745
27206
31749
28793
30624
40188
31511
37326
36115
28570
37494
28351
30789
38596
39709
32925
36413
35419
33206
33037
28867
28883
32530
39509
34677
32649
31834
39589
33120
33866
36021
35632
46401
41306
30482
32710
29872
36102
37937
32389
37644
28230
35810
34262
30918
37589
37989
29030
32228
30272
29420
30564
28667
28837
34757
27480
41660
30948
34384
32682
36161
27843
40112
35929
31224
34462
30787
32321
32396
36608
29366
26655
30037
39709
31602
41120
28954
31803
27139
36145
35177
31371
34440
30249
37050
39242
41135
31512
37732
32301
34641
40289
30755
29129
33842
35437
30279
37593
32288
38357
34044
34244
35268
33496
37649
35893
35814
26173
35013
32609
26284
34577
29756
27729
33459
38467
38839
28085
39599
33295
27623
34694
32323
26352
39527
33914
30925
31841
25027
35581
31794
32857
39995
37505
33208
29103
33589
34804
39992
46212
31119
34692
29987
31457
37786
34547
31240
36112
34072
35640
32842
29303
38897
27021
34406
30931
40618
33712
37617
36508
42211
27993
35274
32646
33183
32982
34590
27439
27354
34760
35794
31242
49932
27236
29703
32787
39787
38913
28486
32746
31873
34801
34176
37394
34948
30306
33559
31619
32093
29952
32787
36850
39045
37648
30800
33366
36336
28270
35400
34897
37059
38799
30942
28792
33240
32319
36622
35045
33639
31013
39897
27615
37178
31033
32122
36068
35019
30334
34724
39621
36335
36687
28801
41355
36692
35987
33118
38764
27477
32033
30982
27848
39285
29676
32088
30109
33684
34994
31031
28602
30733
30897
37251
35162
34145
34776
27107
28305
35823
38907
29942
30433
28860
30092
30231
26752
37031
34303
31917
27529
36163
30527
31033
41442
40251
34980
34445
33607
35838
36457
29855
40039
37066
33065
42665
34297
33371
32055
33240
31192
37216
36327
36483
36049
35926
29365
40055
35215
24752
38102
34330
42729
31083
26409
35216
27808
31378
43164
32930
28095
27236
34909
33757
32074
33742
34950
35884
37889
29404
27842
26604
27519
21712269
 Average Time : 33925 Minimum Time : 24752 Maximum Time : 57921 microseconds 
 Client 11 Average Get/Set Latency = 0.033925 seconds 
 Throughput = 29.4768 opertions per second
