30434
23631
24629
21335
26199
23016
20302
22141
20778
21386
23577
22580
20810
22648
20610
23591
22759
22138
23290
24267
23017
22023
22516
22697
22296
19991
22773
20716
20891
25350
23626
20929
26186
23261
24031
24733
21213
24106
27074
24186
22981
24192
26339
24368
21076
20904
21280
23975
25675
19961
25357
28831
23367
21294
22910
25510
21700
21974
26660
22016
21225
22495
27485
23540
21578
22039
22069
24603
22651
22903
23190
21624
22994
22074
26561
22761
20037
22300
21901
21490
23108
21560
21837
22695
23932
25694
23370
22167
24080
22187
24111
22761
22554
23485
21070
23918
22770
22686
23265
21360
20875
23651
23904
22857
26104
21099
23995
23167
22972
22454
22145
21362
24102
23538
24169
20733
24523
23408
23923
22565
24181
22393
22344
25432
26228
24241
23213
25724
21576
22128
23863
20932
23190
26845
22764
20748
23180
22606
22208
21280
22385
22583
21276
21163
22154
23681
25866
22102
23640
21162
26027
25204
22883
22117
27086
22425
23152
26887
21280
23707
24030
30287
22148
23060
21427
25819
22021
20770
21396
22432
22269
22743
26109
21786
22544
23776
21896
23463
20915
22493
23554
31937
23244
20843
21296
20791
22041
23105
23632
20401
22546
21168
20295
23195
22400
19680
22916
22842
21433
22480
24977
22165
21651
24193
25183
22735
21622
23017
20698
20772
24249
21939
22206
22123
23010
24683
26924
22926
22851
21229
20864
24608
22617
23057
22427
25843
22685
24051
22720
21896
21289
21503
27740
21558
21621
21804
21070
24459
22266
20740
21816
24788
24002
24361
24355
21170
21888
20946
24506
23290
22654
22614
21542
22887
22539
25471
23967
21729
21053
23247
22883
22393
23282
23851
22141
22893
23121
26850
23945
21728
23211
22241
21856
22906
21022
23279
22836
24021
22121
23956
21004
26779
23616
20701
23069
24762
24336
22160
19925
22993
21059
20797
24902
21540
20711
23360
23200
24724
23177
22880
22475
25457
20889
25813
23949
24850
23609
21788
22540
21230
23190
20860
22535
21806
26241
22162
21112
19805
21304
25354
22263
22732
22517
22567
26083
24299
21073
21783
22269
24027
22973
23070
24807
22851
23339
22082
26217
26884
21249
22161
22376
22161
25072
21839
25044
22427
27545
22237
21560
25202
23373
26162
23158
23941
23431
22549
23371
24429
23364
26000
29734
22646
22049
22363
27656
22229
23065
22975
22064
23090
20362
21554
21954
21834
26150
22230
21615
22918
22796
23458
22579
20842
22545
22290
24801
23258
22268
22632
22120
23476
21487
22341
22777
25088
22049
25143
29012
22660
21891
25856
22440
21949
22598
22924
22445
23480
22884
22660
22913
21713
22414
22982
21929
23130
21489
21769
22962
22895
21101
21298
22023
21811
26298
24316
21651
21882
23720
22061
23733
23514
20147
23202
23786
23493
23727
22087
28486
24427
23088
21523
22813
22192
20920
21990
22856
20790
22965
22256
23154
22459
23720
24201
21190
22464
22313
26868
22630
22297
23015
21816
24639
22659
23899
27247
20890
22512
27937
23512
22112
22759
23259
18862
23972
26914
23308
23630
24772
23312
20905
22913
23593
24510
22487
21919
23142
22591
23931
23762
22555
22951
21181
21156
27136
22930
22064
25970
21200
23642
21022
22877
20513
23804
21513
21402
25551
22567
21267
20986
21828
23141
21871
21646
20416
21873
24455
31361
24628
24329
23115
26706
22340
24638
20534
20276
25374
24530
25455
21836
21267
22023
25089
23513
20645
20681
21347
22632
23922
22659
21829
27022
25177
22294
21959
22210
24334
24043
22208
21879
21200
22485
23566
22098
24256
21715
23773
22539
22031
24291
22302
21591
20990
24350
23247
28340
24989
23319
23262
22599
22410
23079
21088
23499
21296
22905
24222
23309
23128
22643
22305
24351
22117
22681
27536
20372
24963
22960
22606
21958
21730
22612
24249
24535
21956
22894
25846
25458
21209
23251
22255
22519
22024
21962
24816
27018
22412
22844
24143
23650
22157
21811
21992
22268
24461
23908
21947
22992
21877
24151
23114
22561
23520
22971
24038
21479
23165
22735
23411
21846
22070
24632
23537
21356
21463
21528
21150
25962
20869
22479
22995
23405
22700
21412
21881
21924
24001
21070
26885
24772
20852
22518
24108
21488
24192
22047
20841
24802
21895
23545
21187
21167
22866
24450
22412
21667
22522
21011
25243
21938
25368
22993
21382
22324
23369
21141
24249
23138
22483
25623
25355
22335
20374
23252
26038
23648
21151
22562
21874
22638
25568
23475
23070
23194
22136
23780
22666
24546
22294
23354
25864
22751
23234
21729
22489
22603
25059
25002
23190
24863
25536
23959
23493
21789
21662
25960
23418
24764
23473
22048
23209
21889
21702
23630
22005
23708
23580
25490
23377
22644
25549
25434
25744
27436
22601
23668
23148
24732
24961
22300
25414
22100
22781
24007
23117
23077
24139
24047
25651
24341
22740
21719
22652
25897
24300
23283
26236
23212
23640
21326
21524
24229
21919
23103
25413
24474
21819
22127
23429
23088
26872
21893
23701
25489
25333
22599
24507
25164
24616
23206
23050
23939
21950
21788
23226
23414
21107
24912
25475
22353
24154
23051
23827
23203
22145
24041
24899
23195
29693
26357
23572
23654
24369
23332
23617
20945
23145
30556
22994
24607
26042
23301
21165
23131
22753
23909
24061
23673
22927
25105
22438
22770
24294
26383
19821
22379
22747
24014
22560
23750
24601
21104
23451
24909
24998
22597
21537
22934
27010
24624
24317
22007
26592
22885
22238
22852
23849
22359
24364
23164
22768
22242
23040
21297
26030
22468
23713
21107
22195
22853
25774
22814
26018
22651
22797
21762
24311
20980
22215
22219
23684
24412
22532
22647
21858
24507
22526
20673
23764
24597
21001
25915
23970
24410
21919
22457
23383
24941
24890
22048
22793
23360
29916
22592
24184
23473
27888
23075
23466
24590
25119
22525
23197
23591
23149
24258
23260
24710
23226
23868
23464
26316
24587
22091
21925
21302
22897
25252
21329
21848
28043
22657
22206
25584
22298
24133
22422
25196
28693
22073
22833
21787
25914
24773
22685
25065
28030
23785
24603
21207
22672
22899
26238
22863
21577
24118
21842
21535
22793
26122
24896
21080
23583
23978
23050
24015
22916
22008
22143
21903
25136
25652
23176
24756
22304
26565
22788
26272
21365
21903
23747
22460
23282
20789
22693
20917
26806
23412
22561
22637
24593
24817
24153
26463
23548
22942
24142
21696
23741
26050
23260
22478
22327
24242
22880
21821
24221
23450
20981
23968
22371
24047
24128
21967
24060
22104
26722
22385
23362
31263
23530
22518
24762
22996
25828
25233
21692
25612
23739
24431
23253
20741
20949
24917
23918
21915
22965
23453
22240
25003
22173
21843
24244
22498
22346
24383
24723
22566
21602
22106
22939
23354
21402
23418
20901
24166
26641
23427
22856
22860
24819
22884
25433
20559
21572
23373
24806
24761
21709
25075
20213
27905
21920
22686
20558
22614
23569
22321
20418
21593
24632
30275
24689
22997
23789
20440
21941
24810
23155
22266
21544
22040
23137
24541
22714
23277
20887
22274
23400
20574
23727
22466
24291
22263
23310
21895
27338
23764
22859
26050
23790
23531
24977
26214
25139
24461
23483
26270
23832
25557
21602
23247
23301
24193
24153
27880
22603
26069
22879
23639
23120
24127
21419
24369
22180
25685
23397
21598
25007
22448
21144
23230
23029
23603
25643
22215
21911
23679
23425
25586
25205
24383
22037
23372
23882
28232
28335
23597
23365
23324
24618
25819
23638
22294
24433
22715
28664
24228
22379
22634
22199
23985
22480
22009
21001
23236
23140
23449
21025
21199
23989
22278
28287
22038
20769
24314
23570
22461
26224
22038
22679
25559
23334
24066
25269
25149
23495
24764
27669
20714
23407
25716
24055
25075
23294
21690
23510
28785
25459
24510
20333
22372
21578
22450
24168
25896
22023
21583
22312
24227
24496
24614
22465
25480
24050
23690
21574
23241
24942
21940
22912
24293
28667
23181
26106
23558
24115
21649
25464
22388
24579
24939
23460
21483
22789
23972
24693
21736
22890
23721
26039
24061
25929
24387
20148
22523
21982
22860
23074
22628
25714
24655
25278
21100
23139
23352
24251
22834
21038
23678
23749
22782
25224
23029
22657
23257
24331
22759
25493
25743
23051
21591
22674
21197
23705
22891
23421
23379
23512
23826
22540
22229
29797736
 Average Time : 23279 Minimum Time : 18862 Maximum Time : 31937 microseconds 
 Client 2 Average Get/Set Latency = 0.023279 seconds 
 Throughput = 42.9572 opertions per second
