42508
48426
98166
85007
76251
67388
77374
44928
51325
42750
71373
54083
49114
46891
61268
74407
37545
68788
50452
41613
57373
40091
45579
43796
63285
46924
50154
73370
46260
44027
47547
49577
48792
58217
54429
44852
68980
72311
48853
63893
41566
62425
57135
44033
29066
57434
48925
56775
67127
47822
56926
71972
45885
51856
46812
57043
45863
63065
45169
55841
37999
71720
61464
53265
65515
49060
56064
44237
68834
53492
72485
34672
56432
71452
52089
42755
60519
68996
45880
56634
63349
49760
39061
51123
71118
36239
43101
63697
44928
47763
45803
45141
54722
77877
52424
46020
57756
51093
80369
52192
88044
38532
60335
43371
45936
57577
46142
50568
72493
53195
61471
59142
65328
44236
44386
33708
45909
42685
37036
39197
43785
70282
52002
64873
44476
63665
41127
68055
64858
58338
58976
39480
53048
54358
48508
44851
60449
52328
47041
52848
69192
46289
55809
58630
44013
66565
39068
57231
62275
48034
51178
62231
46436
58281
71321
64278
56101
38111
80155
42216
51247
46212
78400
61790
47524
60571
56605
81023
70438
43872
124001
111859
88085
52326
92753
76611
50599
53253
104118
70728
99857
106925
81162
93830
96179
51241
100635
92659
79641
66144
61882
89775
84566
101086
75042
73157
70679
88481
72279
92553
87354
57881
79419
115523
81658
57332
74910
103059
116166
81315
85823
67147
115868
78972
68368
75820
73089
88894
122370
70837
109595
71017
71202
101003
58319
90085
135149
58464
102528
105961
74931
106043
101279
94225
79838
78979
87425
92992
74002
65304
93385
98825
59091
143090
80425
89162
117886
93123
80180
81516
75125
123358
154220
103687
84685
114051
99086
47594
133600
87939
81677
80381
72156
82275
97665
107933
85461
68443
109668
82169
77010
105736
85743
102950
62721
67306
87671
72818
109970
108069
101170
80726
70463
71752
77060
41392
74268
63951
76811
105916
74232
73999
96450
116909
72171
87787
76930
112335
50897
95550
124536
91513
103904
88986
87393
119884
55672
49064
41950
37652
47679
52898
50508
62024
55567
49980
47154
54348
55941
39308
21942374
 Average Time : 68569 Minimum Time : 29066 Maximum Time : 154220 microseconds 
 Client 19 Average Get/Set Latency = 0.068569 seconds 
 Throughput = 14.5838 opertions per second
