40919
44953
32923
32899
31346
39687
41830
32568
33990
39364
32046
34228
32893
35303
39728
31523
34560
35569
29266
30672
36784
32889
31494
38677
32331
33810
30976
36198
26461
30762
38686
39062
36860
40496
36242
28122
38845
34063
29637
34545
32252
39441
32123
36044
45402
34769
27165
32274
32034
31912
30548
31603
38921
34654
31943
33944
30775
30337
29165
32736
29809
35148
43373
39985
32350
29907
31906
31789
32056
34945
34035
34066
28135
26942
31260
27768
34462
35861
40116
27765
35123
44838
37418
29120
34264
33579
34372
36603
35215
33975
32419
33071
26440
39707
36375
31506
34792
29022
38251
30586
32699
34560
32550
39388
34315
31773
33897
27583
32204
34338
39358
29464
34789
32589
30804
32388
31434
39379
31098
31033
35768
36940
33400
35107
32486
33125
34286
35149
30242
30197
29138
33737
31277
30114
37527
28964
32894
30759
32679
32905
26496
28664
30691
33926
37307
39900
28530
36078
37093
30660
30810
32100
36316
32258
34702
42928
32656
36202
34673
37543
34656
30871
38451
37725
33621
28915
29923
32219
31764
36509
37360
37858
29578
42731
37203
32846
35906
32335
27572
30361
27189
34336
35620
29859
41072
34915
27253
30918
31227
28865
34435
31127
29783
30858
29951
32682
32215
30508
38327
35046
27530
37267
27831
34012
31617
36454
32125
31645
36352
31581
31963
28525
29098
35628
35346
36801
33223
35695
36532
32000
36205
37116
33562
34383
37796
31832
34874
32539
32694
33713
38988
33442
31506
37828
38248
28976
35945
32731
32253
40473
34267
37105
29648
37689
37366
29851
36812
35118
35336
27866
36844
33455
30340
39409
36472
30064
27273
31318
36647
35852
42560
36513
37114
32966
40149
41260
31667
37124
30390
35460
38858
34065
26142
30894
32080
42249
31628
26125
27241
32227
36071
30815
28544
32934
32939
34281
38178
35693
35781
30297
31688
29612
32593
33573
40023
33142
30858
28862
27381
36960
30358
29792
34540
28398
29045
30746
34119
36247
37262
29470
30025
30457
36535
27408
31431
32381
40586
40082
34535
28175
34699
33618
28692
32311
34910
32074
37892
40140
33734
33400
35832
33193
35657
35415
31106
36609
30827
27701
35642
36500
35100
34974
31479
38539
36977
36291
31564
40516
28944
40687
43172
32899
38214
33820
29055
37049
27710
34591
51228
33431
35229
30498
33946
29374
36408
34951
32356
31692
35566
32081
29071
31401
29938
32519
40508
41222
39907
30517
28564
31146
36001
30824
39917
29059
29461
28075
33990
30898
31605
28427
36384
37056
29741
36416
34108
33206
40294
38953
39513
32119
38258
36827
35294
32833
37489
40983
30822
37734
30797
30272
29735
29191
42226
33596
40639
38826
36943
33243
34052
31906
27588
39057
33120
37659
33453
30585
40087
30915
26486
37384
28289
30552
30202
41592
42752
30869
37793
34337
29051
40066
29642
30023
29362
25196
33933
52355
42738
31009
31025
26894
32101
34759
30828
29713
34443
33448
34643
31923
32795
33147
39025
40641
33344
36964
34258
26657
33118
31662
37711
29141
34409
33396
37499
36854
31479
31358
32266
33659
44424
34415
33183
29286
29006
34840
29369
30213
35471
41348
30431
27947
37951
34828
34924
33744
36209
32990
30167
34353
31960
31812
30528
34029
30447
34011
36815
32595
39489
36580
36054
29663
27599
34750
32813
36254
37530
30899
40666
36852
31743
31879
34940
27748
30176
38052
40226
33371
42136
25464
31698
31288
36632
34593
29292
37437
33555
39183
28405
35101
32889
40851
29727
32717
34377
30939
36324
33722
30440
33350
39177
32450
47941
30002
30982
32396
29819
35872
32945
28046
30408
29646
31717
38398
30348
32671
38365
34981
29844
35693
27987
30114
28620
38557
29260
31406
38052
29018
34508
33051
29431
32284
30783
26867
38310
42809
26582
30320
31478
36270
45012
28551
30917
33811
38220
36077
37758
36569
32068
34099
32311
28537
35063
29841
25917
27358
37410
35093
37808
35468
37045
30915
30737
28511
36701
43012
35322
28975
36877
32032
33952
48214
29269
30067
32778
36226
36654
35566
37340
30954
43618
33945
31416
30237
36670
32093
25589
35754
30945
29977
38954
28349
21614397
 Average Time : 33772 Minimum Time : 25196 Maximum Time : 52355 microseconds 
 Client 2 Average Get/Set Latency = 0.033772 seconds 
 Throughput = 29.6103 opertions per second
