36497
43547
32816
25984
41263
41801
47265
35314
32098
31784
30553
42537
32032
30791
31665
38098
29654
36402
30311
34019
31099
36662
35382
33790
43070
34141
28812
34767
30143
31682
33201
38095
35308
29432
34818
34561
28767
31467
32312
31179
32350
30705
37040
37983
36904
43238
33216
30930
39199
35396
38147
30186
31107
40107
34396
35579
29925
29433
39358
38681
33694
36424
35022
41601
34420
34185
31624
31660
31866
36262
29617
29370
33693
33158
37420
31852
34478
40685
30002
35672
38038
30109
34500
27422
42296
33711
32481
37179
31835
27685
30979
30444
32694
30623
33995
32046
39388
32188
29991
32768
33000
32518
37853
32295
48074
42992
35983
27079
38300
38471
37943
32741
35834
34276
26048
31857
30342
29292
29152
29088
29938
31065
28938
37903
34485
34733
31519
41872
30654
28357
37986
41813
28489
31100
34308
30635
39653
40373
34546
39914
32709
36904
43465
34511
31802
35820
31648
33686
39426
34340
36085
32121
33469
38845
35652
32843
28610
28298
30322
35634
32712
34526
32322
27045
33475
29497
34083
31288
42436
29305
39713
32818
31580
28902
37774
28848
35129
37618
32180
31857
35984
31555
44162
36195
31814
32104
32044
35617
24506
28634
33339
28204
34168
29256
40711
34664
39408
30723
33097
32274
36862
31872
32105
29351
39280
34763
33166
35859
30392
39091
37807
28462
43881
34626
27447
39608
33260
37864
35726
44855
30100
37564
33153
33766
27156
26176
41567
31791
34254
35622
36525
25539
31997
33035
29909
36106
34955
40291
34185
43858
28036
33471
36321
32962
30709
38634
33057
44610
34499
31770
38659
43225
33041
33723
41390
46276
33240
37563
32910
27842
35112
35449
32279
35402
38026
31293
33265
32120
34451
37846
31147
36313
32350
37558
29761
31075
28550
31007
36724
36887
29144
28009
30421
27846
31704
44270
37896
39231
32934
29911
33073
27177
41386
31125
31760
31934
26488
28133
37778
40827
31225
26529
34242
31370
29819
31417
29053
30228
33989
40678
31587
32734
29282
30836
35415
43473
41043
35027
30700
31949
31029
42226
35338
32684
29783
35418
31634
32402
33297
34531
26808
35970
38894
32887
33725
37862
29586
33883
37048
35599
31157
30997
31289
37485
34491
35793
37061
50664
34801
38648
26930
33777
36387
31489
32228
43375
32550
31580
35259
37848
32420
28586
33457
28628
30304
39218
29656
33511
27500
42400
35853
33396
33179
33968
27880
28835
28775
32800
35156
33588
46832
38774
33904
35165
33936
35043
36957
31828
36339
28313
29782
39272
25137
31927
30090
36474
31569
34594
33614
31750
30976
32422
26438
33587
34657
46395
32869
29490
30400
30659
35754
40144
42262
43721
31380
30985
33084
29638
39312
31176
35648
47095
27459
31730
34979
34028
33951
32550
30821
36423
51856
31473
28355
32597
30980
30298
30801
31718
37531
32136
31982
35864
28784
39829
40523
33026
31040
39363
26702
31026
30276
29586
32985
35852
44640
28762
36882
37781
29224
27513
30362
31109
39706
28928
28839
36810
30803
32312
31445
34635
29381
33829
34284
33426
34514
33496
39423
41591
29917
27964
45388
30222
36624
38621
39415
33057
32289
31402
30744
28930
34120
34535
31747
39668
30426
32021
34688
33858
30860
40028
33255
34486
32468
33293
27868
34844
35386
34863
38421
39992
29343
29764
37928
37012
27721
39726
32544
29861
30902
31253
31348
39296
34081
34598
35011
31740
36594
39102
35283
33130
30246
28630
33571
31595
34629
31855
33651
32578
32575
26531
35686
32684
33448
35516
31739
27691
32938
29801
35522
27837
28703
34123
33155
32164
39022
42041
36246
34811
29167
33212
35319
36934
32726
33750
27488
35692
32631
33146
37551
32967
36037
39688
34770
33794
31497
44586
31415
29874
31093
31916
34549
31074
33270
31511
31987
30496
36910
30108
37719
28776
28087
30253
36589
29914
31434
35475
30058
31491
39824
35695
37257
31608
30920
27798
27675
32788
28801
37492
32931
31365
31435
35876
31551
36982
29665
35482
34123
32656
49259
33987
42502
31318
30206
38315
26965
28281
31448
34731
29960
36481
27043
46577
41930
35842
33520
46135
28275
25990
24171
24799
21683646
 Average Time : 33880 Minimum Time : 24171 Maximum Time : 51856 microseconds 
 Client 13 Average Get/Set Latency = 0.03388 seconds 
 Throughput = 29.5159 opertions per second
