90250
67462
58102
81042
59037
48228
54545
73983
51788
54787
54710
43274
45124
61879
52736
64949
61355
51924
48939
51256
53425
81210
49149
63178
53370
50247
74697
54020
66952
52283
50590
39730
67878
54213
41385
61016
52543
51975
52077
61283
33211
33044
54064
65047
51812
56987
65057
76671
56439
35918
60327
68239
70896
40429
40479
34741
47567
57873
46334
49841
55275
37264
38987
44948
54465
38805
54420
46689
40268
48200
42381
52230
46423
38637
47809
43960
36966
59002
54948
46064
70102
44732
52705
43161
46067
46925
37509
51025
55538
63575
57757
50905
46395
66564
47691
55558
51581
37866
61616
37015
45977
54705
39972
55337
40152
27332
48084
39696
37700
40366
38330
32393
48404
51305
61624
42450
72838
49301
63225
42015
48299
59617
35742
61771
58982
39303
64073
50830
51700
75315
47749
40528
46110
49262
49478
42529
43873
44370
84823
50642
50252
42715
53839
69082
49553
45816
38480
38734
54701
49367
39133
70659
62175
48145
61033
55260
49344
80500
85515
62253
79910
46600
64620
51333
58237
51619
46229
31119
58631
79186
61495
66832
116191
59906
96770
85113
83790
90821
59011
76340
82029
57772
78807
57425
51748
64291
73000
77419
76865
64913
75626
101964
96338
62354
57417
60929
63342
80500
91843
139321
64139
73894
86793
106396
87113
71783
87920
88355
85920
74615
104246
111243
105655
93291
59989
86856
86859
100249
81891
73390
73784
81370
94841
51747
84461
48792
91499
109286
73326
78217
92972
92079
71654
131089
83936
133251
95491
99450
72592
107307
66863
60149
67882
103602
66439
168222
88411
144776
93550
107272
94661
142506
115457
112200
96892
99015
93617
90674
93369
107781
90197
95412
74844
75775
141871
107855
90076
90717
152206
95767
121585
129092
85268
152365
97948
111106
103902
137271
48306
79878
136687
79142
63692
85974
42799
75539
71196
83239
45398
85115
52904
50390
69797
93909
74635
85847
70727
77353
114657
110809
97267
67993
81081
76888
68264
116102
126051
75494
87087
62401
67568
34754
45002
50011
67784
53561
40647
47521
40477
45918
21778209
 Average Time : 68056 Minimum Time : 27332 Maximum Time : 168222 microseconds 
 Client 26 Average Get/Set Latency = 0.068056 seconds 
 Throughput = 14.6938 opertions per second
