68840
100439
54106
82103
30683
55932
61482
63532
42075
52966
61650
76639
60819
42650
51134
46569
44879
48794
44664
56748
66403
47066
47735
44300
41611
59291
56296
60184
42999
53609
51349
42868
40138
67485
53170
53767
61208
51703
50948
50849
30132
40354
54845
52995
51754
71562
45204
73150
40253
50171
43433
52156
34207
67333
50356
50782
33663
54441
56941
40004
51009
65602
74100
56486
66250
52408
46116
39266
39636
41834
47975
52550
44758
47351
39638
74615
46462
64582
34361
63126
59783
47809
58795
63801
63239
55190
76957
37278
56593
37662
52027
58865
59475
42305
39221
55859
45300
42288
45660
78343
64696
75432
45753
38919
49266
60677
47953
48582
43974
49649
60561
38169
39790
56967
66458
45808
49303
46070
62568
48964
73671
35205
64346
57446
46419
49191
40464
49814
67951
75342
29097
57056
57768
44136
52318
59593
67940
81876
32005
58603
44204
50373
43534
53863
62415
49241
59264
72430
47274
53351
40578
46615
65787
49209
56115
47980
53674
74094
70500
94194
60044
32809
65849
60853
51998
48148
71850
39608
55669
57173
121352
96321
85563
74497
77491
52165
71916
62535
101128
83118
88386
95133
74941
63648
71096
96003
89390
82192
85847
61596
77486
111418
69079
94207
77945
90874
75455
72898
96818
83437
100370
75286
76261
52746
79900
81380
108124
70266
88569
90275
117984
100820
93429
72761
68574
104910
89800
100686
45237
107685
74228
77197
87776
87281
75152
86506
78387
87131
87476
111812
103612
154081
89505
90116
100151
121176
95459
90249
112161
93890
109994
80487
56326
80346
66705
84537
107700
115174
107129
94280
122643
123188
101844
94879
95406
134295
115948
113917
110233
93095
112947
83460
103517
97257
113780
133962
92431
88958
69645
87761
89817
69468
84359
89750
79795
93697
149562
95140
80289
78710
91061
52599
61693
62070
40236
39385
75894
54403
53471
53556
80354
60822
81451
130450
104408
78188
109930
89816
83274
86795
136553
64390
108545
113728
91527
109973
46902
58059
35222
33594
49007
59080
45920
48179
55620
62326
53620
53453
42996
37132
21936947
 Average Time : 68552 Minimum Time : 29097 Maximum Time : 154081 microseconds 
 Client 24 Average Get/Set Latency = 0.068552 seconds 
 Throughput = 14.5875 opertions per second
