75378
109658
87856
85424
57282
96281
38739
41531
66797
72001
42797
55411
44527
25149
55099
39497
60807
43631
48602
62208
55477
79004
47561
57794
42010
45405
36062
43637
41628
49724
62480
42076
88453
68448
35888
70935
42279
73518
72673
52121
50956
43888
64609
53370
44442
50500
60737
59528
66485
54862
49847
42408
47976
46150
60900
38377
56944
35860
41175
51925
66814
46536
57568
53378
70812
49069
56257
59013
60750
51755
57909
61585
56964
55856
57345
73881
49895
55432
38035
52375
44686
51118
37041
56807
57307
63964
55570
38373
51189
57008
50868
40019
47534
42418
31499
64799
43303
49016
39865
79051
54475
64206
40372
59754
51671
47854
51373
62253
69137
45920
48922
62561
51019
45823
67309
32742
49523
58139
46276
53141
52095
44027
52991
60420
67556
40533
50371
58874
45397
51879
67608
59286
60603
41190
42205
44495
63315
65014
69255
65877
55256
45729
59142
45492
86796
54929
54392
58471
58520
80677
43484
41262
60545
59938
63499
60336
48908
62712
72471
51212
52272
64894
91417
48924
79467
65362
47304
51939
61833
68937
48907
62185
80070
71439
105574
112732
109145
80198
117086
50843
58361
80825
61894
87028
82647
90816
101710
106651
80119
60953
101853
51494
97498
108273
83657
85816
84274
95531
58319
91198
90662
115949
78111
83102
87580
105439
83919
95797
100154
81163
137979
65636
72138
88979
98389
50868
111880
87884
103834
95204
155795
100595
98678
68815
77993
93201
106187
158997
82898
73981
112858
113073
89185
86491
107669
100157
65021
127007
81499
126422
102739
76433
108634
68683
116699
132462
84636
58119
132417
66984
88065
104771
98880
95042
82674
93056
57987
53616
75904
105298
111409
88570
80064
96258
122201
83218
121267
106477
98398
53308
110378
73758
85009
93050
60094
99437
93038
67303
58066
108084
68897
89180
72492
64804
81906
65000
88875
85126
74103
50001
86031
99909
94988
163913
119982
55535
78399
97719
54636
69389
79297
97200
45308
38347
49293
48656
61486
47591
37767
45423
48558
40559
56722
50998
47166
56849
31850
31867
33640
26618
22047883
 Average Time : 68899 Minimum Time : 25149 Maximum Time : 163913 microseconds 
 Client 21 Average Get/Set Latency = 0.068899 seconds 
 Throughput = 14.514 opertions per second
