30767
24179
21207
24109
24678
21326
22595
21944
24031
22636
24410
23311
23215
21291
25100
24180
23547
23519
24882
21461
23194
25107
23548
22002
23146
23333
20928
22838
25754
21636
25551
20055
20667
22413
23548
20625
23714
22548
23650
21745
23542
24910
22363
22676
22904
22958
23949
25870
21966
23055
20871
22560
21568
23855
21769
23678
26063
21880
26783
22852
21157
20939
20310
24294
21116
25960
20490
21401
21056
22777
22843
21101
21018
21863
20370
22051
22895
24155
21961
22477
23537
25477
23709
21664
20706
22433
22177
23132
24259
22521
20960
22044
24566
23427
25089
22276
22170
25297
21523
21820
23074
26121
24251
25440
20620
23175
21146
24189
22590
21261
22968
21502
21047
25340
21004
22620
24597
19806
23398
23469
22517
24315
22134
21682
23113
22462
21078
22057
22509
20306
23161
21257
23691
24854
24382
26218
26781
22572
20916
21862
23726
21466
25808
21357
21493
22914
25104
24865
22125
22178
23366
24922
23855
26139
22549
21689
22160
21531
24105
21801
23160
22569
25918
25256
20555
24769
24352
26292
21361
22166
22309
23852
21584
21671
26278
21777
22082
21205
23012
24521
26436
22760
29839
26212
22959
21057
21487
22569
22668
23349
21405
21417
23222
22589
22342
28600
22808
24455
23674
25304
20341
23589
24217
21332
23095
25176
21551
21908
21315
22844
22748
22428
25185
21381
21247
23313
23600
21713
22524
23585
24996
23242
22731
23237
24063
21042
22651
21772
23049
22674
25958
24936
25367
26199
21180
22163
22751
24481
25436
22095
23693
21061
21949
23645
22782
23165
22530
24886
24431
22093
21943
23888
27341
26425
21597
20040
21711
19211
22980
23859
22183
22409
23374
23964
23678
22449
23163
21046
21203
24643
22773
23877
22085
23087
21410
23085
23456
20760
25977
21202
23708
28624
21067
23283
21338
20543
29044
22490
25490
21769
23515
23424
24862
25505
22853
21872
22037
22071
23767
23197
21371
23844
25127
21048
22021
21103
24244
23229
24057
21352
21918
26443
22038
24018
23654
22892
23658
23207
24556
21618
23068
21218
23628
23208
21677
24142
22609
21543
21869
23729
23906
22126
23281
22870
22244
26042
21479
23237
22446
22468
22756
21619
21596
21652
22349
20349
21820
28389
23503
22286
23986
25950
23297
23069
22386
27132
22454
23369
20865
21977
26116
23841
23294
22728
22794
20584
22763
21514
23608
22041
22495
22187
24099
22534
20396
25154
21337
21947
24163
21523
22135
21354
21597
24501
21405
24386
22528
24114
22824
24406
21380
21841
24472
22337
22533
26044
22642
20996
22705
22417
25004
25407
21807
22693
24541
22848
22560
26045
23171
23785
25168
24535
24797
23240
23332
23068
21600
21000
21528
23743
22975
23562
23253
22979
22836
21020
21742
25519
22311
22045
25234
21149
23464
25633
20468
22110
21792
22050
25905
23625
23632
22518
24021
23845
24839
23316
21251
23717
25177
23186
24634
22198
22823
24559
23082
22626
26416
24762
25754
22469
21367
21717
22320
25286
26379
22686
26774
22428
21837
26159
21216
24327
21274
23100
21268
27127
23122
25009
22578
22299
23771
22666
22463
24528
21929
23632
22722
22061
26971
22228
21441
22383
22397
22238
23605
23659
22891
21763
30911
23454
22901
27955
24606
21755
23302
22528
21437
24343
22821
21435
22042
21731
26929
21968
22927
23882
21582
21448
23189
23312
25432
24221
24045
23766
22424
22550
22672
21259
22670
24841
21817
24940
22816
24412
25108
21297
21502
22923
22548
23315
23633
22305
23961
24090
25570
21167
25463
24334
22344
23125
26651
24214
25989
22714
22109
23347
25035
23890
21892
21756
25000
21338
22444
21731
23564
24763
27304
25319
21583
22973
22273
24256
23898
21781
22178
21966
22109
22597
27881
23037
23124
26397
22076
22875
24089
21121
21770
22875
22163
22569
25680
21721
22706
26611
22885
22403
25060
21009
22425
24154
23448
21298
22098
23683
21647
22158
22014
22009
23391
24987
23546
23264
21104
25295
22575
21904
21895
24223
24452
23816
23518
22460
24216
23776
22263
24790
23813
27325
21008
24500
23917
21789
22960
21498
22243
22629
24393
23202
24171
25166
21822
24699
27016
23738
22350
21389
26108
22949
24336
23543
22358
24162
22994
23039
24569
23456
24384
22240
21377
22343
20995
24631
22792
21503
23565
22775
21984
23095
24023
21991
24792
24032
24662
28012
22858
21577
22008
22503
24157
21824
25577
23826
21977
26283
24300
21615
23074
21500
22100
23555
23953
25642
22792
22217
21728
21389
22218
23962
25129
22127
24281
25226
23414
22800
23520
25780
22268
21074
23318
21790
21288
22508
22529
23016
24265
22830
24226
21618
28177
27709
22846
24627
25535
22345
21211
20672
24534
24042
24885
22838
24350
22293
24334
20997
24577
22534
21976
22809
23145
23575
23330
23298
22490
24695
22886
25183
24880
21979
23534
22072
22655
22503
24083
25004
23171
25973
21863
23717
24054
24369
23212
25112
25731
23930
27085
22473
24049
21731
22479
23933
24701
22738
21265
22728
21948
24530
24085
21674
20922
25401
24288
22564
22880
21699
22977
23819
21124
21742
20569
22847
22245
26259
23449
21473
23215
25556
23494
26857
23742
23624
24932
23194
23087
22352
22628
21290
25886
23402
20928
25389
22727
21290
24836
23529
21272
24846
24706
27104
22332
21599
22978
24327
25218
28080
24645
20702
21395
22903
27317
23690
22443
21104
22503
23104
22500
22277
22773
21996
23049
28124
22973
22783
19880
23563
23740
22729
22315
22619
24214
23290
23855
24292
22266
21175
23689
23378
27388
22351
25339
24652
25142
23583
23282
23391
23282
22672
21350
22823
22519
21878
22172
24281
23438
25074
23880
23461
23109
22008
27717
23338
25734
24196
23635
21484
22141
23725
21346
23614
26989
22855
25646
24476
26532
23379
23803
21205
26455
23834
24149
23345
24916
23041
26125
22983
23371
21185
21509
24641
23159
26462
22849
21046
24545
26429
22900
21235
24170
23982
27161
22259
23439
23398
23233
22872
25771
23625
22387
23411
23269
24238
22404
23634
22107
23555
24165
23035
22520
21531
22196
25521
24367
21391
23619
24432
24171
26022
21724
22620
22332
24891
22780
21921
21332
21570
23019
30777
24153
23557
24976
21742
22433
24004
25996
22895
25857
22382
26441
22791
22637
22131
21721
26437
24458
21032
21817
21679
22408
25200
22853
25445
23777
23252
23303
23723
24397
23324
21591
23507
23889
22323
22406
23348
23394
24765
27132
25526
22363
26780
26356
22989
23714
22303
20560
25890
22721
25161
21423
22033
22440
23813
23341
23126
22854
23237
27735
21633
22893
24700
24544
23932
21418
25532
23229
24895
24155
21534
24041
20977
23174
21306
22848
21529
22364
24663
22545
25651
22196
24376
22182
22483
26807
22675
21537
23880
25111
21935
24642
22760
24085
21718
21509
26556
23016
22369
21691
21651
23650
25951
23013
21319
22664
26115
23552
23460
26185
21996
22948
23474
26353
25129
21592
24316
22567
20986
22630
23973
23750
21600
25143
23796
23007
22066
21242
23650
22838
21058
20884
22091
22726
23891
23583
22279
24253
22225
24818
22503
24177
25779
23898
22724
23831
23677
25268
23595
24776
25247
21974
21211
22785
24937
25162
23165
23817
23686
23063
23501
22588
23492
24357
24175
25850
23458
21624
21951
21989
24890
29632
24879
23908
21261
22609
23103
25259
21583
24205
23059
23740
21842
22745
24328
25642
21741
26356
22186
22088
23871
24029
25035
30886
23157
24618
20922
27888
21619
23602
25082
23057
25180
27946
22875
25429
22341
22688
21466
24030
23289
25877
21053
25445
22071
22016
21900
26567
24873
23959
24791
23052
23359
26048
23459
23274
24340
21928
25258
22816
23544
22951
24504
22409
24681
23345
22912
22953
21751
26200
27171
22842
22044
23160
24771
24444
21841
23141
23216
23071
23533
25474
21743
22474
21751
22824
26555
23495
21373
20885
24438
23025
27270
21656
24365
24310
21611
24021
25424
23027
21767
22594
24224
23700
23614
22441
26054
22243
24298
20995
21743
24298
23580
22642
22456
23131
23019
23769
22328
22545
23069
21379
25920
25734
21830
23160
23933
26351
28250
23278
24638
22149
22895
23657
22408
24261
22635
22699
24474
22513
23337
21244
27768
24411
22832
21849
23202
22561
21489
23944
23513
22455
22963
23323
22613
29840319
 Average Time : 23312 Minimum Time : 19211 Maximum Time : 30911 microseconds 
 Client 4 Average Get/Set Latency = 0.023312 seconds 
 Throughput = 42.8964 opertions per second
