54224
97558
74307
31559
44262
49845
48118
56188
55713
45409
62064
41960
74902
76181
62679
64479
62582
45476
51051
60906
76716
49352
60165
40618
46285
63816
83926
47236
80002
75258
46831
50234
38225
49603
71522
48908
53930
59143
53495
51492
47650
39459
39397
51723
64697
69619
46358
58024
68702
49597
62011
62949
62973
50842
65717
55884
46691
61575
61267
57834
40004
42427
48124
46902
52662
34733
50185
54261
47252
48501
48372
56112
40966
40203
51848
67102
49733
64254
64448
38430
59801
73355
44694
64622
58920
48257
65269
57492
67012
50861
46795
41155
56311
32930
47552
39320
35542
54741
58203
52823
55252
66227
60699
45446
49715
50036
39039
57760
34644
52029
36117
45774
36316
46678
53726
55893
47081
43612
50761
48055
56153
48784
43971
47743
49599
50811
54116
70424
69467
65870
59805
49336
53524
51304
93648
43074
48298
71114
50923
35944
43051
51715
40046
60820
52220
71574
54337
53646
59468
35674
58813
91230
55064
51290
42744
70014
77675
53777
88888
79715
75648
54935
91090
54283
71496
71572
41959
60580
52645
87827
71940
47564
97294
71383
65466
81196
72317
107451
68227
99440
82257
94103
65824
104232
83128
93685
81093
73630
111685
72391
91931
143531
74319
137019
121972
67584
74424
83357
127655
135170
58615
57268
109058
79619
94731
108697
85849
88650
79897
122607
107216
81011
78472
113366
102049
75448
103947
62345
77771
60473
126226
82971
92782
102971
94572
86127
102816
94555
67364
113233
120548
119683
99817
114209
87710
119561
143940
70253
95052
78427
76335
104170
90368
87542
94166
114347
93955
116275
98716
116674
119901
93684
102475
104014
86419
98595
145684
73236
79147
119205
108860
73531
139755
101394
126515
85903
89910
94403
100305
88049
96215
82262
75475
74779
45838
60700
68781
33972
46966
32657
64324
48220
78144
68243
63205
65344
104971
91905
69537
126578
76891
91776
58038
145652
50202
102661
72497
75371
85417
90229
116201
40962
60465
52512
56026
34683
46535
49959
50986
60717
36944
48515
43757
35459
52656
43646
30540
42916
25528
23607
22098098
 Average Time : 69056 Minimum Time : 23607 Maximum Time : 145684 microseconds 
 Client 8 Average Get/Set Latency = 0.069056 seconds 
 Throughput = 14.481 opertions per second
