62061
90620
89448
64391
59487
43992
53602
62560
82480
57760
52904
55587
54986
51768
46119
47622
34620
49172
51295
77956
59496
62316
57427
62115
55234
39529
53590
44901
52475
57162
49195
49301
64865
44704
55096
54934
51038
42755
54145
77315
49837
67164
57462
65892
49812
64400
53354
46611
51966
33355
50483
31073
48998
55839
49014
59506
48721
81608
54924
56469
53145
45186
45828
50128
67544
80495
52997
62203
58223
58640
38362
55214
56602
71453
55583
38641
55804
50608
47744
30803
36358
57088
75655
44690
67872
49287
43945
55070
51638
66458
49077
46538
56402
57377
58598
62962
66488
35789
47981
49998
45857
72808
56796
40818
41343
74018
73198
36805
40440
62491
54140
63800
41298
72537
92561
60655
53140
77559
43399
38915
49453
46290
33893
56418
56009
51705
39338
45322
33991
46988
44367
56947
55546
55453
56358
45661
52899
37118
51206
45784
48419
59759
37628
65890
50495
54029
53795
46429
48083
43428
49040
64644
62544
78538
51719
60374
73523
55091
62099
47172
78811
47276
52434
91783
53962
92996
69677
67185
101675
98306
70163
75880
84722
65163
64828
66359
83105
96072
82529
57584
67116
90147
75383
103957
78457
89613
92755
75336
111122
78205
68087
70542
76123
115396
105408
79618
61151
95778
123897
76566
86423
116251
76625
53598
67479
123103
58758
78519
81748
81389
57997
78305
78593
89595
95483
115366
59177
97920
77360
73786
98102
103447
106776
118629
102089
160181
86451
112213
118189
87341
99385
88510
88008
84776
79705
62886
51487
86842
117851
115695
115190
128901
80306
68080
82381
83277
83191
80150
71957
87561
108294
125527
101621
77706
83156
112647
96056
107160
68269
65138
125653
110389
90620
80469
89221
122184
115920
97493
100620
116848
128284
54985
94809
79369
67542
105167
116831
111024
73698
42969
48962
51699
76298
56029
81384
80171
73982
71072
112487
102653
124801
86646
74530
104919
120871
91526
124474
94572
169745
138972
57182
52684
56911
61143
66569
51277
63763
52739
55860
46949
42330
48189
32722
43713
35311
30715
29187
28866
25796
19407
22111982
 Average Time : 69099 Minimum Time : 19407 Maximum Time : 169745 microseconds 
 Client 22 Average Get/Set Latency = 0.069099 seconds 
 Throughput = 14.472 opertions per second
