34181
41464
59257
37409
35216
48831
26898
32677
32829
33748
31058
35113
34208
28019
36731
37368
35689
32578
39079
33455
44744
35220
25776
30798
27631
31892
36967
34681
37218
29468
40902
37894
32608
28061
39200
27691
40313
31383
38570
29517
39842
34754
37483
25509
37320
30175
39018
37411
35292
30751
34450
33342
30190
31346
42134
34895
30245
32340
35696
31583
35419
32832
31004
29897
34262
39906
30659
30815
41980
28009
28952
30929
39457
30366
37417
37850
32977
28972
29304
40641
35931
31098
28582
33992
29664
39053
35756
34704
36019
33721
29616
31093
38716
32993
29309
36079
36362
36633
30578
36522
39417
30838
27645
31481
33593
28349
31319
39650
29011
33170
31911
33494
38494
30517
40524
37613
31435
37074
31647
36241
31935
32920
33182
34255
36157
33467
35641
36846
35090
40890
35097
29456
35231
32607
30920
36077
38560
27945
32372
40881
32677
40696
27656
30676
33942
31672
32344
34194
40582
30520
35155
31183
37824
29966
33440
33228
30618
35055
33637
42142
26458
32097
27286
34656
31725
33939
34447
33457
32645
27991
36906
34140
28754
33620
30797
32257
27880
42612
33883
28026
36056
29980
35421
31068
40926
27060
36994
35360
39004
33041
40538
31072
36011
28091
29827
28118
35294
36148
29165
29596
32072
33161
30989
29622
30250
32787
31190
29475
33091
30226
47504
34265
29460
27056
28929
33620
39183
45581
30644
34225
32524
32643
34834
30802
37865
24455
38428
33730
35010
30197
34399
44760
32004
32136
29845
34498
31782
25508
30350
35792
33103
31653
30229
38105
35931
39636
32881
32858
34182
29382
30992
36812
32586
29969
28094
27786
34161
31804
38506
36881
30720
28895
38833
27146
30211
36210
36190
32975
32190
37961
36549
34216
28533
29349
29660
32043
32585
34457
31063
32933
28479
37267
28006
33187
34969
37570
32147
38313
32619
34203
34581
36864
29067
39615
35904
31627
33858
42718
34896
41936
30490
40918
34508
34629
36538
37630
37235
35682
29810
35831
28985
36271
37367
32497
37597
35204
27287
32880
30242
34522
28818
32877
34610
37740
38488
29273
39883
33279
32558
32785
35642
31362
36932
38148
34417
30066
36492
27487
38005
31375
29692
41027
35367
37401
36497
41431
40034
28509
56752
31982
34567
34617
37237
33359
36293
31214
43051
28609
31793
40949
32266
30356
35936
37184
41267
31258
35888
37092
28680
32625
28961
35898
29059
30229
27638
29658
28608
28721
30327
32632
40315
31741
32849
40941
38913
29948
29901
32621
33332
29504
25831
25771
34731
36471
32442
31349
33099
35629
36383
34241
39304
38381
41207
33473
32358
29079
29071
27084
31154
28411
29926
32821
35346
44630
29065
39231
37291
37742
32466
36929
31635
36220
38198
29749
32694
32542
36277
32515
36922
34758
35008
42493
28516
31333
34108
30266
35730
32617
30846
34698
55963
28978
42596
29058
33231
41648
26778
31886
34513
37518
35250
33374
26788
34573
36297
28476
33536
38325
35745
28691
31829
35910
39235
29209
40136
33183
29771
33282
34397
35087
32396
45493
25794
35140
34021
32212
32655
33005
27260
29166
25990
33785
28086
29666
31071
32846
28699
33549
27445
30918
38553
32191
41735
38338
42073
29989
34817
35686
38381
36685
45050
29302
27188
32755
31148
29777
37306
34811
29372
34723
31251
36519
33363
35048
31220
29496
30329
32840
45125
34084
36727
36110
34159
40753
41172
34450
36102
40740
33222
34484
31985
31545
34421
29292
29334
33848
38703
29967
27151
34158
29650
42292
28749
46006
30285
31136
34921
40018
32649
33351
40968
38299
47619
41587
32853
46113
36729
27980
31407
45485
33632
28177
30641
27135
40546
31621
30723
38472
39968
29713
28854
34551
29576
34923
37058
34155
31918
49417
36744
40429
45925
31091
33881
32340
39413
38827
43024
31256
44412
40191
29130
28620
39078
32772
36593
29760
31143
30303
34696
32436
29605
30697
33325
27722
43996
35793
40165
34649
34065
33682
31621
34411
32111
32849
34086
40868
30187
40278
40211
29301
32857
37672
33499
33588
37525
36940
28938
31048
25951
37962
39426
30954
34312
33415
32527
24487
22773
30384
23095
22635
21743599
 Average Time : 33974 Minimum Time : 22635 Maximum Time : 59257 microseconds 
 Client 5 Average Get/Set Latency = 0.033974 seconds 
 Throughput = 29.4343 opertions per second
