53979
82969
90714
62952
39570
69349
67127
53914
43303
63790
65496
45979
44214
56497
55247
44514
51982
71565
58500
90014
71890
47794
55295
54918
60155
44670
64017
47892
59700
42212
55285
61963
61320
47943
51783
56691
53559
47890
48096
61577
42919
59395
51925
49679
39926
57087
46520
38478
55418
63309
59058
50904
50310
54532
66162
41582
43281
63729
49966
54507
37587
52306
57206
50013
60121
31395
49624
72376
44972
52543
54093
46286
58834
40530
64093
48763
57724
65774
77828
51739
70545
48263
62246
42417
55305
44962
51562
41344
46906
71195
41950
60256
77455
39666
71191
47480
49969
47843
55312
37437
47139
51540
54430
34016
28601
50006
45603
57872
38997
42166
40334
67183
69561
55677
80043
56078
68839
56649
31638
49446
41088
46273
38573
50197
40505
47103
49416
49125
71522
44282
49879
40910
60507
43979
59617
50064
51299
39018
51212
42800
59210
67684
37841
49624
47191
51745
63404
60522
42268
52939
64153
66057
43453
48220
59459
81590
68411
46413
67083
55940
61742
57706
58332
80938
73023
70512
79813
90528
66120
66284
60913
86039
61551
90085
80082
92105
76109
81146
59635
71239
109983
76354
89052
69160
78113
58078
70544
46572
65179
94510
76846
81999
57059
87180
121185
76419
115531
88571
77377
83070
76057
83322
60040
82560
72937
88862
65690
84242
77816
66515
81778
88167
98515
87337
91218
69493
64732
104505
67203
109760
89863
86699
105522
71823
57638
83499
113903
103816
112822
120869
113333
80802
84652
133435
104115
79209
46816
105740
123730
109255
115336
71058
128558
78296
76872
118940
87517
133431
83041
93894
75553
74375
49938
132693
74304
92707
60291
91111
88873
133255
115861
134935
123074
116037
99525
72465
85478
123483
83131
102215
104200
105580
115032
101569
112177
90794
109627
60773
118540
73146
112118
29829
50426
70959
52989
75071
84976
77344
78430
54917
106533
84272
98319
72782
85018
95961
110376
86157
103473
91393
142941
110033
129370
84461
66653
42537
55459
46147
60063
48048
57089
61568
58378
66122
88932
50257
36043
33969
27729
24480
22062798
 Average Time : 68946 Minimum Time : 24480 Maximum Time : 142941 microseconds 
 Client 7 Average Get/Set Latency = 0.068946 seconds 
 Throughput = 14.5041 opertions per second
