74589
73768
90340
86483
54650
46177
74951
63238
58042
52738
69392
57769
75736
52369
58363
58275
66449
37708
50652
61029
40612
47067
60674
58656
39840
47234
73682
54716
43213
54993
46192
36440
33009
26932
40840
68662
53877
53125
61381
48068
62663
69552
51844
52062
52141
37187
30395
51216
35966
48062
37608
76966
48972
45900
33548
44428
61266
41065
61270
48170
37065
55277
46027
67180
57211
60761
53999
34785
46605
53540
55195
48902
58340
73954
47601
52459
61220
48626
57475
45223
62427
57177
54229
46201
52338
44231
38183
54255
45137
52367
60034
71763
78779
48721
37864
47998
59282
62877
66410
58624
53523
62332
53153
47251
53251
44872
47419
55287
41214
67121
43223
41048
50897
39264
47249
56531
41360
63329
68997
48236
47335
52858
44481
48760
49523
46445
52775
42785
40795
61577
57612
48283
30914
45092
44857
34090
53901
45656
51130
41590
52774
55829
57787
41707
55925
48914
49345
31441
51715
39697
40587
63627
61535
50182
42737
56381
46534
43680
66428
56544
61078
56538
51477
63380
50512
82654
51447
72830
91898
62968
50990
85292
102456
54115
70649
88230
71232
82103
68785
68258
81490
84244
71893
91237
73466
74105
76706
56593
84077
101589
94550
80005
111183
54215
87254
131049
69037
98614
87512
132798
104541
109867
91796
67396
74376
71125
86101
72275
44060
72902
124910
81556
103629
119572
129469
103139
72740
98467
116114
79524
107766
88875
69280
89181
109060
101687
119262
90824
96820
100919
73383
121275
112285
123531
58435
121756
99451
78176
91364
89219
99222
80221
86805
76011
98664
89063
92959
98609
130367
75558
128261
71612
100873
82696
65986
77053
109158
129266
51037
109699
82548
60821
83508
89300
97705
101127
76875
70277
101153
79955
84012
115141
93042
108071
115262
116179
97197
95085
51834
90767
49505
112120
82858
66072
48528
48054
63615
38293
44926
80741
84119
67456
47055
66290
84860
89682
82315
82841
121352
90208
40870
112062
128640
74249
89944
101460
112827
109869
98330
63810
69992
64541
33731
42586
64604
52570
37698
61696
48141
49585
21847630
 Average Time : 68273 Minimum Time : 26932 Maximum Time : 132798 microseconds 
 Client 28 Average Get/Set Latency = 0.068273 seconds 
 Throughput = 14.6471 opertions per second
