31244
27457
25226
22373
22760
24216
21317
22470
23025
21833
22542
21056
22144
21297
24514
27986
21727
22119
21790
21897
26690
23633
21778
22072
21782
24229
21042
24038
20103
20843
20189
23852
21750
22615
20553
23450
22168
23818
24027
23069
21276
22732
24141
22246
26961
22648
21679
21924
20802
20388
22940
22697
22671
25639
20806
21974
23652
25956
23198
22863
22194
22364
21814
22694
22430
23503
21743
26065
22335
23857
24858
23048
22375
23790
25670
21927
21673
22695
21262
22194
22595
26724
19173
21567
21237
23699
23243
23456
21857
20997
23740
22056
22176
22822
21907
24220
26844
24028
21582
23835
24274
22769
23172
21056
22010
21025
25185
28334
20834
23317
20858
23422
21359
26754
21591
22937
23720
22730
27528
22449
21008
23170
22295
23652
22479
23094
23116
21076
21681
25326
28157
25213
20626
22100
22973
23001
23001
23716
24329
22005
25475
20352
21268
22558
23029
26287
22210
21518
21214
22646
20946
24597
22510
21898
22555
22683
22465
21573
21235
22268
23720
21756
26294
21127
23569
21619
23263
23679
23589
22520
22856
21558
23398
22793
24066
21544
21677
23875
22179
21565
22131
24451
22134
21588
24774
20534
22461
22216
20884
22362
22698
21276
22351
22020
23385
24947
23718
21987
22200
21326
21752
21303
22999
23465
23203
21959
22310
24000
24346
21161
23494
21009
24918
23682
22854
23912
22201
24884
25051
24185
22410
24257
25867
23066
26903
22436
23379
22272
22919
24552
22562
22097
22878
25016
25233
24106
22370
25903
23180
20754
22588
23162
23965
28846
22320
21409
23138
24418
21363
27345
22543
22990
20426
20672
23768
21739
22131
25151
22978
26462
26246
22755
23725
24247
24216
21296
21874
22325
22433
23682
23541
20609
21803
23463
22399
23899
22598
21900
25617
22834
23642
22980
21999
20507
21588
21477
23481
22329
25470
24195
23457
23235
30137
23767
22055
21054
22212
27313
24075
23702
21865
22248
20896
23241
21346
21559
22579
21509
23478
21501
22349
22759
21803
23518
22083
22356
22683
24084
21409
22482
21624
24564
23823
21415
23967
24240
21049
23160
21558
21456
22544
23083
22486
21369
25285
21239
25119
23728
22726
24966
23943
23041
22261
21497
21425
25412
22796
21919
23222
24359
26104
22006
23179
21136
23216
22164
20732
24021
22465
22586
22321
21849
22090
21768
24045
22640
25256
22660
22144
22732
22010
23066
26642
21581
24028
24326
22533
21734
21440
22835
28918
21365
23746
22321
24658
23301
26350
21015
22357
22376
23047
21769
23929
22956
24012
25815
24768
20549
21954
22390
24271
23685
22419
22906
20880
21409
25116
21654
25146
23034
21702
24330
27633
19960
23274
22898
22026
21575
22347
24667
21861
20989
22394
22850
21551
21427
25202
21859
26125
21425
21935
20800
22588
22379
22357
22056
23123
22824
23514
25954
22433
20946
24475
20983
21257
22279
22070
23227
23183
22377
24333
21763
21237
25176
22746
22375
25593
25879
21217
21178
21742
23677
26039
21675
25739
21458
25221
22579
23951
23293
24566
24254
26486
22401
21599
21482
22966
26871
22218
27518
22712
25011
24865
25350
26581
24633
22424
24258
20812
25907
21670
22352
21666
24467
23152
24322
25585
24485
22537
20640
21815
22094
23264
26771
21548
22004
24643
20648
23699
22627
20877
22002
21835
22564
29269
22304
24212
24568
23894
24921
21160
21008
22414
24410
28471
22614
22260
23071
21311
24532
26842
27695
21172
21150
21553
24441
23549
23413
21080
23959
22454
24076
22501
23779
22355
23457
26872
22940
21963
22519
21120
24910
21949
23178
21929
22572
20990
25946
23655
21279
22620
22844
22354
22237
22116
22997
22633
20773
24962
21791
23920
23611
20837
24280
22046
21854
24586
23616
22039
22456
21808
21045
22993
22283
25266
24341
21942
21363
23223
23607
24690
22002
22120
23212
24435
22641
22365
22148
23110
25702
23415
23094
21727
21762
21488
22888
25450
22564
24532
23105
20744
24504
24450
24179
24861
21775
21047
24719
22931
22690
22478
23107
21785
24396
22672
21845
21704
21007
23269
25094
23295
23580
22161
25678
26118
21463
22108
24873
22040
25907
23224
21567
22712
21082
25351
25220
21730
22706
23221
27199
23524
23246
23529
25866
24930
20966
23249
22562
22433
22539
25895
23086
23097
23574
21977
24194
24050
22598
21293
22633
26051
23492
24310
23607
24058
24315
27306
21665
22546
22064
22149
23449
22903
24322
27962
22614
24710
23366
23190
20650
22719
22779
25165
22433
25792
23740
24196
24438
22287
24182
23287
25241
24726
21966
22220
23102
21939
22569
23099
22221
24029
21507
22136
23512
22279
23312
23784
25328
28184
22335
23873
27041
24214
26088
23902
22240
20265
23204
18582
21214
23676
25603
21063
22593
22272
22207
24954
22223
22576
23081
24136
20694
23616
24494
20906
24081
22388
21537
24503
21549
23222
25056
21880
23240
22443
24464
25430
22899
25457
24476
21859
22644
21701
20504
24511
21670
24203
25621
22324
24069
22281
21789
22632
21806
22278
25316
24551
23188
23524
25366
22901
23046
21367
25300
25608
22070
21163
23789
23886
23372
22746
21418
25083
25619
21572
29498
22355
23473
24248
23300
22554
23417
24970
22545
25960
23887
22120
22671
22567
25191
26325
23524
23092
25487
23061
27022
24912
22146
23171
26449
22125
26723
20797
24683
23965
27378
20001
31207
22658
22624
25823
22643
21480
22510
24790
25721
21425
22694
23318
24706
22979
26147
23350
22310
22241
26034
25595
21271
23634
22926
20959
27953
22249
22224
23324
22233
23137
23328
24535
22991
22709
24550
24222
21701
24396
23412
21842
23135
24413
22103
21028
25899
24727
26625
20783
25084
23699
23260
23546
22599
25308
25429
23016
22158
23316
21565
22893
22571
24231
24701
24318
21970
22933
26430
26094
21125
23984
22208
24740
24641
25244
23520
23806
21169
23595
22571
21829
23152
22878
22484
22941
23335
22951
21908
24577
23622
22728
24771
25862
25677
21907
26818
22825
22912
24713
23616
23863
25445
22193
23600
22467
23607
20998
23317
23926
22986
23229
22806
23361
21373
22240
23522
24410
24799
24314
23576
22536
22999
22765
22071
24008
21505
23465
25058
21998
25930
21550
24395
24742
21734
21138
23966
22067
23358
23030
26322
22269
26000
23894
23917
24373
23884
25279
22632
22212
25091
22363
23690
23439
24229
23833
23038
21866
21730
23271
21916
25585
27529
22701
24360
23503
27190
23012
23120
22629
21970
24185
26335
23175
24244
27787
23896
24804
27943
22434
25328
23262
23608
34652
25165
25256
27676
23932
29613
25384
23531
21952
20790
20584
22504
24163
23638
25366
21797
23942
25320
21842
22816
28013
23595
23324
25926
24951
24526
20895
22908
23333
22863
22018
21565
21788
23810
23664
23261
22941
24423
23482
21052
25319
21102
23934
21984
23164
22379
23078
25211
24234
26014
22123
25347
25857
21015
24060
21183
23505
24107
25568
24540
23213
22221
20616
21506
21938
23002
23444
24418
24555
24160
26102
23972
24959
22856
24652
22749
24264
21911
23971
21875
22065
24557
21048
21594
23417
23277
22531
22404
22956
24876
21555
21979
25550
22942
22876
20745
22953
23569
21265
21317
22175
22146
27143
28892
24798
23911
24222
22597
24984
22553
25833
21862
22801
22452
24845
21895
21615
23550
23084
24758
22780
21940
23590
26607
24457
22247
21467
24821
22734
25536
24588
23623
22689
23563
22710
24498
22283
23355
23833
25988
26849
21446
23143
21746
27009
25427
22926
23082
25566
21346
24902
23299
22812
22218
21906
27003
24287
23195
21295
22298
23380
23111
22892
26910
24936
23710
23400
23161
23171
26617
23127
23192
26742
27152
23039
24212
23318
26522
24689
23954
25772
24655
21268
23458
23133
25144
23982
24492
22989
22283
25745
23964
22498
23254
23590
21436
22646
24147
21958
22933
23898
22871
22275
23466
24585
21444
23241
26519
23212
21954
23031
21106
25685
22246
23006
23613
25849
21765
21630
26766
25342
24630
21870
24722
30154
20754
22007
23595
23726
24936
22115
26162
23243
23698
23059
25921
26097
23053
23381
21681
24458
23403
25545
24980
25570
24153
25132
21695
22740
27283
23031
22229
21933
21739
24653
28054
25113
22239
22437
22496
23280
24193
24186
22910
23196
22595
23348
24850
27059
24349
20914
23719
29850311
 Average Time : 23320 Minimum Time : 18582 Maximum Time : 34652 microseconds 
 Client 5 Average Get/Set Latency = 0.02332 seconds 
 Throughput = 42.8816 opertions per second
