64703
58960
73887
57401
45440
62848
41286
51446
43790
60040
68478
87139
55825
66148
60638
53846
43542
60565
60857
57442
46308
29668
57324
50478
43607
40783
58673
40008
37506
62210
50621
40005
54202
51055
77462
39420
44396
70094
57384
68185
40566
46926
35845
62916
68711
43606
57348
49536
74521
54324
61639
37899
52890
46651
49317
70918
54799
62822
54427
32069
60961
33107
55988
47985
74836
47285
42200
62819
45667
48461
53271
61483
39540
51529
60041
37579
41584
48324
37081
49441
53742
38212
37489
68031
45753
33688
74502
46459
47137
55011
53963
51152
50633
54141
71206
57588
57945
49470
46539
48385
56515
56114
89751
42194
43493
50914
45114
51722
67715
49402
43915
59624
70150
49407
58564
56962
44376
78198
41534
55798
93325
35710
38488
54663
58301
51826
40581
46102
50177
47635
40567
76227
43006
59858
63726
68856
47512
48479
42051
50547
47214
49237
56271
55515
47221
50937
58000
59499
54787
55943
43948
45813
43041
56914
58561
70013
49347
51875
64214
51017
53633
58170
59189
60734
59214
71478
78435
69458
65737
62148
66400
75597
84721
86445
77641
90014
75519
73294
83202
47412
58480
83768
85122
51731
64792
160078
62977
71606
77848
94308
43662
86749
85562
87815
109392
108544
51338
63175
80622
70709
87961
80333
135407
93980
93214
128154
81463
59649
91514
56408
78115
90322
91330
71046
72198
78223
112037
70852
114397
52735
111135
80337
123144
140838
104953
107455
85059
70699
85723
98096
118737
69861
103191
101005
105992
112976
71903
93039
109365
133225
88674
86192
101007
114272
105831
94943
162354
94981
101070
124399
117838
106399
91573
95993
111783
84296
93318
92887
106666
105002
125071
95813
104864
119907
46479
79716
121894
97458
77443
82250
128075
82024
120707
145206
71439
132382
118964
88114
45376
41823
54113
45112
66829
43199
49679
54740
50779
66462
96304
59734
78330
45458
77429
96572
83552
137382
85806
87132
125910
131978
109266
66691
90456
108373
72370
49915
47727
74908
41322
41320
70951
49107
40946
61135
53067
35541
55888
45326
31690
30893
22010759
 Average Time : 68783 Minimum Time : 29668 Maximum Time : 162354 microseconds 
 Client 25 Average Get/Set Latency = 0.068783 seconds 
 Throughput = 14.5385 opertions per second
