39210
38825
34199
41467
34591
33383
37655
29714
36855
33393
31319
34511
33572
34790
35838
35265
45200
33539
35093
27782
46695
34258
37905
29270
28985
33734
38308
32118
31638
35205
33827
35597
26730
36399
30353
36157
38217
34488
35235
40229
32780
35043
34875
32145
31088
41245
37191
36878
31428
32431
29316
41071
32931
29713
47254
30492
34545
31011
34020
27482
32869
35955
31888
35449
32823
31244
35107
32282
32589
32697
34910
45531
29734
39008
31802
38231
31922
38198
31279
33317
25284
32276
31739
44618
43169
40646
33256
34582
35368
39611
39196
36146
32847
34749
34702
30279
30779
31920
28676
29230
29354
33130
32498
39484
36970
32611
31450
36813
30826
29107
30607
30289
36193
30076
38958
33596
31477
35080
35027
28725
30554
32663
35708
36883
32701
36222
35622
33290
39919
36039
32470
42409
36353
31124
33357
32503
29526
39372
28928
29418
34346
34183
35348
31735
36799
28686
38797
40693
38532
34435
37780
33477
35552
34985
33186
25498
31215
30940
35509
30408
32549
32514
31711
29446
25902
30872
29498
32455
31621
32420
32637
29587
43309
44535
39172
34106
30680
40764
32802
36917
33547
36650
33891
29912
44918
39606
32397
38995
35759
35604
35064
42229
36072
35147
42329
29448
31374
32616
29178
29640
31662
37528
42460
29497
31134
31457
41817
29939
33250
40500
34705
37107
30706
30709
36568
32109
35072
32881
28746
32256
44147
39027
29591
31714
28098
26844
41940
30351
32600
43174
32389
34512
32126
28072
31746
28558
29538
33329
32275
29760
30971
32543
33441
35047
33716
30823
36982
37300
34377
29626
33424
38282
33956
34776
28721
38114
32858
30948
33054
35712
46884
31503
38465
32149
28352
33684
29204
30320
32429
25441
34522
39400
35894
34730
37529
27560
30643
36868
37296
28267
32056
26502
31529
30600
40804
32093
32974
29339
40225
31923
31592
32507
28898
39870
40601
32814
30750
36775
44141
32261
27699
32784
36526
29899
31858
35961
30068
33474
35716
38661
40588
31843
29304
37062
28263
30435
32151
32761
26980
30717
33771
32908
34268
33423
30542
29528
34388
31889
27835
40256
36722
36263
32356
39319
33554
34596
30277
37910
35323
33631
26155
28427
37668
34860
36423
28219
30694
47969
28926
33316
33101
30511
31867
31795
31669
33700
36139
31703
30823
29236
33652
33930
33656
35974
29565
28455
36565
30460
37903
31193
30977
36114
39347
30275
41223
34447
47305
36227
27778
30103
34812
34739
44869
30611
37384
37674
30776
30915
33774
36922
31683
34292
28769
35196
29947
29105
37247
34825
29117
33558
28966
40613
34423
31494
29313
34652
39021
33449
33949
34511
30502
36590
38786
33174
30002
35866
32104
29351
31923
35423
34712
29721
45166
34738
34395
30632
38985
37567
31926
29153
38441
33809
36335
33345
40705
28735
36905
30048
34006
29894
35794
30399
37771
38615
30404
31918
30714
45778
40784
32778
33801
41514
39524
32610
33347
37528
27791
39417
29961
40749
33664
36815
32535
29965
31583
34166
33146
30675
40200
30310
30647
35825
29410
32099
32699
33317
35250
32102
35100
29846
29323
36250
38833
26947
28562
26519
32800
35881
28277
32965
36163
28774
38123
34465
28203
41912
29453
38286
30240
33497
35093
31512
30723
35552
39749
33631
37220
34159
43828
30771
41107
30959
27598
27974
31548
31992
30624
37910
35222
30751
35806
37359
32277
37599
35293
31461
33723
32829
35275
31366
27636
31705
36949
31291
31903
24432
35128
41670
38774
32301
41081
28349
29794
47151
30134
26029
30338
35129
31708
28851
38883
36264
29913
33513
31637
28227
38815
32022
43125
43125
31622
35342
32441
34758
37175
28660
29015
33117
29573
37396
30607
30499
25712
30631
27532
33645
30589
30071
36371
31814
35042
30880
35034
35640
36694
34548
31544
34801
30849
30858
34766
28579
36099
30378
32714
29029
37101
35883
34083
33002
38690
38250
32940
36034
43634
29565
34610
41017
36388
27619
32426
27257
33875
33318
31020
32135
37018
30200
35716
35873
34367
29772
27844
29233
33807
27273
31344
35512
30579
31615
30246
35577
28117
29771
29362
33965
38236
27796
33293
30855
21624123
 Average Time : 33787 Minimum Time : 24432 Maximum Time : 47969 microseconds 
 Client 0 Average Get/Set Latency = 0.033787 seconds 
 Throughput = 29.5972 opertions per second
