55690
85449
68864
72991
75614
52427
46652
56827
43330
74331
56930
51031
63533
53117
51217
61760
50964
50051
45918
37325
44264
64309
49427
42592
56049
50253
42504
64306
41867
46576
38690
71456
66650
65494
55317
35896
47985
50164
57746
49851
58658
46126
34613
51873
60666
47306
43168
58121
77761
72851
65310
42764
50348
46665
47359
64496
50446
83192
45315
38754
52507
44664
45450
49816
50580
52270
44604
51013
40086
48259
35527
44939
50051
58442
45645
55491
47571
54406
83855
43864
80068
50825
33823
57633
48734
41938
70854
50621
39569
35955
66536
52405
50165
46386
50120
33514
38754
36650
52683
62020
50345
42324
37490
56293
29518
61079
45913
53751
64959
58676
90060
35685
49896
36194
39067
59756
47647
37165
58600
44525
63788
37107
37298
79010
45560
60349
59781
47962
45684
37148
52405
52871
47112
72684
41320
60586
57087
35186
45004
54374
42873
58166
70879
54879
55732
67192
62211
63711
41255
53395
48593
38324
45463
64147
69588
42356
48398
54450
82591
96423
57730
57119
73941
59082
81448
63965
71452
49147
55783
67762
76915
92802
97365
84652
88639
72255
99596
70017
60962
65352
76673
74611
73657
60099
98005
64352
75098
53266
80658
63475
76965
61846
90836
84604
101342
74654
140607
122314
66321
89126
81067
72849
108870
63687
71786
102283
79657
75230
65986
104916
88151
75558
82023
73319
122842
47396
62928
65540
120421
65270
73349
128827
103486
77527
77967
74482
88887
91236
84981
77750
132940
96454
87351
104370
66196
90199
50069
64694
97536
89718
99934
68437
104565
88420
104020
81351
127993
88423
102483
117728
69323
71985
101512
87504
81903
106565
100685
76479
126598
88824
119656
123085
90235
73009
137057
125287
109787
95065
128638
94735
86358
137813
76297
78765
72308
83298
87035
58206
124520
76139
75847
113578
69367
107792
52883
51497
32239
88798
37352
83583
64473
64506
58426
65208
61972
89094
62927
122792
92038
117348
112755
98886
99064
92390
98065
57911
105176
134730
151507
64303
40219
53189
59307
59245
62895
43451
54092
44203
44238
68283
21861332
 Average Time : 68316 Minimum Time : 29518 Maximum Time : 151507 microseconds 
 Client 12 Average Get/Set Latency = 0.068316 seconds 
 Throughput = 14.6379 opertions per second
