98793
109772
60426
56610
79540
52077
86163
52989
77075
60197
58464
64437
44748
55377
55381
52207
32222
41451
53673
46605
40483
58582
63301
33833
61997
53574
54868
53832
47425
51472
49875
43340
71739
45324
53419
49802
32859
44995
63447
40405
74878
42195
41904
48496
37486
47433
42447
68738
35098
61092
36363
71017
56629
54685
40808
48534
31253
48293
58540
59433
39403
43457
52982
54423
38768
40910
37316
54029
47128
44701
55608
60788
62752
69874
63851
68430
46744
50440
49110
54931
43209
37766
43352
55334
60035
53408
76498
53874
63591
66771
39740
41194
41713
67391
48573
63503
50765
73177
42252
47274
42962
55744
30590
40106
58125
46169
35373
54708
44419
43707
47191
55646
50834
40593
44318
55013
43458
43124
51821
41546
63653
65602
41071
47858
53250
52684
52707
51669
46790
35090
57179
31655
51802
74827
40745
43959
36165
59468
50207
54862
66643
34522
34711
47273
39950
53427
43026
48276
47801
56230
42566
50600
62816
41472
49951
36775
41753
60390
66662
47425
110341
55425
59507
61212
39791
48080
53926
71468
68895
77362
71776
70898
83957
77836
78333
83463
59317
70892
82477
62151
69285
76825
102360
75825
96756
55768
69210
87129
61763
53862
96001
70242
64309
92311
89386
58933
64227
104247
72861
68898
99123
117209
70494
65395
115122
102911
91682
72645
100423
86878
81187
90056
112361
88577
97786
118433
78880
122543
47443
87681
71966
111707
40519
107813
85208
88201
70528
101203
95465
79924
96712
132121
81401
64519
71778
103306
80840
79680
88271
102366
105924
136225
108127
77526
119928
78814
102580
97445
141423
92383
108807
78932
109204
73660
77189
77670
88932
89310
75047
78123
70934
115927
72422
86737
108820
126093
68695
81028
97159
151472
93783
103420
107916
107914
91734
150806
69684
94311
124980
106083
180910
126105
77728
85160
53116
42723
71707
34041
53380
41185
60043
49095
51925
81276
55963
51439
82168
91967
80366
124855
94092
135473
106027
84023
109811
90368
94218
78767
112738
90911
39545
57194
72558
50499
67012
55364
52970
43983
66751
71063
21805473
 Average Time : 68142 Minimum Time : 30590 Maximum Time : 180910 microseconds 
 Client 15 Average Get/Set Latency = 0.068142 seconds 
 Throughput = 14.6752 opertions per second
