59750
111581
80386
62087
42333
52964
80201
56739
65116
68501
60203
47538
56753
42441
44988
54465
53260
57537
53353
50709
40408
57123
47319
34508
57305
42899
38515
48057
47504
41903
63467
47162
59179
58164
50822
67801
47538
46211
43555
60148
64995
45845
54850
48754
40224
35360
48774
51730
72460
41557
41780
58387
72053
62529
38390
46374
40183
52483
53120
51148
45864
46548
46749
64061
60883
68482
36487
48380
51746
57432
59595
60029
57375
52153
33772
47372
46215
58739
54566
66355
39105
50222
46599
33855
39096
47328
55907
43232
58114
48696
49488
43001
46572
79270
40755
52055
58807
73012
43307
41145
57048
56052
69278
62052
75513
61957
68324
41998
41168
46557
64120
41880
63171
51184
57300
49901
46234
40057
43814
57647
53979
38683
45486
67515
31694
53431
49212
46225
46863
54719
51292
40593
40825
51848
68589
45940
82941
40944
48222
68350
74629
46907
40677
50789
59024
58737
53166
66897
55059
50431
58477
68525
44545
56386
58487
48153
36573
49817
64788
57173
51896
74066
58673
61052
67834
67246
93250
78822
55509
98815
62973
69777
72611
149900
82351
80885
66172
84452
101117
82696
96118
108149
101148
81316
89757
96602
65076
116761
100044
69239
98241
68913
85039
98939
99322
89793
73139
98431
67635
58278
117697
122273
112983
115039
65325
73672
109520
68755
90669
103352
102061
130470
91912
114032
107607
91489
55305
48198
72084
70737
64368
72084
89125
83046
92667
119986
91227
65158
99678
81596
114105
137823
90420
105707
116110
136814
125582
151821
98470
137895
79408
87167
107830
81864
104766
117812
71812
126438
82494
128568
73570
52914
100767
91366
117368
117791
139077
107702
67390
103409
73440
89435
95293
65677
115316
64348
77913
154086
88692
156384
104408
72267
73722
119120
110425
69903
51878
47187
68935
48380
63651
68461
103515
66783
71243
50449
91256
137308
125737
123231
100161
138953
90847
110561
89813
103400
68654
113194
82150
57184
72250
41764
64621
40442
37787
49986
80452
50857
56702
80261
40771
39338
26871
35377
29342
21939
20328
19162
21285
21154
22168165
 Average Time : 69275 Minimum Time : 19162 Maximum Time : 156384 microseconds 
 Client 27 Average Get/Set Latency = 0.069275 seconds 
 Throughput = 14.4352 opertions per second
