33300
94406
92306
57329
64199
48902
69297
47369
72475
68279
55095
51121
44449
62515
67038
55283
53118
37288
52441
74435
36574
54369
48013
50196
47710
54269
48098
38855
41607
51041
45935
41463
48059
38981
65604
48779
45750
57881
32453
68218
53104
35635
57051
41311
44774
51091
49494
56908
55358
51587
40570
59783
44285
67835
39281
53102
57180
67863
60678
43461
47780
63141
63305
54283
56073
45537
42631
56538
48053
41776
56789
41449
36758
77708
59773
55007
46534
65920
44024
41275
51103
66019
59278
56467
61471
75047
49636
41536
51426
43966
47872
44099
52482
36788
52340
56694
45329
41409
53428
51778
53912
55822
52676
66933
54270
69945
65514
56767
41816
53286
38477
66349
54015
47775
49764
49702
59901
65665
76940
32858
55173
33772
49862
59409
55328
59176
49784
72141
66048
53079
43349
43155
57189
49763
59931
46772
37300
41031
51831
31570
49330
45297
40359
46398
62369
64666
55325
61374
61165
41267
72324
51928
38572
56788
70304
65397
72495
63730
49669
52795
40333
65899
66273
69564
67810
39442
42667
71301
47495
59213
98327
58931
86938
73693
124815
70945
68555
70865
72625
68127
75923
69297
72664
76813
70197
60162
70475
63524
53826
87974
67663
118484
75927
68592
84275
103986
82594
94747
81496
105606
107956
86868
127592
96523
79113
88585
107935
71498
103296
95641
86181
82150
92680
100259
70773
87580
77903
73099
92603
72387
83184
71311
79935
57208
83010
89374
66182
68217
128229
102912
83639
101435
88393
125346
99161
101955
79122
67126
99807
79668
87082
89474
89758
103496
72706
116451
103165
111784
111827
62738
111593
81521
137050
136569
121496
82255
126866
88393
116847
79545
98047
72869
122251
105918
106461
82139
47132
102935
139857
144975
138947
81348
124680
120885
122417
77034
98744
113560
129545
103687
71052
50464
59879
36356
48928
51893
71940
77017
66263
95715
77224
52333
163559
121530
111501
94147
73581
150847
144416
61050
101260
94210
139516
83001
39259
54959
52621
48058
70863
41893
39012
35822
48275
49962
52781
36026
35521
52184
31026
35253
22016098
 Average Time : 68800 Minimum Time : 31026 Maximum Time : 163559 microseconds 
 Client 29 Average Get/Set Latency = 0.0688 seconds 
 Throughput = 14.5349 opertions per second
