33490
31303
41950
48915
36741
34544
36166
36106
33073
30188
30872
30071
33619
30904
29443
34692
44131
41173
32051
32920
36039
29887
28509
33160
34075
34350
35901
32214
30960
28021
35574
29106
35837
26283
32933
33844
33866
24634
28250
30052
41184
30233
35402
30453
32990
35700
36871
50146
37510
34750
33535
38265
32766
35715
35950
28980
28846
33866
35323
32326
39690
36189
35454
32426
32018
37791
29254
30883
36767
34417
28613
30358
37367
40113
33920
29534
31549
39738
48942
34579
32858
31205
36343
37844
31849
38800
39817
33584
38148
37964
38449
30672
33411
35049
31100
27135
31673
30105
38719
33793
29012
36193
36423
35147
24107
34255
43289
27391
32594
33163
27582
30210
31676
32685
29662
28971
35900
28605
37394
32298
31178
31641
40053
36777
37543
34591
36405
29192
31424
34627
36037
29874
31551
31696
33706
35492
34794
36444
33516
36398
36763
42433
31044
35204
30891
29131
39856
32591
31302
38581
28863
30920
30551
40612
33889
24438
29848
36390
34986
31485
29942
36255
30275
30114
30407
32543
37393
36296
29546
34827
26294
28875
42818
39846
30641
35692
34594
26150
33060
30668
32536
32880
34264
41088
28438
29296
30165
33700
35206
29451
31310
28248
29984
33902
35208
29336
30119
33981
34038
28105
35316
32240
34495
33258
30521
31750
41429
35535
35777
35328
36130
37644
25839
37170
23464
30502
36529
36479
33783
27891
30472
29818
30696
34704
32494
32474
25995
37678
33176
44311
27620
35065
28511
34438
30754
34725
37930
36607
36225
33490
32692
28906
35822
42739
36652
37397
30671
29757
31806
32833
31411
29814
32302
35680
39818
34464
40851
31447
32295
29068
37330
41437
30723
27038
33136
28981
32178
33726
27138
35309
32903
30345
32620
36336
33091
33683
40435
31625
27669
41407
35456
36595
37686
30600
30716
40055
42966
32824
34497
34435
30027
29144
38090
27965
32401
39358
32480
29610
37537
33075
31221
35667
32605
33343
36998
27530
32607
32523
33050
32992
39884
29486
36577
42913
32468
36771
31390
37652
34348
32210
30891
36053
39383
33769
35143
33280
26654
33289
43492
28705
37641
41145
33139
34867
39155
37063
39894
31874
32478
33477
28319
39556
28058
39184
32753
33604
37318
36925
30402
32384
47829
29910
31144
40282
41075
40701
28428
30863
35035
32803
35326
33009
28777
29696
32764
26937
30585
29021
31365
40107
34656
32351
36715
33240
30994
37053
37471
32687
32073
47006
34967
32790
29897
30791
33503
28083
42346
32096
32623
30615
28642
37628
27715
30700
38940
32229
28030
35956
32580
32572
34580
40696
40573
33955
33479
29655
32325
31447
36350
35105
29444
30017
34233
36639
30209
27582
39224
36883
39011
33359
31074
38823
34708
33305
28069
39868
30463
31978
36160
30271
30093
33474
35000
33804
37389
33690
32429
29492
29699
44576
32620
28470
32365
30390
32843
36615
31195
33756
34390
31953
39071
32907
32910
32795
31672
27719
41171
35760
35264
39450
38903
39400
28984
39264
29770
40320
28961
31948
37446
31752
28174
35051
30545
31384
33000
38163
30022
38248
33172
35940
34401
33785
37990
38528
27466
32822
31664
32638
35946
28976
34851
37812
35643
33765
31347
30278
39862
40352
33431
31793
35253
30524
36574
33099
39402
36521
33153
37431
34629
37090
37860
37497
36132
29418
42170
31571
34920
35220
27355
34205
39069
40328
29088
39359
30447
34870
39790
29482
43032
32312
36670
40534
30545
43814
39416
30215
31969
32980
33453
30401
34816
36133
30582
33242
32507
35902
30778
35388
32408
32144
32263
31971
37790
31910
34680
39616
33683
33204
33222
30185
36579
29852
28933
37047
34574
46873
34457
30344
41072
29344
31702
31006
31305
31598
39257
35297
31547
33659
38886
28397
38039
29425
37865
31233
41124
28014
32892
38182
31296
34914
29103
32995
33335
34727
29498
34906
32760
40984
30983
38292
35994
35689
34785
40210
37241
31997
38702
37300
37620
34581
40309
45554
33576
31258
40638
33908
31951
26949
36566
36520
34619
41331
37023
32402
32054
29193
29742
32243
31558
34143
31104
29930
35241
33636
32813
31546
29675
28378
24331
25654
21690320
 Average Time : 33891 Minimum Time : 23464 Maximum Time : 50146 microseconds 
 Client 8 Average Get/Set Latency = 0.033891 seconds 
 Throughput = 29.5064 opertions per second
