57017
98042
98575
60503
76288
65056
86712
54119
65922
47432
49119
47013
34656
46243
57151
61885
70603
51859
47086
67947
32847
45515
40220
33639
51515
48144
48733
38582
42276
41000
61453
64065
41973
63745
57598
51907
64850
58363
57575
61744
53055
30970
40265
45133
51814
49407
77880
44792
52844
45092
50859
66147
48695
39995
43582
41384
63654
45254
58122
44560
43048
46829
68298
68200
42344
48003
48885
44651
45868
62818
55080
35456
49991
60011
64844
39845
41721
66784
64354
48548
43067
46495
58641
70325
42612
56912
32944
78716
61937
47702
55137
45292
63638
37444
42976
46735
44424
51852
67888
63507
72033
44266
34409
61298
50593
44101
37784
38466
60707
57431
43760
49306
60676
57057
79876
53458
45935
39363
46544
56373
70708
64089
53296
64235
54072
45525
49414
51350
60356
64944
38893
35240
69253
51292
49272
41321
47373
62015
55594
59794
36984
47768
53707
56816
41749
40686
74352
53031
62673
66582
54009
49994
47838
63467
57646
50682
66316
59814
70493
42760
59046
78222
48862
65698
66958
45755
48597
73148
58143
46808
55106
90019
42407
60443
55540
81752
50726
100060
82448
87553
111573
66503
91606
72754
104631
74232
58229
77923
88339
76090
58192
68414
90812
86910
111861
97309
92810
62226
76792
67705
71437
71960
119211
119132
85575
97582
115606
70395
122055
61420
83934
70452
103083
71489
61388
107780
78102
57347
90155
61290
85504
81471
106411
69787
94206
163497
57533
149161
139431
114853
118174
142280
58956
73217
72364
153540
84678
59509
121009
97490
89736
115004
64613
117164
93816
99314
133474
78902
83710
82370
76028
104435
85428
105294
69302
118554
125533
89699
100372
90391
91924
84117
121892
80921
144867
110431
76509
86024
106045
103024
101890
60728
87797
65986
118352
108309
106661
90784
113988
71517
87974
69203
69768
68505
72758
48146
62388
65488
75823
76703
94893
94504
102005
141858
72972
63975
125223
87793
68555
68122
81344
115882
101313
84247
60998
95969
57059
55814
45859
58257
62528
62298
65103
56165
36089
41991
46386
45394
43611
31889
21979560
 Average Time : 68686 Minimum Time : 30970 Maximum Time : 163497 microseconds 
 Client 13 Average Get/Set Latency = 0.068686 seconds 
 Throughput = 14.559 opertions per second
