58414
88467
71179
61175
46193
46288
102612
43181
70263
60830
73802
64471
65366
61708
48129
43148
72949
43250
74754
49672
37464
30385
42062
73937
38806
50251
38005
53447
55136
54293
49968
73559
43385
60770
60198
48739
57208
50201
85717
47277
63624
32982
50720
69017
55882
52577
44245
41468
41763
60914
44623
58958
54651
71353
43095
71734
49251
47703
51555
46146
54549
49067
39511
40673
49617
68016
55547
54529
40670
51945
56516
75169
44973
41961
61311
36456
55163
59612
47559
48290
60510
50871
47716
41312
49031
41734
36942
68427
44589
57325
57872
37769
42636
51550
46907
52478
51614
50102
83636
46543
71516
35936
46989
57187
61915
51443
40179
63215
33107
46724
40391
65847
73054
49400
62018
50449
73957
43444
40265
50696
50447
57744
43763
45121
79102
38008
73533
59622
72810
30310
38564
40707
55472
61428
50842
48882
63369
42018
41258
48674
67906
65871
59174
35180
62743
45681
45796
53960
51781
53623
46007
58168
42197
52693
58516
42920
85280
62263
44801
93516
77595
57374
88374
49208
67644
80146
51065
69137
83071
58815
88047
81088
44305
74209
88138
67362
83272
102964
61286
81376
100870
89034
62481
68779
85603
75627
66166
69029
71882
79773
57840
85290
75083
77124
62289
93160
71307
110252
111615
59228
119393
62052
118027
80162
71099
151977
98085
71877
85284
65041
88004
73777
59312
81173
91531
70003
60207
95400
101258
50815
99866
58148
61847
103505
107808
159512
106240
119430
100308
94732
87365
72840
115211
78741
77244
115171
108121
115615
78379
80446
123057
104164
79371
108361
77002
71147
75445
94097
102729
105635
95715
110255
87856
87387
79765
82149
110922
128273
98820
101599
94580
81261
95884
85762
85989
113472
74726
113199
79444
71005
97121
144269
94676
120225
86226
90341
57462
126807
85930
92937
78422
62364
32692
73988
52955
65201
59424
52580
74462
65678
88271
64532
77332
163007
62131
104954
71617
86476
65281
114573
125678
111726
71523
86183
117429
74829
78965
50963
38606
47173
58003
54161
40772
58790
64641
62641
59163
54010
29711
38582
21943568
 Average Time : 68573 Minimum Time : 29711 Maximum Time : 163007 microseconds 
 Client 3 Average Get/Set Latency = 0.068573 seconds 
 Throughput = 14.583 opertions per second
