27732
22053
24796
22543
21488
22361
21029
20573
26627
21395
26010
22388
24343
23864
20745
24730
20837
23430
23705
28113
21954
22229
21094
23353
21519
20493
22906
20622
24481
23584
25345
21458
25459
21477
23605
26501
25566
25635
20884
24263
24025
22084
18922
20329
20465
20103
23383
22433
22403
24382
22837
21039
25448
21758
24792
20945
21258
29432
22497
23752
25034
20177
22262
30562
24315
22280
22628
23698
22882
25958
22551
23138
21728
26774
19059
23475
22389
24500
27153
22463
22245
21822
22323
25370
21043
20688
24165
21749
19428
24485
24311
25711
19508
26345
25723
23610
23960
19292
23095
20011
26374
23296
21183
21147
19262
23026
23393
19734
22994
24078
20585
24281
21132
24569
26115
21020
29562
23813
25895
23194
20069
20503
26238
20632
24944
22703
20988
24372
22008
21448
22169
22494
22529
26830
24793
20881
24724
25019
21322
20244
21277
22894
21582
25168
24886
24741
20621
24299
21379
25522
25449
24642
21579
23109
28215
20223
25006
20939
26099
24355
25212
25621
22021
21756
23690
23118
23923
23281
25559
27063
23936
21343
23036
17729
22258
28847
20756
26217
20638
22895
22372
24322
20245
20544
24419
22541
24927
22409
24164
21641
21960
24885
24195
23486
24013
26801
25179
22636
20143
22404
19530
22633
24007
22592
26119
23892
22216
21129
29413
20957
22659
19815
19898
25929
19737
25382
20550
21089
20818
19306
18712
21149
23774
21144
23228
27243
25674
22176
25977
22996
25052
21727
20430
22777
23140
26752
22340
21773
21578
20948
25209
23646
21623
22438
19735
21380
26090
21148
19465
20447
26407
22284
20725
24046
21166
20949
21820
24272
24458
26232
22566
21710
21035
25491
19424
20832
24802
24780
23284
26429
24981
25081
25488
26597
24726
20121
21307
25488
25445
23891
21200
23744
21764
19292
23570
22907
25955
20266
20438
25723
24495
18710
21167
21078
27040
24996
21872
20647
21638
24741
28230
21883
21142
26169
22147
26831
22022
23791
23919
21951
23451
27167
23197
20078
21143
24297
19521
21011
25423
23088
25731
21300
31285
21925
22302
24917
27497
21621
23355
24997
21089
22882
28684
20144
20214
22125
20402
19790
23233
22614
21740
22590
21465
25807
23988
22456
22257
27412
20087
27300
18353
21559
23305
24185
26150
21448
22841
22178
26591
21259
29667
24562
20702
23859
21102
28154
23541
26608
22744
22527
29433
19517
24392
20004
20931
22497
21049
24064
25619
22428
22849
24325
24140
21684
22236
22631
25686
22964
22468
24246
20616
20632
23606
23410
21180
21719
20883
22840
21465
20645
23063
23350
23077
29345
25876
24004
21569
21320
24083
22542
21405
24323
20706
28775
24411
19737
19206
22860
18875
23330
24542
23728
21218
22658
20893
20909
21357
25860
22795
20382
31173
22454
22316
22115
20532
25906
22673
28530
25615
26038
22042
28484
24374
23014
21220
21476
25752
23262
21566
22129
22083
27705
21515
21500
23433
20623
21297
25597
19648
24381
22835
23617
23095
26138
23480
22946
23629
23700
24940
22931
20357
23169
21594
23787
20454
19677
21890
22173
23137
24618
20802
24158
25834
23709
27237
27087
23578
24080
24340
28330
23452
23298
24336
21660
23641
23724
19737
21761
24525
26325
22901
20628
20617
23396
20197
28791
23154
24409
20685
22539
24175
23769
23548
23058
19960
19079
25208
20276
24937
23075
21660
24011
21581
24843
21250
21515
24349
24441
23512
22102
24144
22170
23993
22493
21408
25027
23472
28969
23020
21298
26020
22424
21485
25689
25078
25014
26418
24146
23809
23746
20492
21512
18337
24680
20908
23135
20340
21201
23407
30007
23270
23478
24511
23269
24016
23542
22623
23287
22722
24458
20967
23078
23763
23022
20557
23227
22847
24533
21456
24908
33203
25394
20711
21755
21023
26458
24966
22257
22343
23733
18660
30491
24593
22814
23460
23938
24388
22759
28053
19888
23567
29478
24972
23002
22005
22627
27584
25261
25853
22298
26248
26087
22151
22756
20887
26326
25145
22709
22817
22486
24389
23425
24433
24803
19883
21985
21290
23755
22640
21583
22722
20012
19845
25011
21292
19871
22088
20297
22486
26286
23772
19638
23364
22605
27658
22943
22310
21961
27942
26985
23936
24988
23193
22317
27508
21837
24683
23805
23466
27201
24336
24041
20988
22909
21567
28924
21845
24339
24174
22560
27583
21436
18709
23410
22688
25551
22871
25996
22018
20137
21366
26094
24594
21933
23032
20267
24807
21113
22847
27946
22516
24288
22095
24680
20669
25479
21598
32537
26771
22197
24231
23118
30964
22423
22707
24243
23703
24012
20932
25153
23443
21330
29117
20902
20959
21516
22142
22675
22969
23089
23617
22668
24487
21936
21764
20523
21164
25953
24637
20705
20818
23851
23274
24416
26350
22151
18964
22951
22218
31244
23846
22564
20987
24093
23955
27025
27524
24338
21198
20233
24148
24259
20851
23374
22426
25757
25723
23290
19951
23198
21608
20411
22562
22141
21563
23766
26362
21959
21636
19864
27395
24933
25995
23603
24596
23286
22519
22593
24325
23736
23971
26608
24700
26702
22510
23538
20192
24781
22383
25617
25863
25146
23369
27673
28461
22524
24450
22506
24026
24079
25309
22634
23742
22654
22565
23827
25381
25608
26715
22034
24230
23168
23665
25239
23373
23844
23891
20017
24977
23225
22607
25228
20667
25288
25556
21790
22637
21288
25733
25917
23577
20103
22897
25222
27580
22577
23740
26177
23852
28336
23939
20849
28541
22474
26472
21243
22397
25477
21355
27939
24443
24921
24229
22963
27079
24540
26295
23029
20636
25741
19480
21838
21679
20805
23243
28390
19985
23153
22736
25963
26079
23691
23640
22652
23142
21457
23508
25635
20082
21031
24264
22098
24568
24492
21385
23221
24054
24944
22751
22584
23789
22915
28787
22192
22817
24773
20761
26782
25716
24453
27564
21434
25145
20928
21974
23667
21505
23925
28954
20242
25899
25761
24967
26587
20863
23428
24652
24393
29061
26982
23317
22280
21896
21855
21203
20221
23147
21390
22101
20741
21850
21327
21690
25611
23004
24836
21484
22546
20769
29076
24622
25409
24709
22971
21203
23409
19361
21750
22875
23839
24958
23478
22111
23092
22980
25074
29811
23697
24412
23288
19798
24820
26861
21389
21282
22542
27169
21379
22928
22284
22390
26348
29063
22588
25016
24664
26587
24085
23533
22845
20409
25440
29327
25608
22112
20582
25949
31446
21487
25560
23401
25816
25777
27935
28178
25356
26804
25003
25221
24197
25972
27215
23637
24086
25665
27182
25074
25950
21962
21173
18902
24580
25393
22911
24541
19735
23395
28277
22983
23948
23359
24325
22561
20749
22891
26749
23660
22263
24779
23761
20197
22922
26611
28506
25540
27837
19975
21928
26483
22692
23172
21952
19468
25341
25102
25371
20446
19450
20944
21632
21508
22396
24045
24169
26256
23291
25505
25619
22301
31417
21529
22182
27423
25541
23327
23276
19367
20442
20281
21913
25254
25988
22030
25058
21408
25091
20339
20908
21488
20132
19622
31078
23441
20927
24842
24943
27245
21728
24381
24932
21625
26132
22791
28429
21367
21530
23374
19395
22795
22589
23943
22353
24297
22582
20991
20045
22543
24474
20662
21506
22296
24315
26670
28393
24229
23471
24189
22035
23770
21825
24872
25699
21689
25254
25510
25634
22328
22408
22889
26038
20656
20615
21590
24193
27857
20822
20694
25427
22119
25084
25068
22222
25909
23462
20993
26665
18399
27143
23248
19570
27311
27330
27727
22231
23824
23957
24177
25116
21947
21588
26618
22432
27280
19716
20542
22155
22097
22650
25488
23794
24473
25111
21514
22977
20580
24992
22833
23835
27322
26311
26668
23145
28203
26031
22470
20144
22849
27376
21975
22228
21132
21182
27598
18991
21872
23799
23846
26689
22409
22247
22731
24012
21381
23226
19844
23397
27357
19777
19657
22233
22180
21676
20179
22474
25911
23406
22720
22371
20240
22481
27881
20878
25475
20397
21659
30304
22841
21991
20643
23365
23726
24383
25014
21110
25486
27386
23174
22056
24014
25557
23115
27563
25775
24321
27078
20574
25148
23973
23905
23638
25017
25109
23142
21160
21567
21717
23498
23750
22271
23425
22381
19767
27276
22049
22536
21120
25032
24609
22008
22248
23668
21476
21858
23832
24779
21890
23609
20868
23542
24611
25133
20421
25699
23215
25527
24185
22814
21867
25423
28199
21438
24984
24520
25869
24337
22112
23273
23962
23914
26368
22249
24259
23513
21114
25773
22096
23095
21004
24699
25467
25418
23702
24003
22313
22123
24951
23245
22626
22644
23037
25612
23694
22424
25381
27237
25590
20742
24371
26606
22261
23156
24615
28070
25089
21906
25654
20023
23415
22168
25521
24611
26128
21325
21502
19174
24566
24947
19047
22422
25364
24513
23032
26928
23675
23867
23484
25105
24084
23457
22044
20550
25708
24321
28887
22718
24376
20982
26205
21612
22267
25491
23060
24682
28160
27789
25281
21566
24409
22048
24206
22294
22653
22710
26580
20328
23607
20855
23265
24882
23714
21248
21067
21307
20428
26416
23536
21844
23382
20088
20718
25170
22907
22461
24666
22335
27209
22947
20915
25151
21401
23928
22917
22074
23605
20906
24608
26758
25251
29703
22809
26061
25491
23538
21760
22032
20685
27356
26484
24503
23857
22980
22631
26232
23891
22457
22544
25658
24943
28386
23838
24250
26793
23980
25096
24531
23869
24911
22300
20846
21735
23822
21255
29927
26644
22125
23806
23668
28270
23937
24025
24139
21631
25462
23855
24485
25445
23384
24490
25049
23934
26574
23506
29815
24100
24177
23552
24524
24320
21262
25613
21383
23552
21839
22340
23251
26859
21174
24558
31770
24638
23838
27404
29776
19042
26144
23715
20640
24129
25594
22490
24763
25665
21601
29483
22456
24294
22818
26600
33330
21396
23170
21435
21651
24112
20668
22144
21545
21616
25152
25409
23139
20940
24582
21065
29102
20410
21722
19647
19472
24606
28228
26173
22060
27606
26222
23206
24891
22918
22384
23794
23671
25217
22871
22025
23141
25330
23034
23178
22355
24883
28069
21390
23870
21688
20943
23829
29357
24174
25172
23785
24802
23430
22256
23294
21494
24304
28230
24229
23662
20741
20610
25287
21572
22288
23123
21813
21221
29926
19925
22808
22512
24171
25787
23807
22881
22746
20092
27467
24429
25178
22416
25252
27390
20923
23442
25564
21121
23064
27012
20360
28578
23058
23897
24406
24393
20981
26494
22482
28516
24187
20036
23667
24258
25225
22357
28195
24211
27195
28516
22777
22186
25219
25610
23839
26602
21095
20380
19857
24526
24401
21266
20872
23556
22914
28283
23083
19804
22409
22513
23510
24263
25096
25544
18451
24597
31027
22183
22363
23553
22398
22878
21537
21269
25331
19330
20248
23192
21991
23579
20958
22724
27660
19695
24961
23284
22951
25232
25854
24792
22688
22900
25157
28041
27299
24916
22111
24911
24024
20549
24320
25500
19296
26817
23082
25746
21370
25025
22594
21976
25970
24681
25433
26053
31363
25566
23336
23503
33661
25753
23755
21699
23020
27377
23475
19913
20375
20524
22987
20703
25318
20537
25060
19958
22672
18873
22438
23106
22126
22665
24867
21451
25365
22917
23847
22766
20544
26651
21724
21333
31403
22253
27476
22062
25819
24523
30992
27984
26042
23151
30650
23177
23309
26839
26022
27900
24332
25292
27678
24125
22656
23046
25104
24634
25233
26648
26330
22376
21789
23921
27885
22863
23088
25651
25951
28607
21131
23266
22368
24176
29826
22847
20796
24147
25337
23531
29293
24912
27547
22640
26084
21540
24912
21315
25028
24481
23929
26992
22383
26528
21386
30184
25334
27445
26026
28929
25085
26669
22471
24722
31953
22944
20807
24613
23318
23665
25019
24412
24637
23444
27278
27089
22166
22233
21093
24951
26538
23353
27165
21765
21062
24552
23809
24479
22390
25135
24888
26214
21966
24029
25710
24542
27415
25094
24909
23752
29356
23151
22601
21548
25899
27077
26209
22171
23170
22194
31805
21089
25116
21905
23619
28086
28495
31759
23352
24002
29979
24635
23477
23008
23472
26052
25944
20896
21280
24650
26445
26648
23340
21515
26069
27498
22738
21340
24727
20515
21563
32981
23707
23300
24092
23083
25019
21638
24720
25492
22543
22931
26056
23055
22780
23154
24948
24377
22771
25546
23413
30921
21806
26686
23660
26814
23872
25617
25423
24973
26047
23967
25888
23490
24173
24888
25411
22634
23023
27184
23660
25126
22871
22714
23135
25458
26322
29191
23522
23627
24865
26461
23734
21518
23519
23166
22998
22874
22917
26056
21111
22330
27542
25007
25664
24333
24988
25377
25681
21873
19752
24780
25078
21947
22947
30142
23401
26487
24922
24054
23393
20565
23107
28078
25223
21774
20984
24535
27997
26041
27541
23660
25231
28067
23044
28779
25883
23308
28720
26063
27872
23383
23371
23165
21479
23558
22334
20940
30589
24326
24883
23204
18855
26994
25748
23440
31568
30556
24154
25332
25790
22931
24260
30757
22916
24948
25496
24977
22993
23725
25620
23437
27861
27563
24518
28262
26549
29898
23354
24352
25907
23011
30140
20777
26795
26896
22976
26649
22097
22666
26059
25155
26009
22789
26139
23865
25633
21544
25485
22664
24377
24261
22778
22335
21932
22163
24953
22244
26023
24888
23268
22422
25522
26846
21453
21463
21809
24514
23337
24445
21333
28607
21536
24604
19799
23302
23939
24976
22584
28393
24748
24560
27340
25553
25566
21757
25267
24410
25531
23335
22573
25418
23006
25062
26410
25150
24553
25985
24882
28653
30634
24544
22514
24370
24510
29562
23888
22099
26775
26298
23051
22802
25975
22591
27015
25326
23944
26185
23430
31036
23927
19870
25835
24133
25159
21193
24833
23099
26054
28638
24380
23887
23126
20714
28099
30436
21462
24283
27280
22189
22603
23041
22966
23043
30100
21804
21102
25769
26602
24967
26018
25840
19684
21239
24919
30936
23849
21615
22167
23802
26567
21698
23450
24189
23285
26452
23462
22824
23645
24766
21714
22909
24598
22465
24801
26230
21597
25195
22982
27175
25458
20740
23799
20007
22838
23843
25024
23119
23854
21604
21761
25660
17999
21490
24914
19846
21576
25697
26766
27893
25602
24824
24105
22327
21973
22641
22407
24809
25072
22298
29094
25694
24616
22559
30670
22427
23617
29357
25460
23551
21724
24669
29545
19863
21397
19878
20738
25133
25004
23270
24474
24205
21168
23998
22016
21382
20051
22893
22975
29749
21286
23558
20886
26046
26699
22343
21609
22270
23846
26023
23173
22890
23035
20175
24780
24918
23934
21238
24752
21303
23995
26352
20376
24450
27744
25909
26076
25456
21038
27151
25449
21872
25571
26401
30432
24051
27085
21884
21739
21419
26283
22595
24662
24581
22655
26817
23250
20662
26330
24989
24063
25210
23601
23016
31718
28180
25744
25619
25121
23750
28857
24063
28526
26776
24763
23669
20827
24644
23625
27530
26812
21953
24809
22699
21514
26203
21831
24309
24359
23315
33353
25757
22538
19797
24773
23269
30098
28534
23053
22721
22726
23763
22745
23383
23506
26487
26778
26714
23393
24473
22188
27437
24615
24140
29848
25415
27585
21696
23456
19824
23820
23953
21991
22760
24194
22346
23931
20006
22422
24451
21855
20724
28672
27043
24075
30524
28768
23225
22049
25289
26092
22766
25079
24223
18428
24063
28810
26221
24938
23241
22561
26067
27551
24586
22768
22032
24287
27394
24320
25197
21262
27663
28603
22713
22850
31364
21761
27404
22269
27860
19864
26201
27060
26711
21254
22196
21702
25187
27792
22091
22503
23075
26644
28628
23192
22648
25861
30011
20428
23372
24074
22507
28342
25465
24430
23192
24324
26788
25103
26901
21456
27267
28851
23057
22559
21965
26517
26028
26395
26053
23168
24422
27692
21795
24021
21043
22265
25612
24908
23114
22649
20544
24214
25285
21885
22568
21801
23584
27351
22133
21691
22034
22308
23700
22097
23828
23471
23457
20490
25025
25896
24705
24193
26172
21536
24961
20976
22954
24783
24524
22994
21640
24453
23033
25708
30665
23020
21475
22169
23797
27342
20051
21057
23418
22989
23579
24217
27215
24227
24973
21794
20355
21899
21946
22570
26754
25771
28353
27134
33693
29318
22495
23537
22504
26548
24861
21464
25888
22800
24372
23718
23309
27497
22682
23608
24969
25158
24082
24933
27087
27557
26982
24205
26477
24349
28292
26961
25894
26729
20607
23185
28420
27441
22043
21967
28999
25988
24811
23820
26151
25141
21295
25603
24175
24055
26512
26521
24205
27058
24904
29853
23485
22388
23729
25499
25712
25609
28066
30934
26792
28681
27441
29188
25689
31868
61047980
 Average Time : 23846 Minimum Time : 17729 Maximum Time : 33693 microseconds 
 Client 0 Average Get/Set Latency = 0.023846 seconds 
 Throughput = 41.9358 opertions per second
