51063
61845
84710
49427
45509
59066
72090
48289
53342
54484
57835
69558
61683
70278
61081
48866
50403
61456
65648
58584
47715
57605
73029
49500
32788
51036
56579
44790
41624
44945
52440
44358
51111
49178
45909
42221
82011
40050
55438
33072
54514
49508
69388
53972
41149
39082
61072
41863
37187
52493
46934
39731
45150
51156
36559
59933
71036
57407
55341
54171
32698
48924
52642
52465
67126
72614
42074
48830
63061
51924
56873
41650
47840
62052
53902
58481
46137
57283
52457
53309
54574
58127
51431
54023
52544
44994
42706
50141
46102
69944
50542
60004
51641
40168
55233
49935
65883
52315
51644
44985
61223
66770
48266
59150
47738
58352
67329
55074
51439
52326
57699
47110
41799
42642
70500
65955
53683
41568
56351
48853
62163
55122
52747
41976
50606
73518
45809
52938
43651
33902
45782
65711
31696
74250
44328
77222
44556
62658
53022
55157
62511
56524
45664
42641
50886
61265
47405
50511
60380
47411
56136
57314
43248
57945
52937
44592
41197
57055
49041
67747
74457
46303
51348
43726
68588
100910
58140
75568
80366
41055
93650
62982
51021
82020
61938
93242
65572
70181
86457
109602
65634
76026
78562
97060
69763
87481
81764
72750
102960
58739
103464
120168
99251
69226
78306
104628
69459
61487
65991
95055
85448
65641
105852
125902
83644
106443
155266
94679
121455
106056
67252
95904
75233
115495
94838
65795
80163
62684
100508
76377
93870
63809
105666
120112
62339
106469
95788
113987
97267
83096
111915
125756
88945
108135
126209
113478
86725
103936
92000
102517
86194
125721
175341
85191
118619
132840
72379
106779
100814
121071
136016
131132
95981
68930
48269
68575
132544
85796
66540
86046
107374
57762
54704
96447
114247
92440
78823
80272
84118
118441
106779
93377
96739
103789
105859
89165
113145
102116
57498
63618
41309
58832
64088
73688
77665
55319
63266
52837
94550
80560
121494
89775
97030
113689
179554
108229
67065
124128
93700
95669
98767
68442
62214
51191
65783
53002
48641
56278
56563
53543
51566
59060
50999
43772
52419
27065
33290
28514
28244
20004
22105440
 Average Time : 69079 Minimum Time : 20004 Maximum Time : 179554 microseconds 
 Client 16 Average Get/Set Latency = 0.069079 seconds 
 Throughput = 14.4762 opertions per second
