50069
72187
104530
44024
42359
70450
58894
66459
46895
64576
54243
66421
54547
50224
61988
60490
67148
55523
48832
74160
48594
59773
41036
37679
60377
35202
37278
49339
58000
55188
46341
52413
44395
34860
54011
41594
43035
56941
46149
50824
64204
43612
55031
44192
48054
63006
61044
49174
52568
48917
49434
46378
47531
66000
52451
51504
48294
63861
55203
49575
58989
50787
49470
42571
56140
30642
55010
56272
49146
43093
46330
44540
59121
50015
50652
50372
47163
50141
58654
64168
57937
77348
38347
41269
52645
49487
67210
51814
55753
53018
66012
69336
56925
45976
63696
53592
54125
42449
61998
54289
56944
67490
59735
64886
50354
25681
96740
71721
57025
47175
42701
58790
63622
33674
46354
41280
46042
35955
47063
40167
42778
45053
40394
48641
30852
43911
68288
59917
55191
32224
58670
71718
61455
67412
53536
32148
57045
56535
53044
49932
61621
69012
58379
40735
75199
46322
65000
62778
41510
64437
47235
38681
57158
56160
48465
81647
64352
75978
45615
65674
43991
49426
44692
69504
62436
81334
91173
53221
70877
87432
65424
91382
75445
101471
83591
68244
114298
54553
78994
81333
71547
58073
97382
67092
54327
80586
65836
74780
88298
60416
62287
80773
108610
116601
102515
69331
82453
97309
87273
80815
113426
115378
95538
132520
89694
87782
74121
98568
88467
80714
81022
80964
78832
79459
79405
76812
52314
74052
89689
92115
68314
85925
72162
88690
39823
104233
79515
99769
84664
75557
99669
115406
97876
94176
114722
128415
113767
119817
85348
117040
98144
92926
72205
84138
115823
79490
69777
80680
79958
101862
69228
82325
121628
131221
126650
125782
93929
128129
104334
116743
83260
96037
75272
115702
94657
89291
93010
62346
97864
85588
101945
113518
88220
88230
74186
69601
91416
89518
103184
88876
112111
69114
61639
54960
48445
67939
71686
89653
58119
62927
70127
67286
60306
141509
108719
86332
100532
68379
94637
68412
106245
82243
99615
99391
100511
83819
64587
65027
38029
44249
52673
63959
65446
37244
42415
48493
62811
46024
32984
46394
21944253
 Average Time : 68575 Minimum Time : 25681 Maximum Time : 141509 microseconds 
 Client 10 Average Get/Set Latency = 0.068575 seconds 
 Throughput = 14.5826 opertions per second
