28659
21422
23210
23375
22020
23251
19613
22038
23310
24073
24036
22098
20045
25907
25857
19518
19896
24231
25274
22749
20510
26786
20103
19631
23261
23718
22454
23589
21415
23916
26037
17878
20487
23177
20318
25724
26639
22618
20732
25645
26204
28889
22982
23142
22654
19886
20351
21622
21504
21187
21825
24100
25062
22067
22722
25737
22516
24115
19317
25038
22623
20394
29247
22287
24750
20770
21258
20015
23118
24585
25744
23074
21820
23871
24952
23569
23125
23215
27963
23988
23485
22647
22123
19388
23987
21965
19746
22067
19111
26015
26093
20470
23065
19081
21934
24891
21591
18510
22875
23848
19282
24622
23200
22444
23680
21033
22279
20119
20773
19632
19303
21445
23579
20769
23177
22382
24965
22218
22932
22272
23638
21136
25315
25802
22118
19545
19230
23173
23128
23976
24112
25136
22421
20925
23155
22677
23079
17959
20333
24516
26851
19421
20483
24407
24026
20127
23893
23524
19153
19913
24943
24929
24915
20818
25581
27005
25654
22766
23646
23892
22012
27737
20080
19438
22705
22419
20908
21936
20041
25317
21624
17944
21944
24074
24347
22773
22005
21725
22105
25527
20158
22031
22891
20485
26651
20199
23158
22975
20349
23276
24766
21638
23575
21633
24485
23701
19911
21084
24591
26198
25822
22358
23094
22131
19398
23449
27450
22049
25568
18961
21141
24737
20821
22045
23722
21245
22988
23443
23637
20257
20718
21487
20659
26217
23779
24469
22942
22788
29368
24838
21650
21075
22647
23500
22258
21482
22862
22043
23514
26403
21352
22432
22167
25428
25524
18642
23490
25076
20723
22362
21274
24448
22917
23575
22903
23550
21202
21553
21255
22456
21244
20813
25608
26121
19952
26920
24275
20970
18533
22721
20712
25963
22328
26779
24887
26134
23352
21555
20095
23691
21376
24129
26340
25058
23218
18887
23849
21275
27638
21414
21776
25175
20519
22175
22002
22629
22512
22890
25121
22820
23396
21816
23708
24332
25949
21656
19267
21979
21669
28237
25331
21587
22981
23300
24377
25586
24156
22144
22954
21348
25338
20839
22736
20156
24924
28031
26711
20113
25203
20929
22939
24718
22098
25826
23868
21066
21961
23525
22352
20240
20978
27785
22917
22651
21471
22192
25249
26375
23443
22773
23082
24191
23831
20788
20328
23768
26203
23800
21361
22012
27816
22193
22300
26418
20038
23468
21746
22875
27751
24786
25005
25581
23581
30736
28144
24261
21685
21882
23948
21680
23730
19491
19699
26129
23888
19424
25321
25011
22133
23141
21312
22940
21279
23416
23521
21333
20099
21986
21787
24506
23788
21415
22653
20292
22569
24590
24802
25586
21733
24783
24268
24899
21972
22218
25157
20276
23944
19896
22591
20920
23771
21279
25882
21614
23591
22852
22584
20344
22578
21216
22950
24992
23224
28231
20546
21768
24793
25523
24986
20849
20208
21969
24058
22789
26066
20667
21942
20657
22242
25642
19845
23502
22175
22000
24472
22763
20339
20060
24938
20424
21928
22887
20965
20975
23000
18754
24335
21055
18591
20795
22204
25596
22685
23032
22926
22062
20451
23636
22542
21882
25821
23013
23292
24940
21882
30004
21120
21845
25993
26568
23001
21200
21489
26369
25785
23785
19739
21827
22948
26023
22191
21317
23207
21631
24224
21543
24743
20410
21784
18413
20786
22479
26925
22147
20428
23962
23097
22066
24193
22852
25883
24631
23684
21823
21702
21059
24975
23135
20575
20127
21322
19920
23288
27502
23500
22260
20987
23797
20795
22153
18257
26112
26245
28486
21132
20850
19585
22963
23975
19957
23863
20967
24138
22238
28604
23045
23899
19770
24997
24845
21358
23350
20261
21788
24219
26978
28397
24396
23177
26617
21282
23376
25799
22185
19922
23959
21234
18783
21832
22801
24007
27501
25717
24475
23528
20139
25026
23936
19669
22876
23998
24049
23457
20842
23301
20074
23072
22230
23278
25702
25963
22108
24469
23149
24687
27421
23326
24491
23415
23109
21485
23740
29829
26114
25142
24949
23556
22333
23853
20634
22557
26698
21425
28384
19545
21658
26472
25358
26516
23869
21633
23976
20497
26720
22791
19339
21051
22604
20171
23043
26103
22375
22532
24571
26002
20877
21550
20118
42806
23217
24021
24870
21401
22261
24778
22803
25957
21525
22401
22079
25125
22521
21036
21594
23338
23161
20890
22427
22121
21616
22110
28739
18854
20959
20167
22982
25149
23415
24173
23702
24980
26837
25831
24323
22554
25850
23596
29541
24305
25922
22773
20717
23930
21844
21730
22147
25821
22817
21688
23118
23368
24390
22840
22629
23815
19346
20293
22748
24359
24078
20992
22072
22852
24074
23186
21971
23439
22861
21581
24829
21237
22606
20893
22372
19039
22436
21211
26385
21037
25330
22248
22884
22790
18439
24867
21395
29161
24072
23235
21478
23529
27935
24527
22311
24093
26597
22410
20693
26006
27521
23042
29035
24073
25505
23422
21490
22794
22662
22526
26330
21937
22199
25438
21862
19402
20704
20547
22794
24764
24525
21349
21243
21391
24239
23463
24482
24238
24865
28443
21075
25954
21335
22637
23962
20624
20108
24306
23547
22258
24262
21683
24397
26013
24297
23667
23900
25741
23386
22626
25642
30633
23282
20861
24652
23537
22808
23295
21585
21623
22083
28963
21941
25762
23092
19540
27677
24770
23068
24835
22836
29185
21705
23349
23737
22841
23363
22954
23056
24459
20643
20025
30888
24810
21144
22477
21293
25866
21999
23718
23233
21865
25309
24284
25195
24126
24559
22307
25023
21255
24081
23775
23748
23698
20692
20728
26090
21612
23965
26554
21270
22354
21988
26544
22701
22033
23747
26737
26506
26680
21344
23894
25786
22951
24161
21680
22687
23833
22582
23183
21972
20906
21443
22343
27833
22331
23930
23691
19699
20511
25893
24991
25036
22682
21300
20823
26803
19293
21962
23815
24864
26327
24301
23250
24700
23859
22392
21199
22852
19490
20886
21787
24637
21860
20088
21755
21512
20983
29335
24770
22159
23511
24460
27284
23404
23823
18184
23543
29821
24421
28789
20478
23213
27322
24211
20409
21034
23393
23447
22885
20506
20905
22002
23884
27968
25351
20372
23193
21252
22040
23378
25446
21951
22779
21094
25547
20097
20275
23393
23283
22025
23285
20815
19825
26540
21932
24548
21589
22918
21070
20355
43751
26130
23457
21654
22878
21490
23413
19962
19368
22347
23203
29113
22187
26532
22331
23119
32000
22063
23987
26614
26713
26078
18568
25546
27846
21708
24340
20670
23669
24693
23462
28370
21369
25183
23442
25714
25244
23296
23123
24264
20621
25012
26998
24591
20341
20440
21762
28220
22611
22260
20065
27059
27166
20512
21302
24119
24313
25741
27401
24295
26844
22062
23623
22307
22380
28254
24488
23519
23206
21746
24588
20802
23382
25004
23519
26235
22721
19968
24484
25283
23894
22111
26507
20590
25319
20283
22300
25276
24763
26647
22208
25112
23775
21941
29695
23324
21397
25867
25349
33475
25757
22015
25562
20274
26814
19742
25587
26605
27351
26816
25174
24807
23044
24300
22596
23362
22163
25137
23525
22833
28748
25597
21075
27451
26911
23239
26592
18940
24926
25006
25013
21346
22816
28025
22363
25977
24540
20909
27040
23576
28121
20665
22372
25573
23899
23502
26357
22395
22190
22172
25098
22373
24521
23807
22129
21197
24874
22380
22207
24586
21966
28388
26017
19450
25043
19861
21746
22005
22015
23870
19902
26470
26193
21766
23838
22017
21095
23446
26935
31725
22603
20475
26114
23888
26372
30619
24504
26721
21846
21628
27753
24833
23159
20433
19925
21277
21586
23681
26346
22123
21951
21650
22900
25999
22940
21915
23414
22533
24063
27510
24849
22964
22232
24988
25808
21943
24265
24568
21970
26856
25176
22100
21907
23212
28058
24202
23008
22813
21105
24259
27497
25548
25701
22781
28248
22939
23568
23978
24023
20104
25621
36412
21355
25982
23212
20376
23556
23859
22589
23370
27178
22786
23720
22873
25547
27737
24529
20372
23894
20970
23483
25746
23869
22936
19998
25738
33319
24934
21038
21707
22418
24347
23418
20688
22996
23046
26463
23980
20613
20286
22966
21544
22038
21885
26758
21841
19860
23861
21463
22323
23136
24934
25376
23301
23563
20514
24170
21039
29021
21802
23175
23441
21001
24107
23989
24178
22917
25706
24620
25825
25933
23018
25635
23964
24418
19689
22014
22289
25021
26697
26723
22218
23361
23562
27481
23391
22931
26176
21953
25741
23870
23362
21866
20119
20146
26943
21165
20541
24390
21658
29187
23086
20279
21249
25185
23267
25319
24617
22032
23345
24323
28538
22992
22609
24768
25721
27195
21796
21509
27087
22188
25439
22954
22299
22413
27042
28124
30790
24435
23518
23205
28067
25494
26056
24435
22083
29586
22069
24098
26563
21466
27486
22347
23993
21221
25659
24036
23715
20532
23786
19490
25058
26379
23236
23308
28066
24608
23912
25570
21108
25077
25468
25447
22140
22969
22682
24039
29958
26196
23038
23354
24985
30330
22189
23054
22173
24164
23933
23358
21341
25102
21921
21818
25711
23140
23335
23685
21614
24992
20116
23581
20404
24516
30846
26286
20236
20522
27835
29239
21293
21711
21441
23234
21171
28657
22618
23341
24259
21400
28385
22344
24127
25443
25135
27358
23434
23700
22446
25466
23973
22919
23991
23441
19765
23437
24330
25854
24715
22389
26878
22916
20258
22970
27718
21295
21507
25803
24274
20315
22227
27436
21615
19448
22581
20996
23944
27636
24435
28159
20632
23020
27301
24470
22552
22916
22570
24895
24684
22521
26802
20508
22309
24699
23610
20171
22039
23717
22380
23710
21794
23415
25803
23870
26150
21095
22439
26135
25977
23178
21601
19616
22489
22833
25015
25317
25136
27290
24780
26938
21720
25436
23648
23445
28272
23850
25177
25801
23997
29799
22120
23012
23293
24532
27439
20037
21698
25227
26764
25017
21559
23483
23615
27327
27465
19274
24219
23983
23128
24290
26801
21488
21131
21527
25623
25622
24866
21439
22879
24353
26781
22589
24999
29075
23919
25316
24998
21540
22262
25024
25267
22807
24250
24549
22087
23697
25449
22735
25106
25092
23616
29063
20458
22322
22665
22694
38667
22691
21629
23043
20572
24747
23554
27200
22852
21802
25208
25210
20738
24030
21305
21894
24035
22765
22133
22781
22543
23786
25559
22677
22392
21098
20530
24975
22941
23822
24728
22318
29234
21395
21632
22001
23909
30082
24797
21720
22702
24621
24559
21400
22617
21843
21685
24436
24204
24800
23983
26583
26472
24939
22738
29506
28683
22139
30650
24584
22295
19594
20415
25438
21298
20504
22966
21394
26569
23227
21792
22558
24067
23839
29232
24098
25660
24518
27089
26015
23487
26265
24223
25561
25140
24671
21071
20734
22117
22969
22863
22201
24024
23055
25066
22810
25410
24353
25784
26274
26212
28271
23464
25242
26821
27494
28308
20070
23268
26801
22598
23144
25198
23086
22314
26166
25966
25153
21162
22298
23004
22961
24366
27568
22323
24985
30041
24587
25350
22929
30392
24475
23117
23530
21777
31566
22216
20678
19870
22132
31969
20902
23084
20347
22900
22418
24389
26557
21564
22937
23271
30877
23892
22834
22494
27686
25063
21077
21374
22864
24377
25923
24688
24305
21885
22642
25018
21033
24283
20631
22517
23522
26971
23932
22183
23646
21333
24701
23539
23828
22569
23449
24550
21962
21360
26446
22497
25048
22052
20974
21405
22479
23286
26669
24725
24581
21371
21076
22890
23952
22060
23405
23768
23790
21292
21902
20057
21408
26732
26483
21712
21993
25529
25754
24641
21858
26985
23896
21289
26318
26184
24412
22105
21629
25484
29635
28174
23089
23537
23119
26366
24806
28098
26488
21892
24997
23299
24928
25706
25740
23964
23542
19239
24070
21747
25604
28444
25714
20865
23204
21201
24789
23263
26836
24495
23230
27073
24691
25337
21827
25658
24432
21416
25239
21691
23249
24700
23489
23584
23035
23901
28606
21676
24481
24074
26452
24290
24737
22943
23758
26403
24748
21622
22983
21658
22210
27151
25178
21902
23260
25606
28111
29053
27349
26814
22293
30108
28063
20701
24411
21341
22933
26024
26442
23685
20304
23602
26031
23794
24068
23371
19936
26714
22449
21048
20822
21542
21737
26244
26319
26326
24243
23141
26165
24315
25046
27490
25512
24587
24838
22122
23187
24211
28479
27031
23017
21526
22726
28456
24464
25718
24801
24471
22179
22080
24039
23721
25288
24461
23230
26535
22184
20596
24302
24990
23508
24236
22624
25941
23323
26009
21550
20729
23998
27053
22512
25904
23716
20560
24005
27651
26496
21771
22313
26471
22732
23232
24697
26293
20683
25210
25850
24081
23850
25725
24187
20025
23826
26830
22635
27292
22765
22858
23758
24643
26270
22915
25570
20654
25247
28514
26092
23982
24592
23029
29317
25249
23113
26251
23364
25619
24747
24687
25068
25172
27289
22619
23972
23159
24058
26012
23260
26799
21878
22545
32145
28028
22452
24774
25243
25444
23729
28674
31587
28929
22107
21059
21773
22807
22076
29189
23179
23445
20916
21367
24493
21840
22674
21743
22937
23486
26620
22298
22393
25775
22784
31263
22680
24726
23092
22912
28377
22462
27937
26533
25645
21973
24500
24092
24351
27435
28605
24876
26663
23813
21655
28045
23781
21192
27161
21935
23463
24698
25609
24151
23014
23275
23832
20239
22731
21862
26216
23156
22328
21812
23162
22155
26926
24365
26171
27356
19782
26027
21497
21261
21423
26680
23950
24047
22779
19578
22872
23658
29691
24607
21716
21357
22922
26853
20398
24597
22084
23898
28600
24690
26279
19114
25645
27204
24892
23876
22616
23009
24440
29000
26767
22116
22075
24721
25788
26321
26392
24941
28094
24421
25174
24341
22241
28672
25739
22489
25214
23219
22887
26629
26701
24614
22819
23082
27221
25157
25686
23834
25840
25990
23981
22820
23653
24529
23640
22746
22620
24052
26559
26577
24273
23469
25582
26709
25411
21288
19702
26359
22981
28576
23637
20137
23396
22491
25955
22961
23037
25429
19820
22688
23392
27142
25243
22047
23247
28641
24445
21243
23713
23575
25007
24612
24302
19767
27826
26710
24660
22254
21984
27136
25343
21635
25036
22095
21600
24454
25020
23481
25268
24244
24080
25905
25454
25181
22068
24552
27544
23479
23669
24260
24336
22947
26454
22563
21431
22281
28518
22942
24846
23508
21368
23765
26447
23398
26430
23890
28850
24207
22182
24321
21981
19969
24945
23109
24569
25185
21688
25345
21669
21721
22381
23436
21594
27877
19315
21434
20681
22963
28468
24774
22110
22255
19955
23573
23827
23401
22808
20684
21638
26653
24348
24647
22099
20925
25744
24836
22072
26012
20799
22320
24701
23232
23245
22895
24584
25220
22329
24332
25097
27989
22819
20934
20015
22317
23082
28742
22853
23816
23185
22388
26781
27070
21194
22209
21988
21553
27286
24188
23692
25109
25841
28257
27001
22944
30440
27756
23735
20093
21160
22463
24977
30337
25728
25481
24386
24324
26608
23192
23790
21572
25057
27216
28949
24954
22801
30413
28960
22234
24767
21944
21985
23637
24268
24011
21050
23768
25315
22865
23716
25086
22636
28942
24071
21441
25075
23531
26333
22101
25292
21665
28614
26686
22180
23920
28603
27641
26243
25994
25828
21643
25477
28610
27658
25868
23286
26009
26229
25426
22652
25760
23476
30396
25644
22710
27541
25762
22545
27656
24892
23790
26414
26689
23130
26148
21663
23098
25379
23548
21821
22221
22219
20761
23901
22353
23981
24276
19690
27719
21939
26374
25191
25101
26316
26960
25701
26225
25685
29784
23037
22026
23699
26809
28187
20281
24898
23491
23430
28025
25576
22647
24365
22297
25347
25352
24645
25637
26442
24867
26090
24059
24983
23028
26735
27649
21243
24281
23743
30214
26950
25211
25271
21355
25859
24893
27055
23771
25031
25250
25946
22416
21149
24683
25611
20878
24864
24365
22958
27276
21588
21428
22921
22242
23951
27241
23291
23515
23248
25841
22936
24619
21201
26762
25969
26104
21491
23393
25739
22446
27316
23730
26790
25262
22634
24076
24337
21917
26927
24767
25869
21795
27421
21030
20002
24699
25504
21480
21990
24113
25941
24832
21541
26253
23351
30008
24830
24432
25388
22331
26885
27204
24141
20317
33471
24418
25721
25636
24084
20415
22211
28412
25964
22775
25929
24749
28684
25854
24347
21202
25761
26042
22528
23384
26498
21762
26496
25534
24491
23518
23434
25624
21859
28006
23742
21448
25030
24826
23739
26108
24272
32038
25458
24602
25391
25328
26025
27908
22809
20841
21594
30390
23992
26255
24300
24652
28190
26591
23913
22091
25356
26533
60809191
 Average Time : 23753 Minimum Time : 17878 Maximum Time : 43751 microseconds 
 Client 1 Average Get/Set Latency = 0.023753 seconds 
 Throughput = 42.0999 opertions per second
