33233
25169
25416
36845
26145
21211
20803
28691
29636
21017
26097
25594
21040
26836
24159
23717
23658
24432
24529
24838
23293
24905
26198
30648
29184
24687
25518
25955
24450
26785
27451
24756
21686
26068
25450
22897
26620
24624
22051
20567
23665
30166
24273
29913
21448
25367
30160
24689
21453
28308
21618
24868
26507
26671
29086
24716
21430
24857
28626
113361
28171
20093
24443
26374
29949
29366
25197
32970
25617
23945
24215
23235
23445
22507
24397
24443
28720
26871
25579
27067
19030
21756
25231
23956
26263
24192
23252
25223
25075
21828
24126
22809
23924
20662
33304
21021
22513
33507
63575
31741
25240
22789
24503
22654
24520
24148
22639
28215
25796
29441
21223
21871
23497
22815
26080
22251
26923
33780
24933
28995
23547
24000
28531
25212
26586
74816
21477
28105
29931
22239
36019
21097
25002
24317
27076
22148
23836
26629
255456
29020
36877
26605
24047
28204
23545
23259
22674
25609
25710
27763
27436
26079
24638
23065
25768
24698
24263
29558
25721
34965
23502
74526
25259
67746
23482
28616
25267
23603
24798
22789
23732
26209
24549
25702
27792
24263
21845
25012
25031
20097
67443
26352
23758
23295
25066
21697
25244
20321
25687
28797
22405
22498
23645
25206
27605
24536
20599
21706
20961
26238
23104
24999
24783
33416
26032
27306
27901
31060
30453
25277
22728
23724
21291
25158
21805
28661
22092
24354
21314
25035
24959
26852
23488
26854
31425
20920
27666
22627
22651
28856
27512
23032
28178
26130
19800
24988
22080
26202
23702
23894
22430
23350
23879
21808
33708
30793
29537
31755
27526
21677
26218
23570
28137
29109
22225
23982
26429
26414
31761
27154
24530
22431
23266
23699
23617
24154
21408
22502
30216
27174
30885
42578
22652
27611
25588
24245
27288
23457
26280
21716
29987
29496
27662
24232
27276
26966
28618
25008
25640
23598
31312
25295
21036
22549
29811
24406
23088
25560
24032
30162
25815
24142
26023
25898
25317
26534
25466
26600
35285
23883
22173
24723
22871
24066
23525
26172
38085
30006
24762
23574
27567
35880
27899
23303
20833
28461
25871
22517
25444
25129
22955
28842
26081
29253
29742
24144
25348
24949
23407
28126
27776
24740
22288
26014
26992
27773
28060
22145
21226
23787
20172
26521
26548
25010
26585
24256
25634
23253
25964
29024
29029
26542
25228
31901
33383
22573
29326
22941
26439
25033
21779
32544
27280
23795
25031
30533
25708
25567
27003
23793
21164
30209
24042
25095
26599
20774
21599
26987
23586
25026
27089
26694
30698
23108
24803
29687
25555
22721
23748
25898
26995
28275
24076
22790
29649
25101
26615
29901
21944
20825
25039
184977
33364
27200
22921
28887
23967
25676
26101
23269
31609
23920
28921
23091
23423
21271
23601
26415
19849
25838
25142
21834
29480
22904
24341
25678
28730
23355
25669
23894
24358
24001
24649
23526
26899
29703
24147
24492
26133
20290
21833
24830
30420
24631
18914
27454
24726
28479
30130
29908
29255
30202
25007
25167
30168
23536
20633
23206
21748
26768
27484
23999
27531
20557
26907
22836
22706
30876
38448
45457
62208
30276
30567
65110
40579
22420
23031
20952
25908
28643
32192
26420
21851
28759
28317
22824
25843
28943
28727
24642
29567
39420
26607
23340
22663
26825
25719
24825
28475
25378
26935
23191
26376
20960
23773
23309
21032
29347
30662
38587
25254
31583
28406
28536
29350
25238
30306
21640
21517
28073
20768
25092
23547
21342
29801
21961
24097
21786
29692
24377
28222
29192
22836
25284
25389
20968
23416
28431
22902
32064
23179
26669
21744
25638
21412
33148
25348
26122
26789
20976
21821
29705
30372
26746
37122
35074
31256
25501
20402
29408
28784
20418
78993
36515
70296
33037
30243
24825
26830
23693
31249
26325
26682
25847
26706
22388
24994
22613
24543
25487
23253
36208
28142
32180
21414
21578
27287
34667
28629
24572
23740
22332
23438
25827
23777
25554
21485
25677
28423
25635
25275
27467
21845
21875
31621
26280
25927
23956
27743
22521
23985
28323
29732
28598
28868
45182
47026
69971
59471
43887
28869
27152
35224
33304
34154
29643
23199
22551
23028
24147
25375
22070
25180
27632
28267
23453
26410
22174
26521
24696
28097
29773
22659
20577
23854
22570
26149
25916
28275
25715
27144
24055
27650
23691
29611
28190
27708
30167
26021
29176
28766
35177
32347
26359
27370
25259
22726
24968
26902
21896
26666
27306
21815
25809
20911
29029
25273
30841
31155
24491
23209
24964
24116
24496
24563
21961
27299
27597
25330
24340
20737
26984
22697
26463
25494
24530
30212
22343
27112
52483
22277
27726
92406
26306
29577
26438
26631
33540
24753
22940
21191
20538
26434
21087
24858
22290
26194
21724
22006
28686
27550
25721
21194
21676
24369
24468
31971
36124
25221
23813
21910
23547
28483
30274
20944
28527
24684
25639
31659
25422
24130
30285
32473
24735
20213
31777
25507
25070
29543
21159
21865
29102
24791
32651
21808
24514
23078
23141
25126
25418
30519
23793
23859
24666
21512
29526
29449
25831
24893
31435
25290
30552
31814
25219
26373
25445
23760
24983
31267
21620
28434
26244
25150
23885
22489
27553
30428
24446
25040
29011
27167
26007
22853
21187
20701
26789
27783
35510
23702
30018
24171
30336
21091
21651
28692
26802
26341
23427
25648
23755
38901
54821
45517
34373
60372
39653
58089
28583
23562
26164
20808
24149
22760
20537
27712
26649
26881
26115
36346
23494
21840
20488
24661
25905
32847
25069
27059
25901
21746
30081
25378
23978
23894
28975
27573
26151
22766
26130
29923
20470
26191
29563
24475
31642
27648
25262
21727
21064
28928
26646
29299
26058
24438
24944
22371
21706
26259
27733
26032
26322
24795
19992
31989
27756
22078
28606
27984
29613
24252
30452
22386
27156
22943
21071
24698
27524
24499
20395
24638
24069
24306
28233
26763
26509
28416
66792
26269
24745
26919
23909
26811
23379
24401
23737
28123
27332
26992
43079
20284
25739
23858
23923
76899
28482
29062
24211
21860
25891
23472
21732
31837
20466
32912
29147
25199
25384
31178
26475
31424
24454
19894
30224
25730
26880
26989
24341
23290
26398
24853
25043
19771
28488
23830
30513
27013
27018
31503
28756
24776
25867
23618
25410
29469
38871
27157
26864
25905
21880
25112
27226
24312
20105
26069
19656
42030
73642
37293
30768
29186
27272
23705
28685
24593
22941
26382
48654
56386
39279
34701
38685
36652
47287
31609
21464
22661
28021
30344
24336
22151
24535
23015
29240
24731
26195
30967
27751
29860
23174
25206
22444
28512
26387
24164
23886
39311
33180
23476
30476
22012
29223
24235
25873
28810
31523
30833
23348
30044
28136
27262
22345
22649
25230
27797
30803
25751
21380
24372
27415
29843
26453
42473
32540
24054
21194
20674
26537
24259
28324
23322
23866
21417
30895
25982
26377
28365
29306
28835
24741
22948
21576
27142
27898
23408
27716
22521
29448
27756
23382
20791
23909
26188
29289
25384
23420
23669
29719
25412
29046
22929
23447
23313
27577
25357
45008
26797
29582
22483
30706
26485
27255
25580
22979
24878
23849
35520
27884
23707
22767
22803
28024
25249
25392
22794
21038
23193
25926
21766
24461
19540
25287
64530
27783
24427
27649
24354
29203
20544
25767
24883
26425
22222
29820
28408
27258
27354
26538
24542
22331
29755
26495
29596
26953
29619
22408
28349
25993
24952
26306
20253
30226
27919
30187
28870
19527
28382
21399
24992
23603
23257
34113
29940
28451
29654
24819
26397
21712
32951
24665
28574
26101
29510
29351
23094
28344
22098
23221
32644
32055
28105
28246
39503
61850
56098
53346
23034
42384
39380
28138
30202
25755
30533
26661
26365
26110
24194
26001
23523
28295
27722
21157
27998
26517
28850
31071
23873
21350
24783
25929
25821
29047
26604
24625
27364
29987
26286
23565
30498
23692
22523
27253
22682
30745
25960
28109
31127
24932
29246
21606
24546
24426
28829
28587
26206
29835
26698
27840
22911
27037
22804
26610
23874
25174
24240
34374
30233
23800
22497
20215
26397
21267
30048
23713
23971
20929
36264
40077
35085
27547
24629
31288
28119
27061
25499
24108
27940
28172
28191
25249
28816
20822
23418
26690
26242
28368
23097
26345
27105
27594
32403
22154
24749
25208
22780
29174
40062
26494
79994
82440
21795
19670
35130564
