31426
24416
37725
33710
22554
26813
20731
27015
25665
22443
29476
30091
26092
23331
22352
23881
24378
25111
26183
24775
28199
29277
21637
20557
21630
23734
22880
27883
23806
23484
30551
27783
20280
30598
25340
28119
25815
29173
24084
27238
25578
30983
28769
23763
22681
25624
21565
22480
27015
24023
22066
19856
30117
23030
25444
26001
27685
30018
22575
20656
23717
59837
28775
23210
27213
20466
26991
27086
25146
35233
28860
26583
23267
22531
21325
23737
21502
23223
25233
30840
28866
28328
21861
21282
21606
23878
26292
26296
31358
21362
33534
25264
25434
19987
22501
27808
25273
22709
34368
63649
34066
23900
28103
23962
25655
29846
26756
26791
23961
20881
22896
26573
27370
30761
26431
26138
22928
28946
24153
29415
27447
34109
22741
24032
30153
25493
27087
29036
21413
29129
23024
22087
22592
22570
25140
24427
26086
22206
23049
314764
27720
26987
22651
28931
25315
22862
21707
24305
22887
21485
25539
25612
23678
25966
23167
25469
25294
22496
24708
20760
21528
26703
28717
21378
27813
22901
23128
24656
21031
44722
30013
27898
26081
25591
26381
27718
30622
35661
24179
29277
32014
21336
69737
28614
28179
25087
24450
21168
20898
24346
20592
19931
32666
25671
28458
26522
20872
30435
24612
21001
21421
22004
26473
25381
21407
22124
28069
25688
28754
26677
24584
25592
22906
24555
24776
25853
20210
22238
39553
21032
21415
23078
25215
23946
23475
28769
25522
33498
23656
29516
22002
24959
41544
26878
30146
21310
26355
25841
25080
24388
30221
25048
27074
24588
21843
23227
62696
20571
27219
28949
22344
23581
23736
23800
24077
30715
22694
32365
24930
28780
21810
27746
24567
26218
23685
28523
28991
28021
25273
29778
21649
23844
23003
30531
23273
27328
21787
25310
27762
23351
26160
23546
21820
25813
22938
23822
20892
20993
25268
28031
30821
20668
22574
23058
24112
23391
26104
27019
20300
22166
21925
28092
27881
35551
23413
26711
27991
29569
27645
23251
23775
27905
23082
27917
30761
26926
52674
27705
28857
23981
69047
25764
26382
27371
24209
30242
24220
22602
25227
25195
23544
22169
20822
24885
27254
28674
29775
25681
27034
25513
25925
25895
31388
22358
29675
35286
29630
32331
25553
23988
24297
26603
23924
27718
26405
25497
28621
22650
26842
25352
27648
23714
32050
33880
22141
28173
20872
25048
25562
27273
24708
23650
25294
23046
25331
25042
24587
24446
24667
25860
26932
28059
25855
26237
25791
22798
27695
22098
27462
23011
26918
27765
23659
28390
27238
26248
23565
25111
25762
26124
21371
27024
23945
24898
21049
20625
25095
231842
51004
36469
26556
25382
27541
25075
23975
24244
26030
27863
23002
24976
35361
28284
23671
26431
28429
28438
37466
26980
24558
21293
22929
27648
27679
24926
26891
28073
20535
22713
23797
25257
23917
29482
31608
21656
20932
24175
22607
29817
28335
25632
26725
23711
23568
20379
21090
25887
29603
24618
25298
26567
20959
27716
26513
26928
24081
25586
20440
21941
21324
27640
22094
27920
21421
22561
54922
44776
63468
43342
33308
56843
35815
23834
25998
21014
22659
25570
30265
23550
22152
29890
26323
25666
28960
28524
26342
23649
29889
39718
29057
23429
29070
23179
25338
28020
22869
33160
23464
24817
24984
30877
24548
24777
20871
23322
32701
24358
33962
30607
26784
22466
33276
22960
37455
24688
21981
22915
25730
21534
28404
25851
26173
23926
26217
31580
25319
28547
36977
34323
22888
19539
27116
26410
23127
21755
24800
28991
25596
19944
26606
21538
20501
20834
31784
35195
27429
34497
82790
25325
25686
29246
30570
28179
24077
24387
22296
22425
51183
27325
78744
33823
26293
21975
25621
30884
30047
26591
26964
33817
30905
22067
23042
25259
23548
25834
22530
22501
25945
25265
26914
21676
24687
24730
21436
30008
26570
21031
23162
23961
28517
23690
24277
21402
26046
24981
22596
26449
23137
27372
25626
26040
27123
21894
27440
24596
22966
20394
27092
26319
23355
25699
28558
37564
66804
80672
39219
39067
50034
30367
27848
23779
28645
29364
25748
28454
24178
21987
29178
24502
26390
29533
24633
22227
23165
23660
23421
20136
26049
27722
24331
29298
27310
28202
27666
26519
25280
24097
24892
23451
25547
29188
23124
22363
23687
22599
25606
27137
22506
41484
25574
19504
27012
24341
26568
27169
26312
28148
23121
24099
22477
22280
24616
24027
21969
27802
28152
33951
26078
28145
25663
22636
28211
32353
26992
28747
28023
26095
25496
25046
25021
27665
26163
24622
19955
25831
27402
44176
142284
24620
26765
22165
34070
30182
22936
21613
29657
23644
27803
37100
25688
27233
21875
27999
26522
27007
26955
22823
26254
25458
29053
28565
25331
23130
29719
31440
28190
31388
26829
26321
26544
27434
25571
22881
26828
22190
22226
23046
41031
25652
24517
25417
24238
28032
26395
29969
23655
23999
24380
26872
26035
21343
26736
21805
32391
28525
23380
24097
26944
27408
27171
27945
25635
28288
23731
20276
31497
21141
27714
25247
25671
29005
28513
21881
26618
23898
23758
21630
27821
28984
22825
25488
24323
23737
29687
26265
28011
23172
24620
21792
24127
27124
32094
23140
26089
26668
27365
22281
24208
24562
24002
25721
24121
29780
27121
39546
54502
46106
39317
54105
39338
61497
33223
24586
25992
26448
23374
28438
26139
27520
26208
21032
37173
25693
21915
24083
25983
22796
30389
24439
21540
24302
26281
25753
21002
31829
23568
28995
21665
34967
26472
24412
26677
21435
27754
25277
23026
28975
25881
23883
26814
27474
27405
23424
26086
23013
26518
26446
29419
25701
25858
24569
20677
22589
24408
32056
28937
21062
23232
26243
23670
24464
26841
21904
26079
21779
23908
25885
25282
27599
25594
29845
22622
23560
29392
20551
24461
53584
29108
30478
30645
26025
24867
26202
26552
26306
26362
30564
25491
22103
29778
20020
28243
25299
21752
26747
22744
87218
28257
28957
22178
23794
25314
21750
22459
28198
25731
26066
23975
21444
20368
24185
24764
24765
30355
23650
25586
27277
23394
24934
23843
22921
25729
25494
30726
20841
23922
25291
22917
27507
23637
32940
27867
22617
29259
21882
21196
24646
22534
19600
30543
22780
22402
26161
23982
25071
24733
23364
27927
25006
92619
65340
43047
27507
23172
28203
21171
27071
25093
27281
28133
48617
58849
71037
39314
34588
41281
27330
22004
28675
23578
24644
22269
25042
27078
22151
26282
27503
26103
25936
22167
26449
29222
28082
25227
33307
33762
23858
26139
27286
26521
24663
24536
23952
21977
29806
23563
25868
28802
31840
25580
23383
22008
27080
23650
29215
26014
25592
25522
27934
20939
33207
28325
25746
27805
29464
27895
25240
25319
26617
25357
23668
26741
30036
24431
23219
25847
26120
25603
30678
28125
35970
29682
22600
26556
30983
29111
24889
25130
20020
37036
24217
29002
23780
27754
24931
24303
26052
21242
27726
30277
22076
22447
26521
27734
22901
30723
26562
47593
30563
31807
22433
24190
29397
30031
24527
26974
23882
24307
25475
25668
24710
25055
22086
22377
27268
23827
23535
29445
25198
26024
86066
26612
42072
45877
23733
24968
21851
25687
29069
25368
24986
25749
22853
21931
25612
23672
26593
23684
25921
37231
23054
20940
24558
26780
26611
22949
21770
24383
30581
31576
25848
25141
26438
30270
29408
26013
27373
27562
28427
28025
30579
21286
29779
32322
21031
24280
27183
28583
28200
28075
23569
32361
24228
22938
28283
30799
24158
22913
22648
22719
28747
25361
47421
62100
55415
69936
36266
28147
25090
26731
26478
26194
24560
23451
21913
24929
27249
23593
30993
32584
28768
23158
26969
27278
24273
27077
21603
34082
31177
29769
23525
28751
23977
24862
24153
27493
24944
22709
20664
25344
26141
22865
25167
24312
26175
25537
30049
26565
25737
24216
20283
28291
26035
29344
23225
25378
22113
24478
22837
28565
26086
24348
31903
22895
23834
23055
32551
24673
27900
30808
22825
28208
27991
30805
29072
27390
39087
38809
31686
24988
24276
26443
27838
26969
27328
24004
21887
24856
26198
27182
22507
25715
25709
26181
26703
24280
26712
25296
23982
24660
28311
22631
22695
32040
25477
23429
28688
40495
25836
94148
25147
42972
25299
52685
26987
24133
21796
23212
29484
28648
28375
35350455
