31857
24496
25527
29408
20394
25605
44332
27289
23214
24953
26887
24990
24005
27578
21067
23803
25754
28846
26135
21033
27057
25803
26340
20866
23785
26255
23584
23788
27423
21751
27653
30866
26372
22094
26403
20293
24481
24555
27630
23259
24573
24424
27230
21315
29075
27567
27730
27228
26388
25084
28921
24354
28781
30385
23481
27420
24006
25048
26145
23441
25210
27227
24642
28196
28984
25009
27020
23886
34158
29751
22740
27695
20793
25750
23083
23666
22875
20230
21985
24386
25997
31046
29615
26916
25414
29000
26121
26709
26309
23457
26475
29471
23470
20360
28440
26510
25850
24103
36272
61601
32034
25871
23108
26669
28236
33342
24647
25999
38133
24367
24591
22256
27325
25390
34512
29075
24235
21407
27453
21434
21276
26335
27166
24368
26418
28692
27476
26944
22651
23622
24797
22343
58519
63711
20744
341036
35897
24449
26914
32770
28389
25528
28379
22832
24618
31295
23485
22293
31300
29208
26324
23736
25382
19493
25868
27128
25606
71607
26034
66622
35864
26863
26169
25874
25035
26169
29181
33934
23479
24908
25208
29122
68013
33328
33528
30448
24379
28805
27934
25366
21239
21780
29544
24463
25781
21787
26868
27112
26861
20236
22555
27302
23015
20605
26309
20759
25976
25335
26221
22147
27595
23393
25477
24090
22695
20612
24062
23519
23262
31193
20909
21497
22531
25483
25182
22138
22798
23737
28800
22600
23293
27630
22672
28287
23175
26802
20466
25376
27284
25537
23960
33952
24199
24841
25243
25195
31830
24222
23248
24290
21550
27828
24342
28330
28554
24700
28135
24636
22365
26919
23879
25139
23710
23484
20509
23998
24289
24782
25403
28720
25813
27829
27816
22131
79360
32787
26146
21436
23029
24171
25048
23196
26550
28261
25058
24239
26532
32522
22687
26922
31502
28726
29476
29146
25425
20690
23958
23856
20741
27720
29343
23796
30625
35676
21756
23665
24583
22690
28409
22467
27354
28828
24355
21607
21898
23328
32641
23661
23215
25678
25453
26402
23466
81749
26002
28502
26774
29050
26052
23221
21305
31968
21024
23201
28611
21087
35788
24906
19977
23253
20614
22924
26127
25769
21421
27033
26237
21693
25210
25922
31074
25917
29233
23650
23918
20649
24805
23704
21377
22363
20498
38179
23709
21063
21416
23530
29485
27653
21457
23568
25650
22683
26939
25907
20842
24298
22091
25545
25198
27594
26535
25972
24085
23716
21274
21989
23614
26346
24384
26601
24927
26405
24489
25001
25448
28072
26361
24059
22732
19857
24081
27932
30261
26461
23037
27806
27115
23568
26034
23554
21849
23507
25049
23188
230088
34017
27328
23687
28626
23980
21943
25530
28925
29831
21532
25409
29382
27240
27890
26292
30253
28525
32575
21908
23918
22543
22010
26706
35550
25895
25793
22350
31478
21892
24040
23337
26429
25842
24725
24733
21269
25047
23672
28630
24142
21989
23863
25456
25049
28251
31466
22365
26636
28977
23777
22969
23686
25310
21337
24165
27695
23757
27758
25350
27275
23481
22749
25520
22892
28097
44786
42132
64736
52263
23920
56275
37143
24892
29187
28824
26355
26084
29337
27648
26036
25174
20544
21013
23284
26507
26049
26275
29525
23947
23677
23902
20922
25105
21835
23469
25565
26561
26853
22366
25331
27192
26028
27926
21305
21670
28462
30204
30012
22453
43661
25616
25534
22758
22661
33426
24538
23754
22558
21164
29868
20509
23512
28190
38128
26318
29405
26111
22578
26578
23572
26625
22688
23649
25895
25993
23000
21392
31149
26109
32706
24260
25426
83056
23040
19640
23467
36334
23668
21215
49703
33256
32311
31762
20624
28107
28032
93733
36529
24363
28419
28145
23852
28904
25405
27650
32064
26475
24344
23621
21388
21825
23210
31010
28165
22000
23339
29416
23573
27652
25401
31426
26311
24958
28056
25773
25799
21498
21006
25572
25180
28356
24474
27533
22858
22646
30873
24086
26008
22633
27024
25784
30019
24342
28044
24906
24587
23447
24753
25939
23471
27905
24539
39388
33085
50233
63842
39475
38728
44912
27903
21172
25023
36622
35001
24087
29762
24671
21659
23157
23107
27103
21925
25984
27782
24043
23101
24572
25080
30499
24546
23790
26739
30128
19457
19782
27220
21984
27727
21783
21366
31010
21692
29426
27495
27936
29083
26527
23140
23312
42854
24741
21118
25560
26261
26262
28165
25058
29206
23022
26840
24223
25409
24338
34421
27717
27344
40101
28089
31100
25383
22334
24383
27518
27240
20093
21802
23221
27606
26041
24167
28122
27867
24966
21104
27274
24308
27443
25834
26258
19880
103671
33187
31470
23273
20279
33812
27756
23616
22955
26475
22677
28080
25834
20991
27860
26964
29370
26567
26663
22559
22808
27606
28072
22806
26881
23065
22842
29321
26339
23897
30346
21872
25758
21298
24935
23701
24874
23651
22731
26655
28847
22429
24259
25917
23635
31179
28541
24336
25534
29105
25104
27212
25219
30756
25970
26670
25412
24329
25247
27491
27973
27204
27693
21894
28076
26486
25808
22084
23300
25604
33293
25844
25757
33801
23213
23324
28464
30058
27169
24518
24814
24889
23336
21599
27705
24263
23948
24938
31374
28953
23555
26790
30443
25112
28187
23809
36725
23015
30814
28455
25210
26365
30218
26048
23888
25627
53182
64354
46130
39892
52962
39491
58560
28862
27313
26449
28621
25417
29522
25325
32549
26836
28123
31409
23885
28556
31318
26858
25703
24387
22145
28556
26289
25222
21742
36204
22280
25844
26942
34549
23965
24860
23168
24841
24425
27557
23444
23620
25766
24550
26509
21900
23183
22921
27294
27806
21962
26986
26239
22275
30902
21703
30508
28188
23427
30421
22906
25200
24673
23706
24184
22462
27986
28869
26391
24733
25926
26482
26229
25691
21750
37857
25233
24617
28490
37781
45665
31008
22727
25338
25293
27917
25822
21080
21918
27411
22736
24442
25191
45354
19942
22184
25971
26461
26651
28656
24888
20504
26249
31783
24442
25796
23048
26841
25100
23836
20094
29697
21144
25250
31020
29652
26256
25227
19522
23032
27352
28679
24973
26963
31257
26666
23917
27024
24550
34427
23163
20510
28919
21555
27527
21930
36582
30661
28616
24175
23469
24522
27402
22331
27940
22997
27837
22207
26101
28955
28640
25348
33592
19579
23824
26419
41812
33295
28225
34798
35091
27378
22079
27351
30186
28330
27117
43903
47979
45468
42220
46831
66571
36699
21782
26994
26076
22002
25896
25440
25367
23164
26740
23340
36248
25107
23702
25255
25498
24321
21835
23572
26081
30417
28710
23626
26624
26254
21995
23797
25488
28907
22983
26252
25755
24141
27049
29452
27718
24717
26880
24538
23776
22939
26590
24185
25519
25455
24451
35107
23989
26333
24965
27005
23213
31011
23132
27368
22491
27748
20758
28756
21938
27282
27804
28022
25720
25818
28398
23599
23837
25131
27523
25972
28680
27839
23839
31380
25860
23418
23322
26793
24908
24574
25047
20994
23929
21442
25538
28788
23224
20575
21445
24237
30396
27236
23529
44473
26233
24849
22163
35129
23499
21630
26226
28260
24531
21997
29224
22868
26831
26414
20965
24365
22734
29825
22582
27600
27604
57595
21327
19477
23129
24189
23438
34668
28578
25715
22076
26282
19988
25074
23988
28372
35650
31246
26097
26647
21639
22426
20703
23106
26559
25149
25220
25294
27383
29557
22876
24284
25110
27927
28060
27859
87637
25314
22446
26992
27354
28363
28708
23945
25467
25626
30331
23012
22458
25833
23177
31230
24650
26738
27155
27488
32350
24619
28906
26312
23703
25405
32287
31991
49226
61378
28595
43274
32368
36028
45523
38694
23634
21870
30453
24106
29752
25649
23975
27057
24718
21751
25064
25986
29803
22233
22515
30099
25366
24234
25412
23174
24795
21563
26788
23154
23029
27802
30242
20840
23715
21302
23364
24807
25355
26200
26485
21812
29754
28840
23663
22367
23037
29013
29436
25624
28042
30159
21501
23596
25914
26815
22540
22441
23766
36120
22651
22180
27332
31375
29675
23033
28710
28855
23709
23810
23325
28375
23685
21311
27651
39104
30044
22625
27260
31444
29633
30533
28795
25804
26132
25585
27182
25751
24209
24536
25425
25579
23262
26203
23670
24090
26993
25899
23002
26016
29411
20786
27394
23663
25012
30967
40414
25048
67278
82901
28692
27399
25177
24639
22470
35198968
