28290
22088
20739
21831
23933
21496
24863
27356
23733
26863
20881
29576
33223
27709
25530
24538
22905
23294
22587
25966
21383
24798
21608
22457
29735
26263
22375
23737
24212
22690
21826
34140
21585
22445
28390
22703
23035
20661
25436
27722
24559
21445
23748
24892
28534
27900
26057
26964
26581
24835
24038
25044
28231
24413
31817
28361
24334
20023
22423
26381
25706
49357
21181
27441
28952
23938
27222
22333
23050
26351
25088
23600
19464
24407
28974
29861
23942
27060
25561
26895
27179
28405
31548
26430
26521
29315
26698
26514
24432
25600
25204
26016
23002
25523
26664
21917
24879
23792
25846
47765
62762
27240
30888
30597
25678
23770
32584
29132
22750
28996
25944
22945
23792
24348
25945
24438
26356
26153
26530
25373
25925
26187
24929
29569
23882
22661
23641
21343
25156
33788
26962
21845
23913
23374
24507
24438
25078
20447
31001
24261
23686
21129
24319
26007
27553
196504
29414
26637
22621
23488
24237
23843
23170
21810
20976
26780
37789
29847
21344
26504
33713
24108
28345
24567
22871
23556
22719
34064
21072
24919
35534
24258
48603
23575
31797
27739
25525
23428
27464
32015
26096
27336
22327
23364
24348
21219
21944
24700
21376
31380
49708
24031
48360
31295
29814
40285
31256
21007
28927
28895
27979
24196
24213
30589
23852
23826
25345
19117
21271
25100
25798
26014
22215
29121
21753
24846
24141
22941
25986
24219
25300
28260
24537
27129
24645
25027
26165
25651
21596
27813
28214
27040
24882
23477
22955
27783
28542
23440
25305
26940
24341
25179
25420
26414
24155
30288
23013
22184
31626
28380
21394
25527
30779
26827
23877
25774
26462
24201
29843
25256
24566
22234
28177
25263
27094
34503
21332
23742
24493
24082
23687
20471
24860
21567
31119
26098
65324
29842
20943
21242
22276
31487
26657
26591
50713
26094
28112
23414
24213
24342
25261
22551
25748
24981
26492
26044
26081
32257
23841
28137
25393
27062
29751
26884
27207
25059
23448
24982
24173
22203
24884
22412
22985
26433
26252
21853
23439
24795
35729
23078
20890
26250
24546
23121
24741
21014
22265
41552
23098
26402
23866
27762
30663
21555
23730
25146
24000
23806
25919
22105
36359
25298
27541
25164
28131
25359
32053
32838
25669
25688
26212
27234
23826
20885
27588
20604
34535
23050
23769
25245
23059
25320
26242
37193
21786
22432
23095
25528
30637
28157
27043
20287
24217
25919
23686
21972
28606
24924
25792
21221
27133
34441
21452
22466
25731
29132
23288
25714
28572
23213
24473
25791
23673
25587
23952
22231
25203
26541
23952
27024
22598
24847
26161
26096
25095
28693
25886
26132
26782
26555
208122
146450
30966
24629
23126
29056
24281
27970
24314
29058
24626
24377
29832
28347
24053
25362
21543
22853
19929
35168
25911
24015
20835
22286
23959
24447
35060
25905
32416
26214
24371
25413
31947
22853
29369
22530
24938
22375
29848
24121
24302
20732
21220
23740
25488
21937
24466
31019
23581
29572
24031
22453
25072
20651
30803
19620
23862
26424
24672
25627
24882
29602
27795
23281
28602
28281
21617
41849
36444
23650
61819
29635
30488
47964
33055
34716
31911
21327
25225
25384
24020
29265
25915
20347
28180
24517
24302
22454
27308
25788
26886
27565
25350
27164
25248
26465
23437
31728
26996
24417
22406
27444
24748
23005
29280
24440
23603
20880
28739
26173
24109
53860
31340
27876
23113
33064
28089
28902
25023
21015
26152
25482
30814
25666
27975
25868
26844
22351
24619
27075
27168
37349
30725
27484
21386
28465
29382
22478
28285
23422
25940
26473
22297
25082
27847
55257
36004
27150
34164
27754
66714
24438
21693
26497
34374
29123
27785
96002
32686
55730
27352
28428
22704
20980
21757
26415
30037
25473
31586
23402
32994
27695
25381
22903
24817
27667
22514
23323
31759
25498
28778
22125
24195
24771
29052
32740
29424
23470
27028
24427
26228
23341
23790
26881
22203
26196
21894
24999
28540
25024
25367
22342
20998
26847
21183
30348
24706
26836
24537
25823
25614
31734
44950
47263
69397
46820
49029
23010
41328
36262
31665
28620
20995
31328
25980
20176
28525
29954
21230
22642
26731
28798
23248
24102
25367
22978
24060
25748
23546
23745
24672
26681
26814
26113
23648
27957
20075
25714
27500
25434
26462
36011
27124
29088
23348
26231
24925
24123
26973
25896
30157
31387
28017
21839
20618
24037
22948
22648
30000
32369
24604
33816
26092
21058
23984
24922
34569
28930
29497
23790
26422
26188
23969
27857
28760
25304
24261
22759
23155
23765
32713
23988
25434
24619
29643
27722
20271
54606
112013
39563
33550
30447
26890
24124
24017
25978
24657
21766
21385
25417
27072
28362
21044
24596
30601
24182
26600
20313
22637
27528
19442
31641
35028
26084
26110
22883
26719
20761
31039
41165
26972
23008
21244
24584
23606
25076
28212
26340
22554
22780
19488
29562
29561
22502
26089
26444
20513
21283
28794
24717
33257
27286
21386
25368
22083
27119
28188
25624
24513
24149
30646
27201
25445
22153
25766
20867
26399
23015
32180
23584
27517
31162
23944
24626
22089
25048
22484
28707
23343
29209
22217
26889
27339
26529
27203
28902
27074
37108
28944
23902
26568
24930
39709
23489
25349
24869
21885
21720
26071
29393
22351
23907
28593
34327
54833
62180
44861
41116
53908
41420
22563
33921
28947
27348
25061
22655
22873
24629
25932
22495
24811
25427
28923
32016
28471
31089
27170
25705
27899
26898
26803
24484
27012
32354
25442
27952
22971
25527
28753
26041
26226
22647
30255
26261
22033
24424
22052
34099
23154
22488
21339
23133
33213
21066
20298
28051
24513
28642
21860
24270
21172
21772
26912
29203
24224
33663
34373
29001
23870
20069
27839
24391
35707
22516
29053
23367
24935
26251
25328
27272
26415
25855
22122
21082
26555
28063
30258
24834
27678
31587
31125
21749
21305
24915
23463
25297
25336
31063
25496
28433
69359
28903
58050
23746
28062
23319
32342
32706
26256
22450
25883
29649
24030
27795
22653
24553
28101
24539
29729
26356
37907
28878
28158
30175
23771
26675
30450
28248
27770
24108
24016
25651
24264
21806
29981
26087
30078
27780
27952
30842
27935
24218
23108
28074
24763
26426
26245
29717
24310
23538
28947
20257
27988
28018
23486
22344
23603
22419
36064
67967
32267
26758
20183
23494
20813
30893
28405
28546
28262
44602
26045
52923
47343
45428
25323
50937
34574
22944
27454
23689
25450
21148
29173
26749
28425
27357
23398
42869
23800
29829
25588
21473
24227
24807
27558
30853
24991
24516
37801
27569
27806
29784
22501
26795
25785
26967
24283
27201
29528
24245
24906
21819
26248
26758
31624
24915
27033
27655
22592
25852
22398
22129
25769
30781
24130
23130
23932
25967
29156
25748
24614
21804
27581
25779
26607
26725
25991
24117
30371
27534
27914
24546
27078
28176
26244
23626
33454
25610
22394
20684
30288
23676
23964
24191
27992
30059
26273
22792
21481
27254
33497
24271
23225
26648
25652
26507
25928
24358
35826
26339
24038
22715
30144
25233
21713
30014
21857
24754
28144
28321
26908
24729
25991
26215
21706
22768
29525
20929
33635
25764
23217
24274
77042
29696
24079
25763
26274
29736
25693
29221
21960
22816
28413
24651
22300
32064
24447
25853
30431
26698
27543
24236
27779
23686
23488
24782
24827
23525
27338
27925
28166
22369
27820
26787
28068
22858
26711
40451
28933
28961
26626
24441
24090
20830
27804
28331
26581
23623
31932
32550
24157
22488
30834
28860
27039
23077
24855
30917
26410
28457
22045
26055
28223
25703
46880
62198
26750
29779
53322
26635
43122
36030
34606
34962
26051
29551
26888
27422
28329
22953
25782
27210
25323
26088
27744
26738
24175
25134
26488
24007
20976
27940
26545
27649
24159
27929
24168
23563
24545
26259
23281
25589
29547
22612
23454
22600
20626
22453
28116
27409
30871
27352
33170
25040
25270
28052
31718
24907
35365
25018
27757
24361
25487
21174
30068
29309
31432
27797
24530
26847
33349
24283
27162
24553
36036
29706
22885
41292
35714
23110
25792
27974
21101
31154
30266
29661
22942
26812
25850
30488
25044
25574
25641
24864
21531
24310
28739
26523
25324
23896
26873
21338
24941
20093
25535
22094
26201
25020
20682
63225
66112
32954
25157
27344
31583
57627
28997
26909
20131
22217
35261272
