29519
23205
36803
33404
28283
22310
41273
25739
21817
30059
28120
26427
19163
31492
23861
20115
23792
24543
20497
23721
21744
29068
25000
24250
26717
21102
20669
20896
34218
25687
20069
25006
25270
22166
21387
26291
23411
27115
24702
22208
28518
25705
24843
24785
21500
26405
25288
22759
22641
22478
23158
27579
25989
30016
26663
24328
24665
24766
28998
22573
24789
20140
25558
24353
30132
23154
21733
27365
23591
27864
25992
25754
27400
23667
22343
30116
27031
26331
25130
20764
31460
24751
31359
29291
28520
20902
26666
27308
24867
20748
36106
25480
24426
21546
26725
24792
22415
23875
22815
36956
35126
37494
25233
23959
22035
22740
29111
21967
24565
20098
30320
21526
21684
25314
23832
27176
25074
27093
25934
29595
30963
25662
26697
30378
29863
27238
21996
25242
27086
24240
21950
20456
64475
27913
27865
23631
309490
118228
37294
28566
23559
24225
31646
24837
25780
27095
24037
23657
25738
21744
36445
24386
22928
24243
23316
25500
24025
25357
24449
23792
22594
45066
25078
29062
22923
22756
25306
21853
23337
24091
30159
24907
26664
31672
21828
28792
22609
27670
24507
26183
25864
56291
25544
24422
23621
26052
26816
23236
27134
20421
32980
23053
27014
24468
23861
24336
22008
30107
23715
30614
22303
29470
26575
24699
29530
26513
30761
25924
30192
29784
23417
24507
21668
22713
28302
27937
24409
24312
27880
24403
28901
26838
20249
25078
25945
22459
26524
22641
28839
22935
23362
21598
30954
26929
22229
24345
23678
23613
21748
27347
31236
28991
24946
27886
30127
28624
26759
20555
22485
27927
31733
21536
26714
22851
27062
24780
31458
24047
27017
22314
27427
23296
24295
21088
20273
25681
27398
25793
31884
25554
18234
23583
29238
23502
54227
54764
27811
23404
26780
30686
27177
20643
23882
21431
24378
32302
24707
23540
20067
22705
23518
21714
22365
29271
31583
24810
21706
21037
27497
25420
27007
25438
25415
21605
19744
25207
27320
28674
24280
25793
23606
24846
22199
31672
24036
23308
22944
22629
25869
26183
21053
21666
31257
22975
23426
30112
21455
21745
21789
24694
25527
25379
26855
23127
20017
19835
34334
27941
23257
28944
24826
26766
25294
30108
21602
23363
21945
24707
29628
27125
27285
30374
35941
28782
23194
33445
27468
25701
24928
26659
26554
24239
23777
28639
23836
21250
24440
26318
29068
25419
23724
20220
23558
23923
27883
24207
23579
25309
23345
25360
20828
26110
23770
28111
32379
26040
25118
24842
32429
27869
25278
23201
24127
26515
27875
25870
23651
28594
23570
22642
27880
28627
21130
33006
23148
303988
51247
33358
25551
21828
33857
25464
25770
24007
26054
27961
23457
25338
32037
25617
24585
24418
31846
28085
22323
21216
29392
23822
23696
26728
22940
26605
26764
25703
26367
21430
22050
28252
24757
31347
25600
23096
24441
23965
25050
25621
24789
22688
22468
31761
23122
26672
28761
23054
25529
22264
24239
23251
24549
31090
24877
24379
25338
20177
28023
21693
25563
27549
23826
27033
21759
27851
22880
45356
33506
64310
51696
28170
53040
40392
27656
23773
25292
26601
23689
23061
24010
24402
23283
20694
24813
22291
21786
22300
23240
26603
29158
25233
21098
32800
25405
22352
29573
25239
27253
22739
24255
30494
26037
22581
21376
29276
24573
26556
26216
39983
22290
21947
52493
25538
27873
27743
27518
21700
23798
32221
23009
25974
22837
25853
26923
27077
22933
26403
22003
26816
27426
25175
28720
27968
23985
29072
27560
26912
26864
26167
24105
26716
31042
24569
21417
22616
23217
27471
29078
39493
27700
56224
25945
31177
26724
31553
32208
27453
95595
39714
25807
23455
32235
31940
29810
26149
26690
29956
23646
29440
24356
35732
28964
26225
26710
25579
23669
23134
21259
23754
33499
27346
24098
23584
24256
26057
28760
21514
25303
25217
28771
28003
21717
21999
28407
23439
31120
22526
26127
23337
25654
23190
25576
28612
26069
30082
25056
28792
24486
22225
22713
30503
28702
45209
45025
69966
46736
23400
38943
50375
35422
22799
20736
33203
37464
25584
20037
29608
26454
22081
24712
27627
27737
32559
35204
22826
31419
29984
33348
25800
23643
20909
28563
28566
27774
26662
25685
21900
31442
27845
33567
26298
22086
25380
29842
22476
23712
26536
34082
27139
27270
25483
24726
24522
25693
24320
24430
26458
37176
28092
23620
33658
28479
30548
33879
28555
31864
23762
23978
24453
23791
20920
27030
29886
24210
24672
25446
25284
22782
25983
29285
24103
24257
26464
27431
21870
19685
18731
28421
30620
24502
44271
29726
32660
34682
30094
26310
21946
23034
28941
25432
26364
30346
20838
27653
27218
33256
27419
21581
30090
24152
28384
26730
23701
25927
27196
23434
25378
26646
32714
24229
25011
24511
27489
24937
27162
25901
23870
27353
30166
28134
21814
30320
26640
22680
29829
22158
23548
31653
30561
21110
21521
26175
28919
26386
28933
31867
24954
25791
25160
23938
27333
22693
25654
23330
22856
23664
24381
29676
32916
24031
26772
31882
26200
43042
22718
26038
28699
21454
27054
19770
25715
21990
25948
28467
27487
25783
23075
27216
23453
30877
27574
22170
24060
23197
31978
26002
28787
24681
27258
30262
28179
24210
25451
31462
51969
63103
25306
29010
32315
53363
38757
44775
29526
25969
26673
22094
24967
24118
27406
28123
27332
26080
28392
31825
25999
26507
20416
27238
21601
29613
31919
30226
28843
26154
22553
31308
23174
28649
24314
32523
26817
23914
26463
26977
27625
34688
21585
29177
22297
25608
24585
23682
26016
27102
29208
27828
22202
26658
23411
22646
27086
31136
26757
21823
35016
32444
22336
25117
27559
23876
32144
31396
21690
26816
26933
25027
30038
29952
28083
25312
31208
27301
28818
35794
42719
29209
28903
25309
22497
29199
23062
22408
23763
26237
23283
23227
25285
85490
23484
37257
21720
30982
90118
29974
22356
23254
22037
29005
22692
25677
22885
30460
27249
23519
25729
23265
24720
32011
25285
27488
26503
20836
24751
28950
21755
24781
29022
26288
31939
19313
24923
26987
26340
29143
21532
24408
27102
26679
32260
19916
26066
26257
22419
27534
24449
22783
25045
26514
23608
26705
25239
26226
21987
52025
62681
65586
33516
27244
20865
25579
23907
28679
25358
26068
26416
47327
72560
54252
55373
35484
47156
21920
26743
23946
32361
29564
21956
23151
21351
23015
26261
21290
31451
22730
27356
32152
24628
24755
26203
26637
21465
23694
27323
22220
23383
29351
32888
29744
29995
26702
26442
28288
24481
27529
29899
22838
28501
27869
24185
23862
32319
27645
22233
37899
26114
21832
22373
22593
33584
25215
24128
26807
27029
27093
26070
22257
24099
29348
22949
28173
23413
25851
26355
27818
25693
24902
25507
28591
23897
26036
29776
27832
24947
25892
24863
26422
24050
26165
24197
28520
23959
30020
23396
24167
22845
35733
24867
24057
24881
21442
23218
28183
24602
43434
30806
26580
21817
27495
22332
22681
26319
23626
24048
27165
22650
27598
22026
23051
22634
23766
24112
26102
20937
26489
24731
74048
73252
32701
29059
23125
25261
26268
25300
31110
20599
27059
27328
23783
22907
29452
28230
25302
29036
23709
24448
23872
27618
27035
28463
28285
29650
23097
21101
23450
24355
27207
23875
23069
24989
21850
23400
48643
30096
24620
24648
25373
21083
24626
22881
29641
37787
22349
31199
23613
33551
29210
24142
28948
26375
30876
28330
22133
26029
24453
24795
26572
28008
27803
45730
61977
56268
53088
27742
43719
34118
23847
27376
27449
28834
26605
21442
24029
31261
29540
25103
23421
22828
24576
29800
32362
28644
31389
23864
24160
27159
31784
27229
22536
35567
27912
24739
23406
23567
25094
23076
28997
25654
25519
22851
27541
22599
25765
21706
21638
27018
33348
26616
29353
25186
31883
21657
22544
25736
21548
26528
29886
25201
29369
24653
25489
24039
35278
23592
27911
26399
27046
24855
31093
24394
29646
21591
41681
27338
19005
22501
21054
28549
27498
27451
22488
36724
26342
30421
28091
23412
27633
25405
29332
23454
24619
23304
22403
25005
25699
24422
26038
25905
27558
26062
27353
28300
26715
23500
29284
27563
93952
21487
27704
56686
40424
27375
26930
23283
25144
28057
27273
26827
28255
31314
34448
29091
29458
27120
35530455
