28137
26285
35603
28633
21745
65635
27621
23790
24363
26497
28357
31457
22913
26322
22394
21736
26786
22962
25888
24272
26664
29704
25877
21844
25322
21573
27397
21567
36032
22658
24927
27030
25140
22462
25151
25526
21450
24270
27737
23945
22430
23587
23171
27624
21427
26469
22437
24274
24456
25316
21914
29378
23246
27456
27820
29022
35381
22245
24670
19636
24375
28814
26561
22354
21918
24216
23128
23376
24461
25957
27246
25200
29588
26713
24792
25075
21891
21597
22640
23702
23628
30079
25328
27578
26211
22645
27851
24615
21611
30744
27841
25771
22586
25740
22203
23995
26874
24948
48978
53615
27738
21829
25326
23706
27039
20470
27141
21811
25978
21403
22621
26814
24655
25951
24131
29881
26561
24829
23864
25244
22344
23242
26031
22258
29538
26927
27627
28296
27975
24606
24868
24378
22186
26882
23871
22866
25110
21411
24741
28514
24362
21857
24583
25059
38402
28631
29858
28737
27532
20882
24803
42598
37894
29772
23044
25233
27499
26450
22433
21055
25394
24065
23716
28067
20725
23549
31292
24348
25404
29984
24455
25397
22768
28602
23150
25520
21427
23986
19998
21496
22204
24098
28612
25084
25844
21014
19895
20784
23412
23815
27603
30808
25075
25043
24747
22721
19060
24123
21923
31768
30523
25326
25046
25445
23438
22837
28863
32993
24333
29074
24741
31500
20150
24438
27367
23645
22163
20061
28300
28806
29172
28059
25073
22711
25975
26791
26423
21271
29546
29476
26338
31087
27249
28035
21434
28027
21581
23042
20958
26898
20842
28758
21283
24869
22224
25122
22608
21499
25728
20944
31340
25397
26158
22649
27129
21496
35113
20350
23004
31198
26039
24376
24212
22248
29690
25110
22431
28879
33734
23092
26303
26926
30847
28286
24893
27956
29188
22727
22280
23430
24011
30255
27432
29749
27379
27379
21433
21728
23892
51201
21525
23877
28383
23892
22294
23437
23986
21767
21658
22733
25437
26980
22705
22806
23477
20277
24623
28588
30809
25615
26110
26281
25323
27380
24648
32726
21955
21995
24521
28282
25775
24318
25987
28694
24249
23988
25062
26626
21542
23670
24416
26026
20391
27445
24433
81269
69515
22794
21470
29743
25528
21915
25188
26537
24125
27012
27934
21678
22614
23604
32161
23169
27335
21034
24250
24696
29003
23040
23024
23974
25339
34471
27210
30002
24349
21490
23298
23547
24607
31184
23106
25774
23876
23085
39852
28093
24456
24645
34761
27455
28457
35976
27521
28975
22086
23618
29034
22907
23939
24832
23738
25690
28186
29418
27318
22998
22910
27757
22059
23004
23549
22950
25303
23234
27939
27098
20648
28509
27541
21168
22519
21823
21213
23759
25183
22051
26123
22266
23870
23502
22134
290919
45416
28068
20893
21898
24591
25864
25701
24518
24357
25244
30551
23396
23244
32541
31065
25372
23345
27335
22464
22247
22258
26168
25229
28260
25245
24618
23319
23341
30914
23681
24016
22381
21749
24953
23348
28917
31472
29041
27145
25830
26092
21758
57117
25904
24203
23163
25233
29165
30662
29307
25469
25272
32824
32319
22163
26937
24496
24795
20693
26214
28828
22326
32930
22243
32079
38217
46047
62944
51669
26424
54266
37252
25056
32034
26970
22397
21551
21405
28484
23981
24137
30436
21151
27944
25726
29201
24653
26831
22505
26129
24897
24903
26151
25218
21171
24298
28749
29731
23213
27142
26754
22334
24164
25626
21774
23953
28478
33218
25773
28173
28876
29483
30665
24406
26147
26179
22850
27756
29363
33421
25211
20977
27059
21303
25558
40921
20605
26298
31375
25228
27762
28125
28960
31859
28444
28182
25425
28858
26959
29364
26124
65604
57262
37583
24955
45458
26596
44976
27872
30219
31659
24070
52206
24832
37619
26364
77768
25313
20768
19825
25918
26302
29506
30020
35054
23426
21131
30059
29187
26956
27629
24456
21492
22311
23810
26230
27014
27040
28047
22705
23221
23411
22813
20978
22693
27779
28652
23332
22290
24560
27047
25803
27630
26895
23146
22852
27295
27447
25044
25742
23907
26754
19708
25260
26609
25702
27348
26554
33760
31106
47724
70027
58377
36977
25347
38717
35470
32815
34390
30404
27488
31109
26163
20172
28034
26240
30673
29914
29851
26226
24787
23743
25558
29879
27691
24884
24627
27623
28059
23115
25928
23887
19978
27714
25048
20604
28201
23097
27141
25531
27153
30236
31707
22868
43635
28315
25885
27567
21598
25522
23856
26416
23765
27328
35151
22979
23213
22783
24960
22233
29960
33926
25401
22488
32544
25851
22179
20720
26803
28062
23456
28966
26548
24860
26427
26219
28442
25055
28769
24207
30363
27708
71080
24308
20966
28644
31795
30597
27208
22635
20713
31239
23773
24247
26802
21567
24175
28319
31343
21446
24720
25183
23139
21412
25941
22771
27860
24052
26333
23189
22941
29026
33684
25538
25603
20221
28878
29173
24936
22809
24574
22629
24799
24174
24871
20552
21660
29040
31914
21629
25347
31823
25786
28259
26412
21559
28983
23297
23462
26302
23279
24389
26425
21622
33557
28979
25641
28612
25455
25852
23539
26968
25256
33109
23608
27224
29974
26024
21708
19761
26379
25798
27656
22105
25900
27008
29524
24536
24632
27074
30074
24743
22781
26089
26326
23835
29236
29196
24108
26763
24050
27685
22147
29022
23206
28593
20103
22829
28420
25265
31195
21065
23557
24598
57074
52969
39371
37178
46979
40411
21843
55569
28441
29525
26270
26248
20293
25221
22340
28075
28275
21080
20413
29196
28629
28901
21694
20627
20987
29838
21741
24314
21656
22012
24572
23653
34048
28110
24770
23353
26021
23085
20584
24359
26942
24134
31286
28247
23206
27072
24038
26435
26432
27509
30911
25824
22039
27207
26489
25790
31539
27212
29800
23833
21717
25453
19864
32341
31877
24774
26099
22777
26469
32058
30317
23136
25916
26413
25397
23565
21430
27833
23831
23321
26529
21449
31203
42830
26166
25486
22351
24481
24478
22054
30059
21688
28651
26337
24859
63376
64674
24688
24108
138995
26063
21816
21633
28862
27120
21139
24965
25419
27572
35299
25069
27668
28700
27032
22984
21515
24394
28725
24488
23383
23893
20793
23250
27333
23811
21275
25710
25736
21741
30229
21431
26737
28985
28648
30201
21300
20812
24580
27353
31731
22480
27779
22823
23240
28118
21831
24159
22244
22181
24699
31596
19855
66514
76820
43588
26636
23668
29008
33157
28751
29374
22800
26479
36275
55268
57462
45046
37288
39545
37435
21702
34359
27933
32680
24516
20746
20434
25341
22859
29593
30941
21818
24622
31196
22155
21482
22019
24185
29327
21401
23613
23567
30096
29901
31700
29084
29551
22288
23874
26145
27029
32847
30791
26516
28078
31520
26209
29598
28622
26396
28081
22502
26370
23690
24773
27764
25768
23266
23569
28266
23242
26622
31495
23193
31250
28441
25006
24790
31406
26246
37769
26846
28037
22313
26296
24818
22413
23487
29309
31215
23435
28428
25830
28095
27163
22732
26431
23082
26378
21503
27191
21904
23323
21982
26915
30509
25365
23457
30037
27113
44140
26934
24761
26083
31485
25351
26055
22563
31704
21896
24635
28079
23337
23693
27505
25622
23131
24301
26356
27498
26675
25081
26198
77421
33545
25197
57697
27196
22715
25401
25444
26959
21269
27443
36773
28515
25687
25001
21840
24808
21440
23815
27654
25439
24337
29383
32539
25998
24421
27187
29443
28065
28029
27687
26281
20281
25882
45881
28814
26765
28882
24097
22590
21429
28314
23252
32430
25279
24926
24244
32360
27168
27610
26381
31171
30428
29889
23822
26468
25829
20848
31743
36445
44740
75353
57850
52554
26667
38574
40231
28096
26199
25239
34510
23820
24053
26001
24235
22336
22794
26811
24507
26287
27360
28530
26612
29003
22470
33443
26191
20350
28491
28427
27538
21444
24537
23965
24565
22740
23580
23900
28944
25783
28215
25039
26879
27093
30041
26527
28420
28401
23360
26678
21383
22722
25605
23661
33593
26392
26839
24730
30536
22025
24864
28505
34011
33499
30141
26069
23500
22394
29780
25072
27609
30950
25276
23956
23061
42292
36388
29535
22014
26122
26141
22023
23920
25778
24551
25755
28675
23351
23937
29245
25123
26523
21706
22095
28754
25803
24032
22740
27565
23407
22174
25912
24918
25876
28786
23354
24529
26053
21640
30284
34357
35017792
