26705
25732
29329
31442
20893
27233
21621
32689
24078
24307
29760
33307
26156
26863
24402
23693
23363
24974
27018
24112
27506
25675
30715
23626
26628
22014
24490
24702
26933
30901
21072
26189
24373
24569
28412
23488
29466
26265
22300
24056
23151
29945
28007
21960
24314
26232
24558
24276
21917
26567
26133
27254
29405
22016
23686
24784
20710
27268
21598
23658
81830
25049
20560
23330
26619
31399
26133
27822
32113
30005
26101
23655
29368
19654
22119
24648
20384
26451
29957
31268
30085
22063
24504
20240
24927
20235
23031
29083
26894
30306
20754
24293
21771
25213
23739
26382
24050
36172
64000
38851
20287
27204
23495
23661
27347
23371
35614
27601
24716
26677
22858
24350
24949
26051
27783
25590
29475
23978
25110
23768
25916
28270
27565
25199
31360
30367
24059
24724
24910
54766
28553
25720
21860
26562
29972
24400
25223
294723
34517
24878
25805
21368
28405
20837
23917
23865
22128
23780
31328
23053
20529
29816
29960
25250
20617
22235
23131
25812
23586
20673
24586
19207
26951
25672
23271
21455
21437
41084
31756
27243
25621
26128
29088
30182
30900
23033
24155
25142
23044
22865
20275
68419
32365
21847
26250
22151
31639
82544
32292
22610
28484
25967
20521
26265
22718
23331
25430
22515
27095
27136
24426
23169
22212
29044
29178
22296
25173
22420
24807
23919
25181
26000
28799
31789
22151
20664
21561
22912
25603
28849
23206
23880
25303
28876
28391
24797
24138
30205
25488
26615
25763
25971
28944
22513
23783
34851
26182
27370
22914
23510
26150
26052
21808
30922
25110
27966
25806
23415
27715
29355
25574
25069
23827
23520
26403
28339
23135
21379
26197
24482
23289
23562
25618
24102
26225
30345
31128
24276
77701
29552
26717
24191
24160
26581
23399
23869
21370
27439
31343
27257
26173
20871
28674
21466
27063
28982
29485
20618
24642
24662
24613
21426
23645
26727
30503
28157
26535
25949
24138
23637
23761
24741
25763
26697
24173
22546
27974
22223
28173
24568
21138
24587
22899
24151
25773
24639
25571
25943
27144
26150
23083
24189
25007
22795
35066
30471
27709
26005
24393
21054
26226
22717
29779
28265
25265
25163
26768
28432
26165
23402
24417
20269
30405
26402
24785
25192
24260
22119
26061
22548
27011
24781
24946
21709
21881
23978
28669
37157
24472
22552
22692
22277
27890
27294
24226
22501
27131
25383
27596
21128
19838
27966
23922
25474
21342
24807
26316
23263
24690
23981
22254
24466
27001
23474
23063
28085
26992
23525
25501
27867
27928
23294
30266
26756
27897
21472
19725
20642
27321
25956
24613
24029
23556
23672
27618
23260
22698
24201
32114
21796
26896
28001
26801
48576
47587
47869
33720
43956
26007
21820
22233
29596
24998
28068
26672
25036
22775
20324
29572
27328
22985
30033
33139
31146
25923
22429
21397
21505
28194
27422
23165
21826
26441
23935
24506
28489
20947
22788
28592
26804
24517
25309
30713
22327
23925
24155
25409
23303
25360
24920
28397
21655
26903
25817
30930
22627
26370
22124
30205
18497
21051
32011
23813
23329
23876
21886
28837
21478
26835
22283
24409
54915
42504
63145
29814
30043
64863
40932
21787
23254
27647
21811
25787
26936
22748
27381
22990
24083
21510
23376
22859
27650
26325
25455
30184
25062
27707
26726
23562
22421
30206
21691
24207
24444
20079
27841
24426
25328
24485
24953
31459
23450
28602
21109
26886
24718
24703
22749
24935
23574
27768
27925
29381
23968
21730
29442
21211
27757
22657
26347
30350
25173
26125
26976
30595
23507
30479
26326
26818
27506
30979
27251
33867
30712
31003
33590
23431
25692
25924
30350
28267
55711
26377
22685
25849
27945
31928
42979
27752
40585
32378
22102
23120
20793
23718
22214
29233
71438
25269
30984
21736
20539
27638
27120
24900
21560
25784
24929
27779
23581
28247
23793
22711
27132
24467
24584
26419
31112
27045
28446
28801
26222
22966
30876
23856
27680
20850
23235
31155
23390
22991
23932
24104
27718
23945
26315
19163
24366
27550
24952
29776
29046
20815
34605
26487
24297
20207
24666
25292
27482
39955
39082
38929
79654
39193
38899
23000
27512
34529
33366
39933
26750
26670
25087
24714
22861
25781
24135
26308
25973
23305
25849
22796
25334
21011
21291
29044
25458
24814
27797
26922
31021
26789
26909
23645
27990
28655
26274
26716
26943
25388
21089
27266
27582
27485
25266
25736
32981
26151
22104
27664
22020
23129
24252
22817
26335
21537
23566
27300
21743
25108
24482
22506
31368
28850
51366
29276
28421
27004
21792
20822
25295
27438
21847
26714
26602
26141
23786
25178
25255
26277
26781
21769
29141
23169
29722
27177
21534
24509
92651
31973
31340
31752
38241
30454
22450
21469
20738
25714
25871
24822
25215
21621
25133
23339
20970
24230
36846
25830
26912
25282
30140
23167
19379
31815
26931
25126
23087
25875
29406
20732
27048
26828
31376
30060
22533
25708
23686
23328
24284
19302
26733
20353
26599
26936
24435
25866
21336
21243
27752
22070
27287
23367
24369
26522
29126
26364
21073
21539
22860
24763
26789
29298
21853
26268
25816
25076
26238
28929
22803
19504
28192
24514
29800
26190
23155
27011
26139
26447
25775
22974
25654
20965
28191
26555
22483
23268
28800
26844
29648
23551
26433
20201
24887
24704
25269
26434
22523
27525
22089
25395
27187
23448
20195
30308
21736
26311
23699
45587
53469
31338
32459
32017
54461
38735
61348
26853
26592
30914
27698
22706
27928
25980
27662
26348
26995
38232
26655
32967
23301
25573
26299
23491
22861
22660
24684
21945
28207
26445
26541
22809
26926
28821
25344
26413
21026
26748
24783
31989
23975
21181
34221
22649
24274
22391
26446
26333
20387
22337
23224
28247
29372
24381
31118
26781
32360
28557
20886
31128
25559
28514
27275
29697
22285
20628
25014
25076
30706
22968
25289
30913
21647
26903
25852
23103
30015
27993
28549
25786
25374
26022
26716
31895
23562
48711
21499
24239
27118
28711
26467
26249
25959
77251
26984
35121
32857
23529
86124
27683
24553
22920
23304
28101
21115
27910
32320
22635
24898
22794
25920
22541
25736
30887
26513
28036
23520
23515
26390
24080
24046
22925
27332
23725
26127
23174
22959
22289
27464
22463
27666
32106
28831
31275
21525
28546
21809
22971
32066
30546
22970
24478
22708
26357
22984
27591
30232
24935
20748
61464
85668
24137
36361
26508
21532
20710
23433
23944
29133
24524
29907
22469
45399
59445
56034
53795
43920
39228
22885
29806
22592
29657
33314
23901
23957
24399
22100
25180
24311
30561
28783
30153
29163
24713
24088
21841
26018
26527
23720
22982
28290
32635
24413
19540
21453
24222
27776
23298
26556
38808
27848
25808
23179
28866
34058
32274
22108
25795
22860
21310
28586
22967
22352
24418
23499
29303
24590
26823
24115
29982
23896
25882
21583
22274
27373
28554
25283
25038
28473
26799
23857
24301
24817
24571
27629
27599
23201
21749
26865
27836
23404
28379
27301
27646
23929
21171
22929
24153
22209
21705
29278
20752
27843
24310
22707
26632
27995
24127
20351
26041
25249
31665
25537
29994
34234
25703
23824
26824
28277
25192
25781
23559
23638
38683
27909
21630
21414
28108
25072
27927
22647
30889
22868
24958
20674
76979
58316
22685
33876
25963
27423
34030
24881
22857
27666
22975
23940
27441
32037
27677
24462
22801
27434
24645
21059
27971
26882
26695
22658
26843
23611
27444
31034
29850
21807
27444
25810
28012
22594
20507
31093
21252
25437
29962
28872
24684
21762
30639
29565
20751
26502
25272
25314
27508
25515
24372
22882
23927
23341
24070
20829
38343
24211
31665
27246
29342
26831
46198
62380
41605
33770
48932
25550
31991
33412
33226
29168
21092
30573
34227
25294
35283
24580
24531
31951
27754
22007
27964
25679
22047
24774
29760
27752
22549
25617
29940
32651
23947
23510
29270
29860
25986
27265
29720
25520
24823
24963
21670
34736
22488
26124
25495
21155
22764
30177
25766
27021
25622
27207
24195
20275
24459
27557
23242
25220
37188
32857
21142
24516
23988
29376
24893
27142
29164
23153
26075
21832
29094
29626
22326
25296
33406
39493
33124
28303
25804
24016
33142
28591
29223
28566
25194
23904
27275
25651
26188
21766
23110
25877
23623
29284
25716
22653
25049
24810
25978
20383
26189
25798
27600
27284
34845936
