31500
25343
24803
25745
24451
22427
49486
23671
27099
25884
24626
26789
35399
24823
27166
21611
27513
28843
22296
21623
24161
23664
27636
25417
21353
24177
21472
24120
24372
27527
23321
27259
25066
21740
21910
27128
29024
26411
26563
25208
24680
30931
32614
21494
24222
25587
23680
27015
24676
29165
22480
34132
22619
27540
29435
32540
29851
24570
90058
22297
23225
24910
20621
27500
25465
23874
26837
24845
27284
31454
27149
25069
25041
23255
25503
21331
20708
26001
25917
30479
26593
26638
27448
28730
27344
25418
23895
26522
27384
25571
22309
28509
28873
24544
23112
32932
45515
32532
21093
29912
23713
26817
21073
28431
23276
26811
23352
20126
26502
24895
26187
27278
26238
26097
26286
25226
24236
25645
21769
20390
28272
21059
25981
23861
29134
28402
23850
24329
83810
26359
21763
20631
23217
28338
25784
23909
27319
23285
26357
26290
23488
26644
32132
29257
24409
21223
45352
29188
24822
24319
29162
30649
23301
25343
23521
26789
24752
27388
35369
34463
31774
24271
29841
28643
23928
28308
21653
29745
25563
51486
26732
53416
29932
23279
24667
23859
22252
27060
26201
21295
22300
25344
22919
21963
25726
21522
24768
21194
24072
26010
25344
27904
25173
31275
25875
26047
50272
31284
23968
24023
25460
21627
23053
24414
27422
24860
27806
24088
25598
23460
20970
20620
30278
20829
23111
24191
26044
28605
25225
30426
23650
32249
24555
22517
21706
32021
24128
25385
20532
21511
31671
22940
25253
23223
33084
19815
24899
39664
23073
24271
25773
24072
21650
25249
24695
26809
23414
26425
26162
26539
19820
28048
21113
18935
26556
26874
22731
22388
27838
26094
24125
27379
24958
24357
25439
32831
31750
22059
23785
24941
21718
23679
27409
23155
25834
28804
26228
23763
30890
43890
27718
23310
28274
32409
30794
23448
26110
36594
28595
29332
23594
24754
29552
26801
21630
25500
30077
29113
26569
31889
26969
24793
25996
27824
28862
27105
26759
25172
22182
25904
23728
23361
23237
20077
22466
23248
24872
23999
22121
27901
26142
59532
30144
21771
20837
20905
19767
26267
22694
19876
22208
24325
23612
28124
25906
21039
21332
28252
27368
27357
23525
26524
34609
23969
26667
20890
29939
21939
28584
23849
22615
24219
25173
29057
22833
25466
20846
23940
24376
38925
26596
27017
28976
20530
21308
21262
47628
26500
24067
24206
28197
32260
23869
23195
32386
22951
27870
28999
34769
25549
25416
23256
22862
25772
25241
28348
25706
27311
23722
25795
24998
24529
22593
21359
24203
23937
24582
24759
26605
32390
25906
26699
24507
23731
26608
25322
33014
29166
21658
28502
23227
23596
24471
308912
25835
25073
27352
27915
26747
22307
23147
25571
25081
21281
21793
25018
28076
28635
23737
25280
29864
32178
34439
24649
27451
26008
25230
24255
27036
24395
29043
23749
23465
23316
27018
25712
25798
25757
23324
25733
26734
31165
27097
20331
36359
52424
35330
23760
23657
29249
27373
23122
24799
24975
26307
32757
22856
29192
24277
26815
26652
28611
26503
24514
21134
22924
23739
46290
36131
50948
30550
40479
26843
63256
33419
32225
19632
23493
27360
25191
31924
26347
30317
28380
26593
23697
21070
27057
25832
28128
21470
24024
25987
28862
24495
20396
27015
24910
26372
21295
22373
22090
23969
26429
23363
30506
26300
25506
28497
27613
20284
24602
33185
25978
23836
37449
23177
30233
24056
23483
22872
27203
25634
20756
26763
22792
24953
27028
27485
23633
24648
24463
30721
26910
23103
26289
28441
30656
29624
20911
27166
28438
23935
21270
25231
29024
54960
32806
29558
38137
29874
28526
31704
30797
22849
27866
36530
33568
28354
22591
71593
35697
24971
27843
26278
25319
24768
22789
29051
25651
30805
25347
23622
22351
24913
25319
31465
26261
24408
23970
24394
23291
32856
24378
33078
26831
26222
34579
28891
30509
22820
29846
23187
28999
23107
27677
25593
24313
26544
24314
24031
24678
27908
27594
27706
23244
28943
33848
21490
22888
27976
25910
28614
25669
42084
35710
25225
65715
47561
36225
24632
51508
35373
22483
20772
31799
30184
23711
26590
22921
20391
22757
22027
21456
25417
27066
24583
25378
22630
22370
29358
27302
34048
25549
27871
31720
25532
27279
28776
28787
24436
22156
25758
26782
24790
28925
22856
25412
28211
21561
24735
23073
39793
27467
31256
27801
23964
30183
26679
29022
24543
28984
24716
21663
25588
24470
24778
36990
26654
20170
24348
24694
24229
23720
26913
33205
26582
21963
24867
21664
22600
22071
21698
23501
25683
28164
28230
25313
72039
20411
139467
39448
33788
33872
34906
25460
22730
21476
24171
27537
25763
23879
26789
26255
23707
22826
21895
22464
28035
26277
24775
31144
32209
22868
20593
27518
24112
24424
25621
27224
27581
25543
26892
27322
31887
27571
25722
20909
23304
25209
41275
25598
24755
29476
32074
22572
28014
31250
24704
27013
24781
26915
30855
29690
21810
28085
25260
22131
25636
26559
29164
22953
26886
26512
24198
21245
23220
27887
34364
23796
25945
27935
27214
25184
38307
24141
22117
29911
23025
27804
26934
28992
25385
23326
26767
25331
22267
29781
26819
26732
26103
30135
24922
27838
28554
23971
25082
22089
25683
27221
24248
28928
23984
29833
28949
37887
54481
47358
38716
54190
37902
60646
28295
26658
21481
25580
24542
23487
26433
22606
24219
26056
25499
31708
29373
33536
29423
26453
29816
24797
26564
20990
25786
25637
23083
30473
25014
28892
20604
24515
22829
23940
29896
27102
20962
25783
22995
25328
27478
24144
22113
23847
23478
25524
29545
28818
23482
21305
30379
22607
22149
26227
22768
22076
21384
23432
28727
29621
29484
20953
27684
26987
26202
27634
21894
26481
30509
25523
27398
27180
26016
21811
25489
23157
22750
31346
33572
48347
29080
32883
29109
20798
25856
21187
28595
24470
21817
20218
28413
26078
22160
66132
25837
104778
25128
23084
27793
24051
21641
24311
25053
24879
26854
23969
22116
29477
22551
28363
23755
28449
37986
26317
27542
29214
29293
22750
31495
26991
30502
24466
22470
37319
25065
27139
28034
28084
25708
30239
30945
22095
25319
21519
25145
25572
21948
28564
23631
26869
25262
23762
31840
24659
21533
27041
31221
47382
71599
44429
35046
28843
23238
28513
22440
27609
26199
29820
23486
53133
58150
71954
37912
36180
47552
23176
23047
29187
26279
30469
26271
23100
22169
25805
28815
23280
31017
29652
23895
25424
28159
28993
30227
22499
21608
21601
26597
25850
27210
21340
22093
26508
23885
31769
29731
22235
25562
29809
33606
22563
31548
29105
29528
27163
29516
27048
20124
30379
28339
30568
26218
24537
24307
25680
30145
27069
32494
29570
24485
21514
27128
26540
26021
28116
25813
26788
27641
26007
22960
23141
25434
32344
21636
22371
28755
27969
24321
27150
24473
23741
24787
25196
25183
24476
25418
21877
20639
23833
23248
32416
23337
25727
25607
25437
21043
26602
24564
42374
28003
24837
23851
32423
29768
28319
26161
26314
28090
26865
21409
28004
25890
21864
21516
23547
29408
21701
24097
24594
23140
28979
25911
22075
25860
26178
27946
21767
24101
24587
27020
20508
26539
19246
27850
21952
27510
32532
20541
25421
24986
30108
22384
21929
26151
21198
24215
27574
20954
21876
26435
27056
23750
25362
28411
21606
25499
22885
24585
78160
21248
30611
26177
24981
23538
21448
26903
25396
29061
32538
30337
20313
20437
25244
22768
27430
24559
25592
27085
23688
20422
23581
27514
27090
26843
27567
21253
29157
59416
61562
56712
69636
24894
30636
33472
28891
28226
23177
29180
24552
21472
29945
27987
24562
21987
27058
33455
21937
24506
22455
21382
25621
22899
21760
25621
28050
28369
23383
30107
35613
32937
24878
26547
25680
26504
22091
23501
21424
23729
23490
30003
26543
26914
23729
21577
25538
28787
22125
23285
27607
25209
26060
25053
22438
27122
23869
24990
31122
25952
21170
24633
27675
26907
19876
20940
26824
24483
22309
28629
32797
24654
28781
27251
41408
43360
27674
30963
26055
28872
32543
25311
28067
28249
25191
24218
27327
25359
29230
20887
24267
22973
26931
27062
24526
27579
26507
21824
24104
29108
22094
24558
23964
26646
23434
34401
25464
22099
30333
36157
27745
32449
29850
26379
22567
35156239
