153940
97062
111042
130945
109126
125408
123674
93270
79517
98585
94094
96596
108531
99594
92231
99683
103260
78095
105397
125649
93255
113231
116483
141107
83667
146057
121040
98918
89869
81317
100453
129014
114115
133253
113533
86147
94450
139094
110703
88573
98446
123659
153683
99210
100552
91793
90778
107449
124719
90919
101222
96919
118775
106982
118062
127528
115596
102889
89764
78454
98485
95923
110239
97672
119168
114831
113263
111919
102567
115213
128963
109560
104191
109822
104108
124419
119689
115589
126578
108241
97244
97514
94598
102165
80334
87169
88045
114024
88564
105009
110902
92669
74528
95254
121255
106801
117701
98670
84719
96501
136460
104433
110007
86830
128569
93080
104265
89177
115505
125514
105736
93600
118883
125696
101810
106944
111325
104433
95906
120534
87696
105516
101773
92023
108902
111742
99496
94044
119103
121367
109688
114291
117737
139769
89201
108360
131989
112458
100479
118883
126771
71981
108502
116676
122687
120264
94530
97009
108996
85869
117782
94505
91899
105658
105320
83627
103602
104892
97446
108657
113559
110297
105605
91991
101407
110531
96896
109365
110022
92590
104911
94459
91524
102863
93062
104271
99919
94776
108656
128874
101077
102744
126368
103169
127310
90989
105517
115110
104369
100792
99296
116222
90935
104894
84392
119764
87858
144387
119891
102741
114184
110436
116672
118605
113052
102735
112635
108808
133151
86534
90539
107364
120768
103409
123157
112208
121313
124026
119319
123017
102118
108373
117290
85841
116185
140084
92313
115674
109382
116366
119323
102452
110324
105499
120270
110120
113834
108690
75253
102335
98452
86748
103582
91173
114303
95365
117777
101646
104930
97152
93223
93252
104010
118287
108155
83135
130951
110461
157490
110349
113707
133531
106281
106494
112310
106242
104828
109676
135518
88644
110838
103804
89526
121980
117428
77409
116472
122299
88660
111199
91771
95909
114152
95411
108763
93621
90634
98795
100665
118697
97707
119959
95058
110364
108444
90485
100137
98929
107739
110310
96666
107778
116330
97264
107718
151941
100364
123006
96547
91953
120717
95679
79790
92531
91579
78007
58793
82036
60633
45411
33958021
