108628
85256
136179
99661
117240
106403
128168
101915
112718
101284
122006
96056
125406
112708
160693
93908
115485
124626
104286
131381
96816
99508
118934
124225
118742
133151
128244
97728
118127
102149
103679
106783
89404
131998
105018
102353
114353
107080
99867
106432
133084
81138
96517
119948
127290
102251
114134
117165
90073
102365
109096
121435
107948
107820
101963
119509
101191
117877
101233
95511
115162
81097
110814
117091
114010
88210
110924
103940
115990
92805
117717
142198
100516
87970
123347
90532
125175
131909
120621
103179
94800
78955
137545
134864
104028
101346
98275
127252
118199
120576
104222
110921
88229
111493
101621
112303
119055
102375
101113
122340
116827
85399
113530
99350
123753
112847
102856
112965
93716
107395
112494
136010
106541
109902
96597
122393
87040
97063
109157
92858
99296
109978
102247
102679
103154
107234
115498
77278
104456
90433
66913
102761
117684
126836
70435
95394
89327
118382
97165
127605
96173
112181
142518
130241
74843
103515
92061
133129
84309
116115
115181
121124
137544
106169
87437
109517
82045
86742
96885
99147
127563
86068
109639
120736
109576
102019
106713
102266
106950
99354
110798
107274
137403
137601
90328
90631
132144
121041
118153
98482
107418
102869
95238
88421
92409
102962
111886
146603
91198
130870
130366
108781
106606
116799
153757
96639
93192
104487
91329
92904
98195
119479
114236
101800
115767
104232
86696
105610
114996
76392
104635
97113
133214
113145
107866
107189
99790
138347
95259
120600
108817
117413
115739
91065
93444
118150
103916
89455
96455
106969
119623
96603
121971
126444
95117
80779
95523
110949
117613
103550
112189
104060
101298
114317
79732
93776
102936
119630
120276
102280
88156
92335
105675
102020
124084
105899
108646
101367
97272
145086
104340
89935
99973
122675
103446
116824
130017
93855
109515
96085
96618
107947
107298
92778
106455
99185
101636
116758
98106
113461
105193
100636
129428
126584
86188
107925
135116
103470
99403
100032
130950
109989
100488
85900
91544
86562
97675
98156
148661
114375
102190
104941
102033
86390
111587
129459
100843
84053
94049
91787
122329
98042
94020
86171
53210
53854
52419
50923
45597
49173
34072104
