75483
55278
59008
60282
54356
59442
67068
60254
53140
65052
60759
57093
62036
71206
60883
60640
69450
65900
58233
68167
61683
71841
84390
58217
72329
60666
90651
78083
56455
55349
61900
66860
53999
54578
65243
56215
67889
60418
62321
58215
58886
66647
64744
55790
78165
62498
55995
59689
57457
62256
68268
61758
64424
67339
56604
62116
56472
59955
64870
62941
57557
65366
63088
64513
64789
63978
60821
60197
88427
69952
53766
68958
61314
62085
61286
58701
59400
61660
63454
57401
57347
66708
64921
71057
54032
73555
65671
61145
65548
61414
57171
63951
72401
63829
72275
60054
60514
56931
60004
67184
65957
53385
56958
74275
67661
55183
63761
60921
63423
56185
55843
63337
67241
52612
53955
62976
64327
56087
66291
66757
72339
76576
54656
70623
54609
81199
79684
73628
61502
69900
54956
57244
65775
67745
59832
70470
57299
68672
53155
68804
58143
70887
74542
69899
64062
55713
75888
67672
54953
54005
59637
67249
58453
59273
61735
64746
61837
66319
63479
57582
57081
63479
70563
63486
65502
62501
55802
63985
71413
55384
73617
55855
50006
76943
52926
56933
57483
51542
62591
58571
63868
61709
68443
60128
66534
51899
64599
68056
62067
59359
53933
49258
64986
70070
61801
63464
56738
60167
63887
56286
65499
69000
55120
50834
70129
51734
63981
67393
57066
70172
58682
51231
54847
64894
67562
55932
58303
49305
65271
51186
56533
73213
57990
56022
69025
63358
56720
65986
67847
56770
65761
60086
60833
62817
74310
52560
59421
67620
57016
59060
69933
75906
61727
57413
51153
65592
59671
63238
56528
65133
56285
64372
66101
75564
50865
70628
64072
56800
82107
75506
60513
59445
62920
67368
62427
71165
55072
58622
72764
53765
81476
65969
52559
70757
51222
62545
80974
60582
61602
53217
63929
59340
60994
61784
65193
59189
60525
60172
68994
71107
73145
77097
64532
56429
63078
61636
59068
71659
76043
60222
66244
59421
68768
55517
46967
58002
57830
61502
54740
62466
63955
61084
65214
61902
58571
62070
63995
67198
72005
60675
62103
59725
60943
64853
63028
63165
62676
57129
60489
62691
74703
64190
80099
58025
70553
59562
54909
62489
55720
60628
64185
58111
61211
60848
61201
55395
64549
54050
60074
64024
60904
58614
66848
69976
64949
70398
67599
61564
56123
59582
61271
76397
68065
55357
66996
78325
61304
56871
50621
64927
57057
69090
49357
62565
58323
61447
70277
64518
64038
63013
66164
56677
55928
66094
53416
60929
69403
59167
70017
62706
68344
66269
60936
63392
57255
49281
60637
58333
54039
57793
61185
55481
76214
61951
58872
67407
74424
60424
53072
71384
64905
52843
66194
63370
59167
68528
80079
66394
58438
60455
62137
78151
80789
57154
63690
55486
71184
57615
65303
62086
66937
53026
54387
60772
62022
51957
82302
59053
59695
55315
66281
61970
64262
55961
56962
59792
61417
76292
58902
62863
57776
67419
60165
64507
57460
59872
57114
54816
77818
64662
56224
68632
68365
66410
58123
65728
60069
68008
62270
66623
55515
59717
58915
57991
65122
62230
69989
67987
50493
59934
70658
70102
54189
59479
61881
60839
60127
81760
64344
62469
67693
69198
60465
60762
62529
57967
51114
64570
68332
51756
64225
65673
58337
78089
64131
66464
77077
68124
69865
64830
54440
71371
66286
58683
69177
66791
55971
69757
53237
60454
67941
57227
76555
64186
64828
54828
61287
58121
53503
56640
77774
59790
58536
68433
59850
61714
60450
65273
59231
53369
60771
56403
57221
52713
60450
57686
73693
62861
60636
60475
65891
61189
57611
62922
56757
62360
62279
53092
65766
66715
44660
62198
68120
51725
59582
59267
61281
66741
60483
68335
67914
69981
57551
65109
62866
64778
47039
59167
70055
61521
66451
57955
55951
69973
58675
56219
64192
66437
59513
65634
55924
63518
71067
61996
62192
57844
67506
59192
55816
72057
64971
68552
57463
65106
60914
60730
55120
59404
56512
57968
50292
65649
61417
61685
71296
59969
62463
56596
62880
54309
56385
58210
54039
69026
62195
63710
57193
54626
56556
67041
64856
61099
58198
76915
51367
66660
58804
59639
58995
49531
40036089
