66674
62668
63487
70054
57708
62565
55211
53610
57524
56377
63180
53370
70675
58287
58662
61607
63087
55229
57958
66581
61152
54347
51275
68733
65252
60312
64762
64922
69916
60304
62212
58020
62206
51371
56833
60718
66116
58413
72296
58974
65185
64977
58434
58085
55573
72621
65195
64114
68010
53517
67320
64027
58384
65338
67938
65563
63115
73355
59581
59816
62465
54933
65267
55553
68547
62897
61107
63478
64665
58715
52510
69926
71002
61728
58690
54540
68671
61174
72409
55141
61481
67958
51399
50615
59008
72070
71580
51504
55334
53949
65086
66455
65492
58691
63314
72704
59796
61058
72109
60207
63045
62194
55320
66880
58061
74004
58147
59689
60831
59899
57831
57689
63962
60732
65420
63485
59879
58088
59545
61533
62475
57632
64294
70086
63979
62687
63154
58896
60109
59251
65314
63733
58274
63108
58558
71485
66836
59804
73416
68526
60069
55600
59674
64724
56451
60539
65968
65466
59144
64228
59482
63005
71510
50883
72847
53224
67303
65507
60235
65437
70121
63936
60242
54838
68009
55234
63877
55998
59512
58000
56134
54910
62734
56871
65524
58660
61835
67370
65952
61026
84603
79341
61703
62279
49878
66082
79544
62207
63840
71222
55480
54179
69678
56852
64567
59151
64420
68974
67689
63439
66038
58357
65095
72749
57308
63845
64594
65102
57507
67468
58519
56836
52941
55222
54255
51998
62339
56940
57829
63548
59611
59548
83707
71667
54758
67433
65700
69236
49732
57725
64280
56735
72948
68977
66504
57732
60087
74239
64310
62650
59175
49992
57975
55992
68263
58335
66610
64680
63480
63011
67987
55439
70020
63354
65431
58598
55293
57452
61423
53295
62368
66178
71951
54284
60166
73915
69542
57919
62885
56550
68128
62592
55700
61961
62901
66201
72373
61457
61733
58808
57290
57339
64286
54078
66553
53831
56885
59472
83746
58022
77970
56322
61808
56788
64380
60033
65761
67359
52828
65036
59438
58603
59155
47956
64224
71259
59807
64214
60536
58273
71387
61087
68352
56080
65694
62207
61820
61760
75709
58674
53824
68539
65618
59664
57872
58343
67170
59777
64014
58658
63863
57660
61357
61237
65046
67009
66651
57291
72621
59160
58708
59413
62007
62147
59009
58976
72493
59184
64874
52967
63799
62844
74493
60934
68971
60270
79744
60433
68288
52933
76518
59893
57248
53110
66128
74522
62214
68700
63005
74645
45941
58876
64612
56850
57746
57796
70699
55089
64156
69519
52623
66204
65969
71408
52575
59317
61972
59760
74153
71700
53807
73405
60898
70175
57322
71350
60957
61638
60773
66923
53747
69418
61243
70017
60900
64081
71360
55729
53767
67300
57263
64315
55871
58501
49378
74095
67025
62938
66829
63280
62992
63683
70986
60464
75648
65196
63703
65803
56246
79171
52957
54756
64893
63506
60718
58750
56334
69269
58374
76366
64147
76931
64118
57165
55934
70370
65587
62014
73470
57761
75725
63248
63841
60114
70491
69971
55900
58686
59741
70808
63298
66580
74408
48972
49384
59891
52205
68036
66867
66542
61652
60546
58931
53701
58277
73709
65094
64390
63095
73442
59504
63785
75559
59809
62831
61642
57939
54792
62289
61573
64153
49541
62502
60771
65399
56944
58236
71199
68051
66816
68190
57797
63674
81717
77017
57571
55358
56600
59397
63932
62877
55350
62066
71226
53666
50979
67756
61499
71251
55768
60835
56268
53486
65713
67841
51118
54447
74580
70536
65458
62856
63051
62938
47985
63026
70290
53352
49708
61562
66479
64891
56513
63486
61650
73436
57442
81197
56567
70027
66519
65267
53503
68758
67792
61828
70746
57777
70907
55982
68193
63691
66376
66475
66488
65636
59701
65814
65475
72010
65563
58730
64865
65466
56529
63701
65156
60541
65394
65383
59937
61139
59013
62527
59969
65471
62421
63894
65817
58623
67735
57845
66763
64436
81238
53087
58819
63196
64597
58891
65267
55580
52200
64605
66252
55602
60133
69506
53683
62719
55418
48803
59219
65755
60513
60322
63838
66976
64129
70107
62834
77858
55131
64998
72856
71302
89249
70984
49019
69110
59747
62626
69722
61724
57095
69060
60681
54057
48071
58547
46148
40077455
