141206
110671
108199
113109
127489
96937
88646
87725
89012
99672
117365
124496
114196
92908
131156
97221
120639
93121
116567
101826
111955
136398
95009
136233
115687
92201
124103
123587
105503
95499
93252
111563
105793
96957
112301
103901
107256
95330
134779
141815
121288
129931
91711
129280
96106
113126
128530
116337
128811
104009
95981
127214
115474
98003
102989
104280
112492
119184
100259
101975
102273
95874
108508
120384
112046
141252
108037
97936
113624
88509
109911
109501
89479
112684
108814
116687
110247
103313
133579
106075
86816
103286
97989
97564
130257
96459
80867
102569
103831
92170
105023
100875
115641
118596
111090
97963
100683
110559
108775
110330
114401
117416
101130
112795
92054
131632
105585
84249
97995
126806
135787
111450
87842
129273
101445
111208
125354
100994
129910
82410
107398
108732
112978
108877
101788
123115
105632
141070
103805
91938
111734
93199
111126
96599
116966
92018
100965
101164
94700
104540
132148
101551
117361
105282
92708
116925
128589
126879
74061
110799
110738
132980
94883
103133
97797
91503
100836
133263
82845
93607
113095
131448
112032
108114
122630
115623
107174
106711
100318
108377
73105
93095
105613
123033
75758
104439
111779
96016
114747
106608
114714
93416
130023
125715
111031
105601
128064
115938
95268
115500
118877
106576
123810
106583
104664
109999
94361
120484
130811
77992
94523
110137
100187
102612
118083
110895
127336
126324
113641
112897
114970
124667
117409
100773
122592
84107
111102
118881
117023
108545
116461
115572
109048
112522
125767
131119
145196
99055
84035
97164
102981
92673
94445
102190
103504
141872
105875
85617
113187
117661
92815
123779
92621
123317
96219
110024
119536
114106
99584
112597
108716
88695
94663
108818
112582
104997
123416
103730
115860
90856
111012
79146
84855
121068
93731
94286
102011
105236
109734
79565
94541
100656
108998
108407
104343
85196
93072
110044
110094
99517
144944
110221
95961
109321
82168
135853
93539
110522
90538
153987
100732
115866
121736
110196
121690
107490
112515
121144
102506
100220
111077
126868
111581
95369
96982
85362
83085
106980
103348
96257
99185
81744
60368
61002
65262
62190
54731
54333
48541
60253
34214207
