165896
134923
133672
135696
118808
113581
101544
94421
108341
121493
111471
104432
100587
121585
83564
103511
108913
99971
119032
133526
88097
116659
107424
119788
127717
104941
102054
94852
96967
119196
113862
110942
103992
125636
87094
79444
135517
103645
108275
102266
111034
89686
100397
122423
97212
87181
107779
103069
115345
105741
120242
124072
112665
128436
78752
96280
115112
111928
110342
109857
124087
108831
109475
101834
125099
95349
112380
87525
118874
118968
95686
131363
112232
106067
107351
136542
116031
97573
95153
89218
95901
115526
99638
106600
107827
100943
104703
101230
120054
103644
141661
104021
106204
89627
139711
85680
104548
112362
109724
103988
111993
80518
124057
119235
97123
114988
117616
122085
94095
113908
85508
111579
91944
112054
116290
113175
104382
96822
87616
106820
136183
90570
95565
102491
121210
100000
110948
101080
126849
104326
95221
117278
115035
113681
131496
135020
98130
98609
99389
101218
113318
103284
89259
115706
128023
89692
111988
93864
107179
96019
97281
107644
108749
106162
130177
105578
116298
117252
103238
98099
102194
103785
103408
128685
94651
102112
120256
89779
100443
119700
99360
114296
97349
105872
119876
98418
103631
98139
104499
100483
100386
108272
122135
93307
96647
119797
101588
106150
87416
119981
109957
115857
112831
107860
104177
97212
101425
109471
78616
91962
86755
105285
95494
134302
110093
135169
101348
90252
91919
98620
112891
102521
93400
98914
118054
118596
102484
115560
125213
90056
109133
112864
98801
87946
101722
97661
103269
107443
104910
109793
116773
116887
102953
92127
120231
86213
120590
119130
113019
114624
108417
96291
111912
117756
117139
105670
117860
105402
115941
111072
102835
102038
104866
102728
141790
103929
85430
106210
118683
110017
92442
129581
106412
109888
105869
109024
108155
112724
96538
109937
125452
132632
96025
97139
106488
88599
106146
105453
121715
113752
96380
117982
109097
110886
82816
115774
101702
87693
119284
86354
129783
114971
78007
113267
84931
95181
116843
94831
111080
82234
116897
95452
112056
99835
100183
90781
107158
104081
103981
107619
112048
118007
129927
80044
117584
109623
102889
118440
109668
132793
34442152
