64259
54469
60514
58611
56600
55023
61751
75443
64825
54216
62818
61325
56175
60302
55903
69905
67069
53294
57646
69203
59998
64483
62016
68139
54037
66118
72464
64622
62135
72344
72620
60989
66703
79730
76022
70586
56322
56289
64672
51420
61858
55224
61234
69187
59697
53385
69947
62200
62717
63584
54991
60186
60228
59187
65866
66122
60943
73489
60786
55154
67058
71554
57427
52310
61067
67033
60845
65263
63825
60861
65663
51274
62803
60685
71374
58611
56135
66502
53537
54222
70615
79699
56040
54898
67094
59156
68782
67487
62150
56758
55510
62849
56807
69660
60745
64450
70494
67585
63828
52573
69316
63507
60588
64976
64098
55374
61901
53524
59557
61457
62580
75467
61663
67543
58172
63946
65849
62483
68297
62806
55907
61004
54642
65600
56246
59274
68417
59131
53030
53139
60146
60958
63980
55465
56487
65171
57979
76469
58264
55298
64809
56721
54587
73047
53506
62657
56987
64336
53044
58951
61851
53238
84045
63735
58190
63922
54692
67904
58823
60484
51936
49461
67648
66673
68239
69754
66132
53843
60000
51104
59954
60083
63034
62402
52398
63040
57544
65529
62215
67155
56651
67543
68380
63460
55324
55921
57139
52631
63529
63628
67391
63955
56607
54876
55953
60909
57174
57592
58179
69251
72088
62741
53600
59569
64255
56749
59432
63215
66007
64805
59332
62672
55814
67966
62126
65716
67672
50433
56129
67455
71513
55044
71032
63125
67590
66878
56503
78684
71767
67386
61607
55120
55002
58453
59713
59591
58651
65580
57906
75393
61211
69071
59154
69447
54480
56369
61230
65798
58888
69635
57795
65341
60826
53056
72710
60450
70414
63013
67314
60101
71353
65216
69437
63997
61791
67181
55450
63607
56484
65683
60989
75220
66546
66121
51276
65523
62512
61909
66752
66172
53905
75158
67356
59817
65988
54534
57551
58649
62590
62651
66020
69446
64566
68784
75075
65277
53883
58496
60304
58874
65267
59212
60595
67446
83048
53922
69702
69443
63525
62271
72129
58645
55429
71588
60001
65816
64313
60429
54435
61533
59498
60120
62931
53198
54322
54461
70700
55693
57122
58033
63455
53148
71288
57724
67326
65108
57542
66711
51735
66683
57881
61737
56174
50386
58378
58280
64792
62029
59672
76457
58744
59222
60054
69588
67238
51244
76951
55907
54424
68190
56596
50819
62120
70703
62507
58550
55027
54681
59301
58302
55088
61633
56819
70038
55991
64663
61660
67528
58333
53811
89388
58711
66197
60036
63861
73892
59674
64951
51154
63910
72161
62555
61247
61757
62445
72315
55862
58255
59529
69191
61377
72388
51305
89573
61924
56130
63152
68406
63928
74768
58932
62891
66525
60634
54046
61061
62554
60414
58624
61784
63649
70845
62326
64969
57861
67852
69125
58704
66123
58659
61607
55648
65386
56112
68583
55489
59802
57461
55304
58536
54879
61008
57544
64381
71556
57597
59416
59920
56692
57911
63804
60815
62586
60092
60789
65726
59608
77600
52352
61991
72922
53579
63056
68185
49249
62996
61683
59883
58255
47594
64623
53075
67994
66579
60276
63932
60956
57350
63967
50087
57844
62904
92539
66238
59567
57023
52310
59631
64491
54885
54341
66554
58117
61815
58143
91936
49082
55037
52023
70349
55452
66189
73755
58285
61652
62571
63441
67384
62283
63635
53531
49073
59514
56478
58395
55146
56070
69340
58852
69363
60260
59097
77992
60641
62595
72321
61646
61193
58593
56479
62099
65660
54955
67607
67777
62293
66395
63195
57333
66012
68231
63080
61765
68793
60952
54891
54027
59648
69910
53978
77043
54805
81308
59782
75045
71088
71930
47174
57832
65029
70865
57127
56239
62719
66305
76365
67684
54988
58983
55290
61312
56529
66172
63657
58528
66014
59261
58977
68313
58692
50338
65650
57262
64337
65741
52141
55458
53173
61668
59881
57857
65678
57559
60470
64857
57660
63249
50115
61062
69516
59909
71859
65374
61028
70934
58066
62826
63901
57743
77599
65529
62628
69904
52040
71366
60395
64299
68751
57609
74233
65569
58789
61812
69305
59710
61812
78578
75266
70602
65628
82656
56484
53165
46530
64338
58055
49717
69350
60856
57062
39810293
