124547
141424
113019
82079
121601
105565
98412
106897
101763
92941
101566
93238
82571
92011
103660
100109
140782
88222
84230
78537
97726
123547
123747
118409
70432
98797
93977
95348
104798
121421
113091
100652
117913
100656
115307
107363
96621
106988
100382
123306
102970
156719
95182
105613
115418
127429
87374
112937
90015
121142
119489
108214
87597
98042
122815
103061
128294
105686
100044
119951
93102
88512
122500
112042
100087
113232
98959
106251
130084
106690
108120
118187
88137
113133
121546
94509
83905
80863
92734
104063
128253
91311
92678
83198
119339
94260
91007
117207
99457
85208
131329
109058
120694
113556
115586
107694
110854
94554
78731
116625
89291
91808
86729
118423
117101
99264
73358
98134
118862
98275
96242
129517
112142
123422
110433
112477
94607
93703
101996
94920
123014
101261
117210
95085
119693
96825
98235
132475
114984
126094
84715
99492
100606
102751
102188
106668
106585
101304
100347
120337
96800
117548
92977
103440
118879
114392
108322
123297
97316
123174
103681
105747
98210
86670
147975
97791
84051
119381
102256
98234
97377
91544
85466
92493
116382
74776
104001
96571
135092
94930
122969
113775
102863
112946
118833
123842
108342
116889
95193
98699
122735
95545
87857
110717
112782
110735
100412
106627
113168
107467
95149
109318
119173
108282
103386
96575
82772
128186
89843
94919
88574
90675
117827
92146
110455
102806
127811
94716
103622
103546
97549
112810
92661
119920
121334
120096
101693
93104
114846
105291
94409
140432
100384
82384
94151
121578
110677
121075
134171
88108
88811
134122
93478
117973
113138
134522
112264
116801
118807
119673
103553
93814
122173
97562
104867
108518
94044
120365
114236
91313
84900
98230
103576
119290
88808
121087
110972
98292
97292
97028
138035
87936
99163
89485
115360
82846
92857
117163
87677
124848
93656
102473
100499
121529
88147
131256
105306
97164
127678
90559
104327
82404
111041
96551
98524
123364
105448
89214
103525
108976
114150
85533
84968
99389
111056
113660
95032
135530
103815
99860
101982
117370
109090
96882
74457
104958
99517
98707
112653
125113
101137
130249
116620
111489
111948
101874
92570
95290
110459
101052
33810028
