117509
136996
79264
106996
102309
126763
112725
94624
117558
110127
116902
112700
116992
119743
95802
97321
111224
91248
94097
118620
115765
113062
102291
88843
136416
112663
102044
99438
98800
121350
124584
94500
111278
104049
115682
95086
114720
99549
97944
103171
94064
114856
104004
108847
134264
99181
142332
132304
116673
92605
116303
99587
97876
111536
94874
91895
85285
82956
125988
113866
102852
107895
104523
145295
76976
118997
126666
106936
102109
102336
116136
102325
110678
112456
111547
97181
112875
97515
114127
106421
97587
90305
97221
111818
92521
101573
93365
90220
109023
110818
104066
74598
122170
90167
123356
109314
115646
95769
86819
91255
106466
98249
119707
132023
127699
96699
109359
91006
119460
108216
127423
119423
68808
110477
93376
132309
85379
132606
84604
83365
84624
95023
108671
98265
102638
98229
127449
113790
136558
115345
128461
120913
91209
87818
122907
103331
122505
97048
125736
129129
120819
106489
104173
128992
105651
74484
107659
125869
122724
97841
106276
116685
89684
96698
104924
118978
101397
129769
126389
114271
111871
99221
108615
116104
93603
112531
108667
94334
105637
111982
125511
112840
95637
95353
70229
109662
132264
130362
128648
99702
107816
113768
113233
103664
103258
94543
102889
112537
119685
103867
95604
110696
131170
108096
128107
107933
94512
103648
109710
119019
108894
95186
70307
100793
99314
102565
126692
116761
95282
103993
116673
102668
94678
113735
98343
108009
117142
97679
95754
114867
101793
96809
100441
114417
118721
93619
98750
89305
98159
105547
115072
91040
108315
120028
110811
117062
102726
123396
95278
136791
98210
118237
119172
115595
98833
156886
98164
103928
105674
110426
116249
82688
88139
113662
92262
112036
113410
102354
109503
126028
111825
84844
115083
102108
99813
102056
88784
108200
110879
123878
77693
123223
90752
105792
98240
85118
120489
117191
120384
100307
107640
103134
106671
99561
125000
101100
95530
98028
103129
107084
88792
119678
138676
112327
134824
106698
100379
94579
102440
98801
107714
106401
98686
96210
124545
109136
87399
104644
99639
98145
115055
99106
107549
73827
78941
94736
55473
52748
64799
55753
34036218
