118073
102160
88296
119124
91153
142540
105499
132097
126553
97220
100470
125648
105398
94900
129686
110553
123581
120562
106844
105265
127085
96878
90564
83076
101798
85479
91022
119678
109150
82315
133342
112831
107633
96222
107282
138532
95988
90649
80979
66886
114807
105405
72626
80094
77539
109831
88183
85431
134800
93323
123947
81309
103220
86329
106420
106293
92227
113593
98119
106307
125593
136408
99499
112732
81496
87837
109637
104018
98860
88337
116380
112947
90963
124673
116040
110641
93593
96269
96283
96450
83666
91474
102467
98356
123481
98633
109958
104701
125903
109611
94970
119466
118383
95622
110698
93352
112725
116673
81442
86884
109843
110693
116752
96761
93776
99899
102914
114558
102401
102622
119724
122654
100948
88521
104371
135575
103006
100216
115741
99849
125867
110854
105985
119223
109674
99597
106658
94699
117665
114124
94083
97776
112106
152090
95670
95447
108726
125111
118289
100033
88885
97698
122357
106382
82761
121734
102331
122487
128784
91429
94985
112620
100431
108523
115697
78950
104713
96924
102978
91631
114005
85205
110172
106998
87212
120588
140913
106067
91744
93429
91448
91235
96860
93723
107411
97128
103003
116553
97331
116251
136267
106304
113816
115943
82333
94556
79996
89450
127396
107154
79563
137340
89773
114633
89507
89024
105486
94364
111221
107084
117769
104928
114665
117986
109776
93838
103394
109842
84470
108660
88123
109549
120287
121955
98297
99914
94511
93393
93869
82775
116789
107669
91371
87941
129294
103700
95012
114100
92944
109151
113502
89493
95653
111478
98097
95295
92286
109545
88202
109257
83765
98417
99354
116679
104154
123723
97656
118537
115791
99665
102507
124984
107558
106005
84731
111576
120603
110570
100630
123619
123037
99155
117366
110692
94979
100164
84991
97494
100018
118465
93459
90319
87643
98069
126972
102990
107682
154758
72799
84923
80452
117958
107297
113547
112132
79191
121689
110283
135968
107806
93496
96148
74652
140065
110133
97051
102646
127036
108053
98667
82432
107044
107370
100133
86822
90282
119725
120088
121787
123617
91507
102599
129747
112641
107916
112279
90981
90895
84878
134159
33561673
