59075
71144
56173
61553
57478
60016
56839
63025
55831
58854
59644
65090
59523
56433
75313
57191
60922
65564
66083
66438
68156
57214
64545
67739
58495
61883
55268
75747
66192
57154
58796
64253
50942
54339
58928
60503
61449
63675
59351
66489
64583
55599
56591
55103
88278
61127
62657
57607
66814
72894
57469
52942
66597
56056
63991
73791
57407
59792
61790
60716
65812
62540
60699
64296
63613
68546
55093
86957
59208
89183
57675
60710
61527
51281
68617
62172
70182
61967
66376
59754
60471
66884
61020
56777
70527
59023
62597
61678
57821
55585
65775
63441
71399
70422
67034
56195
59621
56956
65125
57102
68126
58946
56063
63071
68202
70061
65787
67725
58166
69098
57568
68833
52069
68950
68520
65275
81373
60282
58893
61795
62930
66900
57214
78122
60077
70619
58557
63692
73555
66600
60108
63094
57603
59817
60620
62190
60458
57722
62083
62783
55390
59205
57275
64573
65037
58635
58126
51106
65187
64614
64406
71272
56907
73287
70138
80899
49106
53990
65778
64527
57313
59618
67891
62094
67806
77964
51003
55721
69869
58433
53717
64168
66421
62175
64050
64106
62595
62848
63682
58465
65763
56001
66569
62778
69778
67892
68312
54674
56671
75622
60769
64424
51795
62899
55222
54995
56124
62811
54934
58132
56411
56993
69640
56585
66905
68751
55867
60202
59306
60833
66393
61373
57664
64935
64073
62013
72950
55895
68854
54202
65466
65065
62069
69442
71678
72299
78534
71336
57660
57285
68283
56773
56944
57747
59785
64720
66194
58499
72189
60827
74289
59838
61416
73813
68766
67298
54983
61776
58700
63405
62493
59110
72139
78711
63909
52635
58942
63750
55738
70758
61895
61083
59667
55110
59882
67084
61413
66423
66591
65718
64286
62178
52057
59388
66570
53421
66418
56376
59758
69468
55933
63800
51916
58869
59133
63379
72090
76397
60215
72454
58971
64127
63697
55737
74550
68980
57946
59520
68609
57641
77746
60288
69151
62711
61498
65004
47251
69206
69666
69752
62802
65953
61063
51332
60286
57548
56501
61526
56289
66833
64695
57723
61948
66837
59493
62249
64414
63964
61795
55151
56211
59329
61688
69737
76730
56935
71835
57337
58261
69531
62234
64062
50088
63418
54244
58603
65538
57073
54908
67946
67549
56303
62369
60403
66092
58725
61912
62152
56013
64661
71567
74734
63265
64278
57755
58750
54894
56976
54477
55921
66879
61722
64382
76313
54589
57731
68185
64790
60544
61878
54315
60721
70924
59081
72090
55386
78240
59048
71010
58827
73133
61285
65629
63814
55956
72240
59343
58352
65972
56479
60628
67417
51733
56627
78502
81201
55896
67796
67556
53922
71341
57746
66980
63551
72146
60968
60165
57100
67004
56285
61050
57016
64006
49992
63805
55250
62405
50058
60738
48114
64499
56818
60915
61860
61636
57200
73619
58685
67208
68187
58880
52481
62599
62840
63759
55191
62834
73115
52135
68258
68281
62852
49200
67467
58186
61487
64059
73309
56328
70311
62888
70393
61118
66007
58391
62815
75584
66656
56353
72824
55430
50506
60969
61282
63876
76603
51498
63256
69885
65521
60693
70222
67496
73182
61440
69024
71935
50438
64913
62290
60802
81391
54315
73248
66754
63427
65349
58935
67949
67130
54086
59149
74554
62808
58153
55074
61200
62131
56145
68527
62756
51902
66939
74758
59326
70968
57298
59674
70577
48182
64007
63328
61485
62241
67445
61855
56054
66021
63562
54430
56681
60861
57683
67299
58363
58876
65787
61007
63307
59043
53697
60268
84387
66479
59171
55408
73868
72682
58894
64314
67791
53003
62128
48368
74491
63331
64248
72826
65557
51727
64476
64385
74881
59722
53439
56174
70679
57866
79540
63580
63720
63053
64828
63712
54921
73542
53016
65688
69878
71992
61732
54463
60032
66181
52683
61849
55591
55089
56006
69563
64969
71737
57881
59089
57415
61492
60479
46582
60257
52250
62247
59096
64174
69054
61892
63915
69970
55531
55824
58561
54299
63621
67213
59968
64570
56712
66940
61628
60139
58030
54000
57683
65473
69813
64804
53522
57571
62811
61206
68238
58020
67258
57257
72237
60037
58538
59477
48942
56245
41566
40036456
