52451
53505
44633
47476
46611
49891
47099
47082
51393
46623
53192
50220
52129
47736
42109
49317
52967
42527
49304
53213
54278
43775
53041
56061
55564
50338
49932
50835
55207
48383
54907
53992
47736
46003
46102
47290
46089
51674
55016
47927
46648
52972
60615
58039
48798
45147
44470
58668
53058
44161
55769
46992
52951
57901
50098
53219
47968
48873
57455
46323
49095
52841
50981
50422
53088
52810
49702
48111
48177
49008
53964
51323
55544
48114
45143
51221
42641
49573
45268
52656
53674
43116
49610
43737
50903
48541
47254
51857
52113
48571
46520
50014
47662
50988
44749
58262
48930
47919
45658
48087
49032
55717
50449
49237
56172
50997
52045
45706
50781
49929
46524
59901
53149
51314
56758
43856
52566
60810
55985
48835
53448
45548
55340
47799
50041
43898
51230
45710
52854
59732
53863
54595
52586
47130
57808
49733
53533
45650
53914
54826
53496
47295
56258
51290
55581
49459
49082
46683
50486
44422
43779
47475
57703
51011
47986
49309
47613
46011
46232
51970
47590
46626
53458
46977
46872
47694
47629
50568
48596
55946
51574
56624
52126
51960
45782
48549
49172
45751
49107
46734
51034
50698
54694
50291
49639
45824
50071
46805
47870
46103
47196
46038
54605
60632
56793
52606
49545
49012
50251
50367
51036
51536
47422
55328
46629
48932
55748
53907
50350
54767
48112
46255
54407
56661
45948
46496
47555
49363
50364
50410
48250
52800
53166
43807
50439
45561
45508
49567
52821
47741
50274
50467
53740
41357
45292
42341
51042
50243
52933
54103
48385
43953
51445
50668
45547
44980
48439
51788
46247
52064
47108
55087
49619
50674
46739
53934
47630
50232
44699
58672
51408
44187
52205
44625
45600
52894
49312
51750
51636
42896
48364
52828
58263
45767
51103
58530
59961
57703
46933
56991
48136
53979
49303
47381
51420
55283
44791
52349
56531
53676
49862
53450
51395
47354
45309
47402
51908
62210
52718
46301
49395
55770
46027
55773
52201
52672
45685
48619
58497
47945
55353
44445
50715
44202
47173
55785
54587
48497
59491
43883
49104
45605
50795
53081
42931
47988
54535
51742
49840
52893
45677
46887
46887
47341
59668
46950
47913
51897
56309
51423
45851
48270
46346
54830
46298
48968
54599
49515
50313
45914
50508
45077
45517
50835
52102
51870
51925
51593
47584
49599
59331
53048
48712
47344
50729
51721
47851
53206
60336
47798
45752
58238
42719
55602
45901
55113
53625
47251
53871
44666
54629
46907
44457
48040
47923
49095
58784
52117
54454
48642
53189
47517
45924
50914
52018
48725
47784
48370
57287
44785
52508
53010
50525
49721
51845
51953
47349
55135
49484
48723
51171
50226
47733
52736
44889
49886
54847
55794
53554
47599
43707
53998
44704
50218
50549
59203
50482
60935
52464
48089
50785
45800
49411
46757
46412
53564
49485
48226
50223
50634
49307
55547
57979
47377
52003
52449
46097
48211
48318
48707
48007
51844
50544
60509
55888
53420
44476
47501
54717
54074
44139
53639
51016
53875
53387
55475
42257
49841
46169
48800
51832
44232
51773
44777
57554
48041
45379
54967
52431
53058
50388
47260
50879
47911
52815
48100
49327
55460
45771
53534
43650
55771
51986
50264
50628
57231
53477
53296
46638
51968
60681
60349
44406
55646
50144
56402
48551
52427
44849
59635
47623
46298
54341
53010
51063
50839
46662
48777
50200
46073
44891
47669
44868
44567
53340
52209
54120
43975
45439
58998
59164
48848
45736
47464
53633
52429
48496
61481
48801
44069
54587
52808
53177
59488
44276
48821
47543
43772
49932
47693
47837
51167
54673
61242
52095
52069
57759
56331
49198
54202
58862
49139
49634
55558
48640
49207
49392
46945
50294
53322
48928
48315
52098
47045
48046
52942
56625
47860
43691
45964
49706
56932
45109
54472
48872
48975
53038
52873
60111
54680
46575
51156
56028
48401
48487
52613
50723
61060
47071
51206
48334
46654
46575
45573
58519
65865
56838
59402
46553
49830
55628
50349
54036
43398
56051
48552
48174
51869
55680
52690
45264
51892
53753
62400
57547
53484
50943
48398
48684
50352
53998
49804
48706
49203
49505
48068
49376
56741
53133
53949
42682
52036
44344
58729
50166
49858
54792
45774
61284
43802
52506
43685
46932
50513
47717
46878
59900
52713
47343
48327
53274
46014
56928
53501
49315
44227
52472
54663
53369
50452
51538
50160
56114
58621
42900
56142
57074
56919
48409
48308
54498
45451
53254
57671
51623
42509
50842
47238
55575
52833
49344
41882
58952
52016
48228
46607
52254
50631
51728
53884
47186
52702
50826
47194
47670
52804
42440
53104
51521
48134
49048
42733
47843
43576
45522
50305
48996
50295
46937
46259
52096
50619
50558
51527
43233
52440
47332
50249
45164
50942
52937
45919
46892
51221
47071
52758
53960
46508
48115
50113
56029
45760
48355
46785
48262
49266
43985
45006
46379
49603
58280
53330
52929
53033
54764
61955
51970
50955
51507
54506
52656
53578
49601
48396
49528
47681
53899
52944
57596
61901
45724
46073
48829
52441
55327
45354
46015
50253
50872
50600
59917
45818
50635
52737
48606
48194
48339
49340
48754
57684
46279
47731
50224
45221
47990
52812
59198
45024
45446
53372
52512
54302
53245
53492
49955
55427
51470
45810
48064
51341
48989
52088
45239
46152
52936
51258
49626
55099
45142
69485
55486
47444
44055
52388
42277
51624
48515
48628
62133
53948
41396
52984
53291
47384
45876
53334
48277
45832
52080
45682
47404
57350
44184
48024
47636
50272
53258
55687
54295
47372
52224
48299
43027
54937
57788
49788
50991
45121
48165
48762
52729
48781
46967
55881
43854
48918
50984
53764
48470
50675
48735
51845
51027
51801
49725
48183
49477
49645
45474
46527
45181
49818
50566
47434
56769
50466
48606
52405
54104
46713
46238
50780
47860
49197
46409
47984
58916
46375
50396
53351
50347
46904
49964
50914
61452
47878
46525
54887
53835
51232
52306
53101
46553
48358
57801
47436
54477
51635
44979
53932
52846
54095
49583
49162
51791
49049
54190
51623
50619
45518
52002
45311
54653
48529
46670
48565
51698
47449
51284
51892
52503
50639
48755
49521
50735
45598
51231
42989
50627
45557
45998
47504
47735
54443
52801
57446
46321
46970
51436
46408
45971
57229
49513
51552
48303
47530
45756
52932
49977
45227
42483
44964
54704
50332
56689
49298
49610
42525
43238
50388
43666
52408
58980
53009
53887
44702
52579
47887
54383
52960
56059
56752
45535
49094
51953
51794
50467
46042
57961
52956
46579
45431
51996
51347
46797
48750
47921
59328
48905
48041
51425
51396
45077
49446
50472
50426
45740
51368
58057
50153
44349
49690
49333
49331
48017
53847
47847
47777
50095
60887
57620
50984
49321
49216
51924
52197
56590
58477
45062
55317
52180
49829
46370
61272
49304
50015
52169
55312
50307
46429
47093
46334
50047
53129
47497
47328
52219
49156
50742
44619
52679
51641
53521
51710
49844
51506
57079
52636
45284
53385
50463
44216
53350
49758
49896
56641
43409
44988
43913
47720
50233
49729
51589
50737
48919
46672
47994
55662
47235
51973
49346
51883
52276
50399
51282
52076
45091
49676
46128
45489
47494
46516
47207
50901
53840
60874
51166
52161
54181
57824
60055
49705
48240
48518
45454
55570
56045
50157
48800
48847
52493
55149
48676
44977
53685
52963
54097
47769
47581
52269
53818
51860
48735
50900
50589
49613
45223
48255
48658
45229
44052
48895
48843
51862
49992
55725
46998
46523
48195
51657
51006
60169
50795
50235
47366
44419
45889
57335
53069
52125
53691
63744
53561
45240
48444
43804
56164
54662
51276
42814
45784
46115
52514
44523
49921
57716
52689
51372
44723
46739
46926
50551
53230
45730
54547
50678
48138
50171
50359
47672
44543
44987
52685
48024
48388
45670
45492
50934
50838
47634
51126
45863
50580
47297
47922
45898
56906
58838
46709
44412
53420
53977
50661
43743
47614
42668
43046
50528
48399
53540
47525
49012
47731
57765
46499
54271
48047
50569
53019
51777
52181
46911
58401
44009
54553
53247
49331
51845
52595
49922
46296
50603
55414
49603
48443
59101
50945
50205
60366
54834
54643
54156
46316
47438
44880
47340
50739
48069
57130
60870
55898
60354
50115
47428
55097
46885
52759
50479
50269
56379
55301
53695
43832
55641
45316
56122
55208
53320
58948
51780
64620297
