127622
104890
105593
89754
103888
115960
105072
100365
97371
93102
102985
113926
110713
96801
147992
112502
97270
84859
72188
136920
92233
130797
124085
119196
131005
94066
91116
104753
97196
90942
116229
106377
121642
112176
121673
103020
85926
115598
113401
96254
90153
100809
89191
92524
87180
98628
90304
101084
87862
129085
97938
100202
98630
108612
119263
107805
104064
94479
129868
136050
125341
121258
79645
111389
95827
104380
102702
121340
89988
99630
99683
98667
120817
102782
107525
96400
103832
110475
115416
106725
94354
115705
86861
116566
95535
135152
118019
92153
109020
113992
112478
121879
110855
108501
103662
94381
97253
129115
123176
139239
109451
113287
127044
95813
101845
125011
128418
114904
136298
103663
110039
107056
98190
107253
94608
105357
100428
99908
101589
94585
120207
114879
107086
101805
119618
120783
111761
103742
111114
89553
115474
109842
109471
116087
101907
107507
96850
92480
130412
89677
103651
101160
102423
130675
108056
108850
117434
101430
120703
101758
104046
94300
122296
111870
114839
122887
118740
105892
130651
81218
117231
111012
111403
84183
84021
97920
86865
153045
119630
113180
97981
119660
100472
127080
131947
92068
112944
89915
114218
92690
122412
112864
81889
126256
117526
103913
116130
100364
104180
86149
111255
89007
82805
89752
90177
120645
124588
80990
104580
105506
102500
83829
88848
124452
84959
101015
107530
116033
96383
111048
144449
112112
119409
105410
89818
86657
98549
102549
107458
114394
123839
114755
103354
86783
110311
93894
95323
81332
98287
107771
88079
92842
110082
107340
118931
97468
106853
102162
107227
139079
91096
95322
100459
100760
105264
116759
123701
95848
86223
112359
84896
95171
110575
125454
101538
148529
109642
86472
78375
105563
120826
102756
105969
106159
107202
94393
111130
104689
115028
105448
87527
106208
121706
93424
127215
102974
118361
103008
114631
112531
125144
88793
131297
102681
93649
101493
95135
91355
122928
118454
93392
145693
90715
68204
98615
107774
121165
88670
117685
98319
103826
101217
103511
114001
97819
124516
124787
123575
96465
129902
104874
91206
99369
88548
98954
79339
91298
70150
72105
54609
33948778
