64207
48188
45026
45762
55828
48610
47905
44260
44873
52140
50866
49853
47969
54204
49286
50784
44931
46617
50073
52076
50421
50208
52527
47199
49907
52195
50776
50385
54859
46843
48904
55460
50060
60639
57593
46059
46277
50220
57213
60789
48893
50502
54129
56252
50480
52133
45215
56464
49231
48454
49298
47800
56477
52221
52289
48000
48059
51734
55215
56489
47110
44548
47491
43510
55052
52423
46799
50701
51141
49737
49741
49348
47421
53363
47124
46892
57506
47875
48363
45996
60036
48662
48466
48481
51383
51814
53387
47345
48145
53046
51185
44903
54135
52918
49373
51002
51698
53054
43602
49840
46380
47273
55319
51287
53488
43551
46312
52376
50879
49757
44134
53810
55175
53500
53860
45221
47134
56942
53509
51575
62816
62587
48520
54709
52901
47958
57327
48772
52296
51691
62217
50163
55093
55426
53671
50526
49743
54557
61026
60373
47955
45369
50654
49230
54440
49045
51752
47471
48434
51525
57856
51067
46089
47758
46509
49707
46919
49441
52823
46147
53513
45269
45618
50175
50218
49931
52198
61487
48727
49964
47428
50392
44667
48670
46907
51938
47358
54448
47900
53447
45192
46487
53522
46809
48770
47246
49315
51008
50202
45678
53929
50712
48250
57222
51029
44007
56067
56541
44839
51145
47799
48988
56750
56784
50811
46208
47828
52807
53056
55325
59639
49847
49783
46811
50092
51485
44845
47561
47120
48436
45954
52986
55146
59141
57067
47421
51914
55157
49935
55498
48522
45971
52204
47335
50857
49130
46418
50440
53894
46792
49688
51715
46750
47954
47713
46485
54271
47403
48914
58252
49748
50441
52419
47797
48724
50876
57347
48915
44997
49860
48733
49345
61462
56624
46797
51562
46958
47559
50650
53219
49255
54294
44893
52855
44663
52342
55584
54874
46158
51216
49442
45965
47224
50630
45797
51813
54545
43519
51528
54998
51110
47349
42497
56495
59096
53147
50792
47862
56919
46376
59045
53113
60635
49964
49250
57284
52455
45701
52160
48234
52203
46169
61576
49369
58881
55581
49472
46378
43863
48221
49449
50465
46551
56940
55843
56389
43255
54300
51667
53735
44840
52103
47526
45580
56943
48937
47514
55976
48236
53858
55948
48231
51185
55427
65152
43185
49724
45059
47069
56449
56309
61608
67134
50757
47666
47148
57711
49902
54067
50769
51163
45572
47870
53674
53338
45335
60887
52396
48700
50711
50754
56168
54505
48053
55158
44388
54648
45880
51859
44814
49041
64380
60845
59838
48580
46937
48927
58306
49904
50884
47163
48355
49380
46515
58335
55604
46080
47209
49014
50798
50151
43082
53750
51361
48743
56256
52818
47673
45448
58337
62378
49124
51238
51061
48276
51169
57008
51854
46780
48304
51133
55822
51805
53046
54819
56700
46491
48255
43991
50420
48510
51167
48929
49622
50254
48065
54547
49566
54083
56705
48368
48082
58401
50995
51349
50741
57300
60982
52806
49532
46123
44230
44488
50896
48824
54522
52108
46094
50449
55833
47204
49895
48288
46047
54868
48299
48274
44381
48998
56089
50491
56455
55986
47327
44494
49076
51887
51428
44830
54894
54279
49667
46747
49774
54903
45754
57517
59890
48772
56981
53499
63322
45012
47400
51513
47252
52240
47955
62060
50850
52723
49831
52583
54826
44041
51301
55081
55728
51435
52094
48805
46936
52041
41715
44066
50096
47496
44109
50693
47959
62702
50710
46207
51865
61719
53347
53136
52421
56304
46959
46121
74367
58574
50275
49441
44726
54721
46872
52558
50606
50677
47277
50911
54184
52076
58218
54782
57641
46656
44918
55984
54713
57745
48130
60659
48199
56549
45953
52336
44455
50075
52220
48768
54195
42828
51341
55737
48766
59364
59800
49654
46561
43441
49291
45657
50029
59351
48984
48583
51729
51416
57485
50519
51226
56784
59252
51331
52099
46968
48607
55847
53120
53916
54450
45662
48446
47412
67601
52235
47203
51571
43659
51498
55703
49884
42932
52786
55077
46953
52347
48712
43155
49347
57136
51785
63681
58088
47790
61408
49490
48786
52674
48435
51828
58277
48151
49708
47719
51607
49818
51645
47683
46370
56864
55542
48301
46750
46403
59601
57760
50524
54687
49562
59068
50173
47538
49036
42829
46957
48936
46592
44062
50680
51833
49889
60295
54619
53610
51593
55211
48408
54249
52119
50815
45617
55553
60815
51521
53188
50444
58224
58211
51852
45201
54573
46354
52953
56913
42134
50490
53707
45562
51289
44954
49942
49065
50281
54645
46985
45598
48441
48597
57022
43851
51335
47410
44855
48605
42255
61688
55291
53721
49123
45525
50611
45895
51478
50238
50112
49910
47776
53755
51724
49935
45875
57482
58248
53346
54311
52260
45102
58111
50784
46559
52621
49759
52373
46643
47658
53861
45246
53361
51532
52631
49031
46905
51007
45014
44911
50442
49632
53636
46306
56577
58953
54959
55306
56976
52489
46121
50734
48003
54142
51405
52126
46563
52844
52201
52503
48243
49721
57687
50083
44377
47609
49885
55585
53241
50862
45663
45331
51932
48493
45858
52324
50190
49892
51390
49455
54268
55610
53237
46331
47813
49846
43133
46208
50127
47150
46040
51774
51096
51659
52803
55052
42093
56806
53263
49180
50748
50667
65476
52462
46422
46821
51244
47777
52004
50361
50573
53160
54015
47722
48842
51254
47555
45759
47410
46022
54674
51653
52985
54200
51754
49225
51236
44864
44587
45520
49579
52259
50485
46549
55606
53145
57569
52536
56019
56240
50479
51819
48228
50184
52773
56800
54463
46715
60982
59391
46675
53437
51938
53561
46118
50885
47717
48041
57118
49943
46736
55334
54385
53240
51389
50171
47934
44182
58056
46565
49841
50981
47154
59026
51477
47847
55343
56768
52002
58583
51840
46433
46818
46042
47582
52257
46246
51550
53353
44677
54739
57596
48057
46874
47543
46910
49711
48287
51088
54131
50227
50984
53635
48744
45530
57202
50452
52178
51108
47099
50777
48656
53249
47151
50587
49637
47268
45472
53412
44102
55720
44764
55652
45555
50022
51544
52345
48729
53107
48819
43210
46856
44194
46659
51124
53768
50053
49257
56784
48790
50683
51206
48705
51682
51080
54265
47308
47930
46584
47934
54403
48913
50530
47927
52597
48124
46842
43454
49812
49364
48776
51626
47473
48884
47045
50390
50778
45263
52079
47177
44259
51504
48051
43536
58449
57604
56364
52970
58531
48051
57338
47578
48787
54360
50572
55987
54951
55168
47029
48701
56688
58245
55294
52613
51754
44982
48675
47670
51162
50694
44858
52215
47240
47629
53188
45738
48935
48529
51016
46840
52377
49762
48111
46683
55262
46408
51039
52981
56494
49518
49525
48284
53080
46706
50896
54002
53148
51216
53087
55016
43837
50726
48445
52667
55470
53136
44785
56358
48926
54182
58052
50166
47621
47006
50686
48943
45190
47937
48565
44257
44306
42134
49073
51787
50246
50487
53735
51111
54116
50794
49133
52444
51747
54040
49083
46275
44503
55058
51395
50183
48151
51959
49825
48576
51935
45434
51959
50550
45415
53580
49733
49170
48968
45085
48783
48375
51796
45991
49170
58283
48339
47455
50795
59639
49963
48859
53281
60635
57616
54943
52527
64629
52076
54097
44715
52453
55223
45557
48419
50991
46513
46548
48346
51175
47866
50881
52578
48526
52904
51813
51346
48583
50237
49853
51447
49909
48457
53410
46896
50072
47856
45449
51032
57416
47093
47618
50399
56533
45622
53313
49537
52299
44427
52210
47378
51222
53916
48723
49871
56239
46574
54590
51513
48599
48837
50118
50284
49553
50464
46598
53389
48845
48880
47032
45359
51055
45353
50472
52648
54148
44734
47952
46245
50597
48327
45954
56717
53189
52694
44468
43711
48346
45164
46128
47183
52690
53362
51782
45647
54936
48089
53682
44302
46008
49978
46057
49141
50411
50991
51210
48109
51270
46332
48352
52575
48416
55746
45073
44426
52214
42903
43277
55753
44291
49625
49776
51940
47229
51441
54129
48166
50543
46431
50805
57038
43244
50764
45659
53873
49432
50425
50373
46882
50458
48903
59204
44651
53851
51867
58149
48851
54043
52579
48209
52179
44240
50284
57857
46317
59152
50408
49981
51673
60185
57269
48019
44151
45798
49804
45321
54127
56174
45599
51930
51609
45788
55550
44467
52018
52349
44158
52580
45654
49990
55123
57524
61644
49241
53879
55507
61270
65039245
