136681
116953
107552
115948
96126
109472
88654
101405
115544
112888
105866
98306
95485
122308
115866
94054
115272
124392
122808
97298
104887
103739
131256
102268
105655
94403
102328
96132
103008
150000
115618
116285
89488
126057
97673
128638
126039
112488
115371
107483
103409
75640
128514
134252
91253
80819
113684
92572
112473
126719
109406
103616
97416
115508
121494
99071
94525
97259
123352
136437
99578
129398
74824
103186
133402
115385
116212
85185
111629
137205
120868
93511
136317
116302
128904
86828
106815
95137
97197
93895
109329
117650
84817
98895
86453
105683
102798
88653
108980
91766
111635
100334
116299
101547
94821
105020
112541
132378
102490
98126
99321
111422
88327
96352
108214
113021
111209
86106
137205
81858
89111
123147
99706
105534
114622
97218
101285
94472
98039
101753
109676
128468
130640
119818
114973
107342
97585
94910
129926
94972
106730
122566
89615
116762
108557
117179
106914
100714
96735
95860
146137
142273
99182
105099
97168
124735
103916
111103
101639
110066
133391
95530
98708
110157
77672
92002
107957
82852
107545
122175
106154
110977
88886
105881
95732
92018
106239
73072
106702
98622
108957
112923
113934
121977
92412
92182
85762
103557
133335
98748
106519
97020
103688
124492
108013
96477
90298
104862
94541
102434
100339
84905
103880
105109
85581
99286
97224
130173
108052
104527
86881
104105
128160
108104
119709
110203
80565
87009
99651
122660
113832
99642
102784
100772
119186
87043
106307
126707
129250
141083
77647
121093
96404
106607
93040
75504
115223
121238
89175
104976
94176
86640
117948
102004
94249
100342
99700
111457
107469
101433
128344
92120
109111
106479
101237
99806
139498
84404
115137
122860
133534
97414
100200
108464
102477
88779
112598
87497
143544
113139
109971
134332
119707
118415
101045
99541
120731
94401
113707
115645
138137
94091
128575
95211
107974
95163
92206
108190
101521
95609
109430
110860
109370
94804
116171
98014
100140
100428
106673
96075
118246
105496
102798
122184
111508
86087
101326
94556
102538
97915
111801
102739
106757
104496
100584
118410
128667
128801
87555
91807
110643
132320
137680
105708
100748
102886
86443
87905
94548
95068
34124744
