120023
101468
112980
92486
106228
115635
86095
108748
93056
94622
83892
119123
106527
103770
93201
97767
119657
116922
109782
106903
112142
112481
107441
99244
126743
94658
107498
113807
89297
95845
102667
125987
110574
109614
107871
132003
107759
104363
115131
116455
86410
110248
117778
120750
116246
109318
91088
93922
131230
124092
127160
87802
93596
86251
137325
117170
121551
91792
129151
110460
103960
105846
100725
116707
99497
86352
118355
90744
97798
104587
108286
93550
114096
106220
93788
129780
132475
91708
88989
129735
128952
111909
103084
107701
109900
105010
119567
123092
114931
113066
98661
134578
114676
86347
129134
110156
84430
122444
106205
105057
99788
97587
106617
93514
108942
97388
127363
105651
83753
100028
105678
125898
105272
127381
91059
102276
108526
123364
111298
124122
121939
107391
132705
115747
139142
97292
96545
90571
116419
111652
98858
113502
103909
87392
101178
97848
106047
96622
75101
109745
135834
135710
106001
117779
107478
103432
105461
125500
84545
98544
82989
93999
106923
119468
100292
103647
129418
87950
104533
104234
125108
99081
130640
113904
126952
100203
104456
113469
110533
106740
82822
148698
138047
96809
100242
97972
90584
110461
106941
106658
122459
124995
116066
105807
99266
89412
126153
76249
89455
112033
117690
100003
112139
88816
111546
81312
129218
105485
86180
125818
95681
119529
118347
97354
86991
111605
78554
105410
74556
109848
72150
110256
115908
119518
120072
137302
106558
81728
99788
124517
90301
108729
123368
98463
121315
91352
114245
86718
129160
108819
88849
89010
101519
91073
89901
115124
86670
105653
106016
96078
147086
90352
91056
113162
83619
104187
97428
77494
94830
120142
124308
113678
126681
97362
105782
101092
88446
108193
81534
100509
97604
119251
93517
115304
105460
116685
131398
104662
115724
93382
117612
130982
95308
133694
114198
103765
122994
97911
103998
87164
111079
94507
109735
132511
91625
106093
111808
102080
90485
100882
94229
95365
87515
124764
123181
103677
93115
94198
93229
107407
119908
101938
112140
104410
120522
118835
71693
93150
126095
102497
83591
103913
118225
78115
80084
111121
108478
104405
89796
58507
34045669
