174392
116801
118854
108484
90632
81514
131938
100309
90630
101380
93513
115255
109447
105117
119284
103130
113115
92535
105689
125197
124960
111128
103907
130707
101445
131473
105854
97487
113452
98764
91955
123197
90347
97732
94780
117242
100799
85714
109902
100582
104831
89120
102374
95137
106577
118168
90309
104537
111832
92948
83173
106142
99832
113262
118111
87419
119685
105022
101615
88605
133815
85611
104849
99726
126415
115284
150497
106930
94464
120863
116225
103422
95162
103096
105901
93813
109827
87988
115437
97651
125851
121605
107250
120508
87359
119144
82575
134827
108413
117351
125613
100759
88377
86683
81698
109776
89030
92180
94885
112449
95191
99760
109601
90698
106952
70454
125242
99980
99748
96222
100563
123029
104837
110330
120321
88861
104982
96498
110250
92005
103324
104511
114577
74259
118925
113551
102581
115512
117881
101490
101367
100265
116065
114772
110656
108547
100146
97195
107589
111958
134331
112638
116196
103817
124861
107622
116678
93448
111642
106364
109665
92062
87106
101808
100093
125973
82214
102122
85799
110501
112253
106621
106921
90521
113834
106215
119199
111173
109668
90143
98455
72468
91658
112700
130178
132699
107513
107646
102803
139085
91428
108011
89984
108881
105031
102057
117770
102451
120491
78724
109968
79270
117521
101447
109389
122684
110288
92948
81956
92390
115436
115299
115550
128040
99617
109745
129407
112588
98817
117974
102963
89283
115565
112127
113636
106513
111523
108970
105898
103010
100349
102004
96806
96558
96255
95537
100694
101759
133349
123011
88801
109760
107747
94379
116141
101295
102463
102917
96509
122674
82202
84018
86359
107743
88033
95167
84746
78146
90466
99047
84304
98186
109263
95358
97108
127046
98033
117447
98675
130464
115934
121841
101917
101555
87051
121038
102708
94038
100862
106190
112609
120507
106353
111268
124413
101132
109002
96042
105619
112227
117323
85916
100400
99043
86946
115325
117755
91746
110745
100389
96406
90470
79339
142621
128658
112251
103573
96959
110979
98310
123696
112398
119836
89430
100483
118482
101298
139225
95131
108712
98326
96494
104720
124604
85918
104498
101798
112031
100838
122795
33801681
