62481
55758
66969
69103
61041
55643
57613
65336
62969
60156
60553
58632
61752
59757
60075
60150
61455
55396
62571
62775
64159
67419
62853
61731
79095
56250
73066
57818
57372
65441
55354
66817
82976
64404
64380
56482
66256
59459
62555
69944
61407
58103
53238
60857
61087
51870
56900
52845
52983
60508
71424
69342
58104
59400
52435
57598
58939
67730
70821
51331
71568
48274
63045
66340
57822
65302
71424
50638
72576
55743
66428
61054
56381
57285
53484
54038
70322
60670
55893
63772
75160
59461
71062
59800
67547
60201
66264
63649
61121
53827
55633
63052
62540
62649
60426
66679
57896
54610
46561
73977
51211
64436
56934
66366
58507
72611
59281
63953
63842
74746
54420
78610
58273
54898
60421
54292
59394
51590
60798
58234
59507
59932
56062
69158
75828
68980
55725
60168
73475
53528
74884
63090
75276
57174
56044
60920
51761
59078
73701
68511
62051
69869
64464
57648
58731
59840
56040
56895
57110
67844
52400
71158
56518
81808
50124
61952
62755
63513
56755
67866
69330
60230
61719
61251
58183
65191
61157
65728
61413
65972
58302
57584
61102
71342
55053
69922
71130
56061
56226
64594
61101
69323
56071
64367
64062
65826
58190
57850
63330
63075
69607
59264
66987
66830
64410
62494
59569
56866
53513
60853
56336
65472
72469
67909
63569
59991
69146
65058
61701
60776
53999
63903
63898
52633
53892
59080
63401
66807
63149
54088
57305
63088
63877
59651
66393
60902
66508
50085
59575
67432
62587
78056
48776
69125
68377
63385
74592
56263
54390
65591
60449
55778
61159
60404
64039
72088
56856
65947
54535
61641
51296
58516
67074
56754
63813
58125
72811
50232
62122
54319
65620
55291
68616
54787
67384
74115
53141
70161
57089
58193
66784
52250
67479
63571
66842
69201
67073
49723
70096
50475
81333
58142
59067
65871
56594
50016
61393
62602
53008
60663
60241
75339
75737
62029
62351
60767
51906
64555
65152
71227
64697
61259
59947
58692
63755
53326
49471
57858
52407
62197
59177
59335
56880
62153
58354
60988
68669
61309
55484
60723
57954
59846
64956
58006
62318
56086
64893
53330
52066
63161
64590
81181
55646
73512
66238
64556
55094
57349
63817
54613
54670
61260
70092
62503
58824
57421
56233
63378
62754
51958
71206
64775
67241
69752
55075
62309
65944
58697
50523
77210
57922
62991
60258
57913
64411
56630
65037
67443
59840
54395
65863
53677
58901
66753
55111
61123
62069
53036
71698
60435
56962
71354
53900
81407
70038
64097
61752
61899
81423
56084
54679
70333
74422
57195
56409
74261
56270
68079
57753
62812
58799
58904
51882
61089
51556
56409
58570
48967
67378
61814
75864
55760
73869
67644
64805
56338
61863
54917
57259
51722
64664
63696
63290
59622
77321
63979
54547
65713
62126
58532
72342
58203
60489
58057
66892
64098
69674
67676
64548
55215
67102
57025
62439
82808
68822
74325
69670
62047
51228
60792
67598
54203
65010
58143
59533
68585
57800
51868
53897
55554
67212
62060
61249
67553
65637
57872
60751
51877
48124
66107
52735
60519
64693
68530
67541
63602
64475
60580
60290
58170
52440
69219
66708
61057
78955
62220
63275
73949
63572
49818
62732
62117
58466
59352
54050
68449
55504
81289
66084
65432
59056
72288
59229
58462
69332
73695
64840
50696
63576
53094
74604
59737
72696
56137
59579
59403
62799
63730
55829
56544
72344
58507
50302
53619
72899
69939
57531
63202
65404
60656
62068
62799
59466
76216
60207
78344
54517
69393
60843
80508
51824
67192
51883
53737
69457
69715
63966
64235
65568
47502
52130
57507
74505
73854
55678
66088
63876
71411
52987
68153
69499
64789
59921
61244
59363
58055
54029
54312
69186
61662
67438
66633
66597
52163
62878
63252
77123
59551
53092
63908
66592
52349
60206
60303
78184
73410
58647
71470
58003
57773
59672
68602
57591
59728
65094
57746
54744
70029
60409
71869
58763
67274
57973
77351
51470
82178
50853
70854
66339
58239
57854
51981
68434
65248
52088
68931
60960
59133
63601
55676
58286
57222
58458
55356
64900
57252
58849
51444
63583
69841
54738
87321
71342
57689
65103
56831
52545
63488
57519
63118
39733946
