71749
56247
61090
69583
58772
57729
62016
58540
65741
58956
51754
60852
53751
72049
55907
69304
64183
60159
55711
65010
61409
64299
59101
66147
64153
63540
63481
60058
62328
62326
59035
60451
63003
54986
68463
58892
58692
70988
56760
59871
63974
59893
56533
56641
65369
60574
62294
57032
63317
61764
54722
55348
67107
58998
61731
53569
61779
57815
54391
60195
62489
57668
64009
56867
67803
58191
62267
55798
59654
64541
65043
64496
63854
66613
57890
63713
53637
66641
59030
61748
54273
63836
58355
58397
64254
61312
56581
68746
62419
58791
70118
61354
63105
61659
61837
63167
62670
65911
63440
55138
57468
63233
58763
69266
65750
63600
60506
65412
59798
58869
58698
66759
59117
59149
62646
63154
56579
59947
65846
57440
64102
60185
57380
60883
62091
52126
57160
58257
65808
61931
63349
59170
62266
63591
66418
61428
61148
57509
64971
67778
64309
56781
60938
57960
63960
65079
52807
62413
63759
60154
58786
62367
63137
61637
68747
59840
62573
61413
66353
66294
66979
65549
60399
65134
57728
61356
65419
64816
59857
55417
62273
63609
60472
59117
69307
59332
61671
55219
64533
57114
63050
56886
60383
60657
70596
55873
64172
61611
60379
63773
57984
58075
54966
63810
57360
61593
59002
58542
61119
58252
70049
58362
61441
60585
61363
62601
55378
58411
60020
58557
54579
58566
62833
61692
69347
61788
60261
67217
50482
62566
57552
58636
64071
64776
61191
55641
56236
62109
61515
60104
64040
64633
59208
64790
59819
58079
62621
60933
65330
60572
63151
53767
64478
60036
65566
58940
58171
59954
62714
61272
61129
55360
58224
57598
61310
60604
64000
62575
60985
60101
65126
59448
62421
63086
66630
67188
59992
67889
63500
64972
59355
56871
60465
53260
64046
66233
61416
51034
58593
67855
61008
60441
54148
59349
62872
58422
61594
54731
61972
67407
58608
66133
56047
61663
53322
57944
66209
62378
63541
55545
59553
60773
60232
61831
56744
61023
63585
55699
64524
62542
62646
56155
61805
53820
63725
55578
59501
62675
60589
56966
60460
61241
57127
59208
62178
60341
62321
64764
69187
58202
62568
59392
60412
56106
56859
61215
56942
66029
58394
66695
67061
57912
60168
65981
63318
55765
63677
63287
68080
65698
58810
56139
63402
57687
66139
63725
68259
66772
57391
60501
63368
62651
63345
58392
59693
60225
58409
65240
52881
60877
63324
57477
65601
59914
64522
69017
58050
63074
63729
55059
63796
62262
58053
68277
61646
60317
61340
66174
59309
57166
59095
60237
54178
58017
67078
61391
56977
59051
58689
68647
57143
57867
57917
54925
55543
56210
63650
51913
66113
53952
69269
59234
57799
61774
54416
58431
54991
53966
63827
63136
59336
66192
65767
59575
59674
57459
68910
67301
52873
62766
66192
69009
70932
62889
60836
61972
57714
58698
63411
61403
61787
61800
58797
63465
62676
60757
64349
66301
60570
62350
63521
57384
62921
68003
57581
61667
64040
54222
65202
61045
54025
61428
54754
58383
53799
59691
67254
61540
70038
63308
61918
70088
57812
59602
59540
67313
59119
57317
60791
59947
51105
65798
57337
62007
60970
59688
62424
62720
58725
61615
54870
61022
57394
50300
64240
67467
64658
59222
50888
56852
64899
66318
63914
63041
56513
62746
59471
62455
66604
53560
63417
65685
60971
61273
61063
63850
58823
68637
67456
59061
64260
65199
60188
57715
68719
62209
60358
62242
65316
63550
63985
57338
61285
56437
57708
61039
63299
63073
64236
55787
56235
66756
55209
62929
60581
59893
64312
55434
60940
55881
58955
61810
60705
69696
61829
61810
55941
60109
59971
69196
62887
66232
58585
58157
57305
58704
59171
61085
61767
60703
62924
67083
63808
64538
62009
62015
59764
74741
60083
57987
66728
67507
58096
64438
62927
62551
59427
64701
53103
60220
56759
60601
56594
58188
65060
61844
65700
62487
66313
63166
58992
58210
58833
58045
57573
58179
70041
60345
62446
51836
64392
55779
55588
52731
59890
58972
59823
63877
61371
59788
60654
61551
56810
59034
56461
58375
63317
65920
67435
62674
57022
59449
60922
58496
59505
60954
68590
64998
58876
59816
61483
69523
57212
54341
66249
62567
61882
61762
55830
56147
60463
59413
66190
57632
62476
65436
56523
67019
59854
62652
54796
53738
57138
59507
58043
65573
63852
65749
57073
57690
56087
54700
61502
62743
54907
62935
60973
54184
58290
58115
58175
59034
64579
61194
59332
56539
55163
57614
56463
66026
59442
61984
58699
66020
65702
62293
59905
66198
60432
65289
56387
64690
63824
58628
64818
57950
62921
58396
67246
60098
60209
69244
58785
67515
64281
59195
54916
66915
54917
61942
60771
61321
58098
56858
58498
65928
60992
69056
68039
63741
60758
64502
61057
67056
63241
58275
57829
64924
63536
65807
69354
66832
57457
59420
59369
69425
56161
70725
58428
64744
65738
59580
59355
63083
61383
62209
61743
62746
58473
61156
58573
59741
59701
63324
60066
68956
55682
63879
54995
67349
61020
62314
57688
63245
51895
65905
69981
56823
55569
59010
60117
65723
58946
61784
64860
59706
56612
58567
63097
63388
63301
60596
63881
58031
57210
54205
67528
60450
65923
58223
61048
63175
62792
68554
66865
62541
69209
59983
61085
61171
61098
67138
57911
59520
61373
65010
63040
68578
62527
62538
55836
61727
64909
60528
60614
55347
60231
56529
60629
60273
57134
64081
62089
57300
59930
58480
60008
61793
57735
60529
60382
68028
57859
57128
57991
62230
65338
66101
59660
57237
65682
68852
54640
60617
63549
60701
62662
59285
60988
60741
63072
56462
63677
58991
55688
64680
66342
59687
55711
59607
58796
58266
64763
55319
60611
64305
55485
64719
66082
57077
58998
62108
58512
66214
62911
53528
62059
57248
59347
62225
65783
54842
56629
59185
65941
63997
57733
65863
70216
58519
51925
58783
64319
60341
68377
61433
61690
66713
63601
57784
59548
56480
59268
62311
68835
63719
64988
59832
52284
63311
61422
66267
65411
57062
65835
61837
72440
59716
62264
60992
60681
63727
63788
62012
67761
57191
62400
51705
59505
71157
57857
67309
62318
59415
57544
64410
56554
58494
62960
61900
61595
58278
61132
57779
64966
66068
60242
59876
59264
61675
65230
59182
61460
59426
57951
54976
56691
66671
63356
59928
58951
63171
63986
68301
60097
63330
63833
59270
65164
58414
52673
62753
67256
58136
61950
58437
58866
64894
57218
61238
54974
60192
58897
60750
63402
60775
58091
53915
57123
56513
62432
55420
58080
57554
60836
61813
64293
57802
60655
62078
55866
62560
57044
56107
60524
50087
62556
56177
64498
58844
56054
61261
60110
65613
59893
61881
62330
62766
60321
58010
55116
64082
63571
62950
72222
56525
65986
63375
57511
59668
60870
60398
65443
61865
56320
57655
60713
59179
57698
58305
61554
54054
64493
56926
58813
63308
60330
52603
63699
68130
57065
57168
63219
63424
66248
60310
60399
63798
65440
63717
61406
60344
63884
61095
60293
57765
62122
62687
58037
59586
63921
60444
58475
65644
71962
60808
59982
63694
58666
69148
54542
62908
63065
61376
57436
61078
70536
63306
63438
63172
59516
59361
59480
57993
64027
65253
59215
59830
66017
64173
62802
57489
60426
63877
61046
56932
66313
56628
66677
67793
61308
59560
58104
62543
54383
56620
57528
61597
58516
63512
59544
65421
63457
55549
62655
60188
60882
51985
60860
61286
64346
61143
63042
66765
63129
59547
66967
56803
58823
59867
58298
62605
55115
65400
65202
64519
62849
61543
64222
54999
51712
55847
64383
60542
65802
59998
60335
58073
58503
57755
55641
61475
67632
61498
54393
59733
68037
66606
58858
62728
61016
63043
56568
57888
58022
56106
57491
64765
56461
67903
58504
64575
61641
68127
63475
65434
67979
66937
65590
69126
62875
63690
67356
62931
62164
62956
57442
61099
57838
58848
53401
64412
54643
64581
62766
61912
59604
59043
61835
58248
60683
61337
60132
58142
59429
60589
55760
59824
59784
62036
61267
61745
57151
57231
62247
62237
65572
56199
56957
56992
53625
63444
52148
66522
60224
69051
62414
64555
63313
59844
58957
69171
61248
57549
55643
57224
62974
63800
65206
69877
54418
60013
60016
57900
67340
58355
59680
54039
65079
64537
60902
64434
55380
62885
58418
59756
58463
59225
58819
55695
58904
62618
59004
72087
70180
59808
60419
63027
57678
64877
61568
58423
63649
56583
63832
57568
58908
55629
58003
57503
60596
57150
64274
66597
56340
64644
63162
61649
62504
66011
66429
70140
66851
64006
58174
57445
60873
63728
68041
63616
60731
56031
65782
58518
61554
61331
64458
66101
63180
66919
60395
63014
53331
56894
62030
56079
56233
61908
60694
57172
61657
59610
58764
61915
65235
58568
54444
53267
61673
56200
60456
54863
55872
58999
58820
66979
59564
63222
60661
65776
60353
57815
59709
64192
64154
59249
59734
61827
55688
61013
60832
64990
61768
60135
64734
58832
55874
66503
59074
65288
55945
57862
62196
61307
65776
66170
56051
63428
60469
63206
64027
61240
61775
66017
62545
58651
60183
64990
60359
56186
53389
60266
66417
57535
56595
64625
57263
67466
63555
58013
67686
55213
65415
56467
56639
63549
59150
59584
58083
61332
64509
53703
63955
61322
61588
64169
57353
65780
58085
62318
61999
57731
66264
59141
64667
63975
65779
60202
64868
59496
65753
61489
67602
64023
55958
57396
65241
52786
70754
63941
56615
61838
56526
59372
59366
58241
63987
65282
57995
58648
54401
71298
59069
66875
58976
59250
58885
57834
65304
61896
58500
58612
59246
58010
59400
56304
62709
62813
65661
59524
62723
65874
62009
60662
54935
57767
56490
59438
70600
58737
68389
62876
63689
63960
64073
71032
60529
65012
59040
54990
59302
56973
61889
64385
61329
64497
65558
63877
63084
61296
65464
59737
59254
58123
65785
60229
62427
59665
60963
64551
64149
57383
55327
63518
59101
59129
61979
60091
68994
66041
65299
63110
62844
60046
60293
65813
61649
61129
59992
58681
52511
66052
60524
63597
60861
59201
59304
58056
59213
61211
56237
65163
67743
62048
55801
58244
62439
58306
58452
62179
57404
58670
65235
64274
63475
62037
55242
55919
60280
64384
57367
59381
61908
62143
61281
59402
62740
63234
60210
68427
60522
53400
63841
57582
62708
58655
62009
59553
60332
56852
59586
63602
67706
61743
65733
62711
67878
60948
63551
57943
57570
55566
69777
64179
55156
55960
65013
62493
55052
60211
63026
58900
61989
55900
64602
59257
61565
56205
58122
67365
57917
57818
61092
61225
61002
60400
61213
60269
62967
61339
66840
64774
59295
63950
61271
57541
64545
60059
60503
53610
63299
59706
55887
63769
58749
64346
63448
65344
56554
63139
59316
56492
58353
60697
52149
59023
56963
63088
57381
61233
65298
56866
59451
63731
57160
67213
69850
67617
57746
53457
57207
58835
54828
57054
63146
60730
60718
60878
60907
61403
62086
58607
60693
61091
62758
53693
62940
59484
61093
62558
53291
60839
64780
62358
59737
54475
66891
55546
64598
66530
61709
66806
59794
52817
64252
62221
62637
70075
60607
64094
63026
68478
56555
60395
58879
62361
64132
65112
60949
65419
65082
67017
64460
58564
57909
56361
62542
65353
57895
61585
56497
60755
61352
64632
64417
55211
63048
67293
66702
66861
57480
58212
61412
59654
62116
60239
56562
61185
54535
65179
57207
52235
61090
60222
56815
61886
54445
65624
59412
58304
62789
59043
68535
63342
67575
56246
65036
64187
62266
57685
61084
62452
66317
60146
58990
64354
64822
56072
62931
61097
58154
57603
58779
56532
61956
56138
59008
55877
68109
66308
64178
61275
59643
61584
63686
55447
65067
57405
56513
64472
56599
64857
60466
56076
60752
60595
63032
63853
63121
55370
57615
58174
58490
67673
59481
63782
59999
62387
66278
58161
56822
57288
56811
56154
66017
61277
61901
56820
65596
72975
65499
55287
63275
58606
64437
65117
58369
69013
59998
56292
62160
62882
64205
62215
57072
61978
61617
60520
60258
61188
62552
69450
69048
54787
64977
61636
64799
60346
66861
57958
58357
53696
57114
55892
60537
53603
58412
60669
61864
63403
63518
62795
65411
66760
62350
60275
57078
49867
61349
60799
60004
67468
67885
60576
61487
66069
64705
59386
62990
63380
62364
59090
60481
61948
63843
53860
58121
61136
61704
66062
62659
62462
54517
58355
63722
60243
55330
62787
63463
60881
62869
69271
54625
53252
63314
60007
55526
56862
64112
59507
52329
60472
67845
56946
51866
58202
64695
54857
59608
61363
59910
63918
67044
57357
63216
61231
69244
59437
56510
64576
57399
61423
55314
64729
61518
60456
61662
63919
58527
60733
66315
56762
71840
63242
67804
61015
64041
69990
65154
51716
62367
57596
65738
57453
59879
57242
58396
57014
55663
61899
63742
65218
58710
57281
61487
60508
66222
56489
59564
59253
65141
69167
64888
61911
64105
64369
64817
59844
59333
66548
57479
59310
61547
60199
60365
56270
61868
60104
65754
65713
62892
58119
59793
63419
63444
67559
58853
62860
58877
64021
52425
65987
63894
60598
59761
65963
55642
57121
62975
58611
60448
56396
61423
66290
59604
67680
62811
65791
60694
59946
60036
56907
57530
64069
60641
62442
59951
66308
57764
56670
64859
61208
61789
61878
57266
61655
60822
55127
61898
57685
64126
63279
61843
58130
60694
59075
58533
63175
68796
62396
65143
57328
61426
60801
64877
58352
65295
58348
62436
54047
55761
53732
62628
61127
65518
57024
56299
57808
59600
62236
62617
56326
57151
63055
55789
56859
59048
61291
51186
60280
68219
55644
66901
67590
61488
56856
60886
56314
58704
60778
56862
61348
62035
64217
66240
57853
69620
64885
64405
56722
57228
62110
72838
56581
61561
60311
60177
67852
65694
57538
58376
58303
66618
57272
62941
55330
64340
56270
60346
61505
60293
54559
53175
60235
64863
55021
62175
62014
52914
66559
56110
66068
60504
57818
67695
67756
59426
55404
58286
64739
61814
63552
66115
64737
64396
62302
58699
63417
49306
62093
63398
64012
58716
59018
57353
70256
58849
56566
51961
54747
59849
61016
61804
64680
78168
60963
57325
69565
60593
57225
66990
58566
60148
67171
60659
56332
57713
59852
63768
59582
66105
62040
61713
59532
60733
58497
68692
59707
65143
64773
61331
56437
55250
60613
54995
57094
69213
67924
64331
60228
60265
64847
62624
56516
64654
61595
70220
56414
65234
52845
63173
62607
65830
61338
61992
53853
64495
55772
66953
60333
61688
58504
53014
63005
60093
63180
60932
61655
68007
58705
59603
64752
61611
57982
57792
58223
57509
60847
64988
64301
64982
58496
55797
65262
58787
59041
70116
61946
68007
56868
61045
60297
64075
54968
64571
64620
56936
66932
59870
62930
60339
58140
62901
64807
60860
57719
66631
62725
54392
62066
61363
57981
63609
60047
62312
67931
63476
59488
62782
61891
61696
60688
54589
62807
55691
64604
58770
60078
61398
63338
67289
61465
60098
61443
66992
61210
62450
57621
54531
57017
57962
60160
60102
62997
63298
59551
63465
60530
61220
60667
57068
56214
61315
64702
64119
52312
60019
60435
49987
63142
54089
58082
59296
64661
58576
62377
59777
70125
59439
62270
62078
61999
74207
61976
66033
62090
60366
61299
59016
59242
61225
65278
60478
66039
65017
55658
59751
58346
62123
67527
55410
51140
60567
67072
56177
56782
59846
65108
59202
61194
57947
57051
63545
64801
60620
56181
65724
66730
59409
61293
66508
64178
66437
59789
74086
55996
63005
59365
64915
54935
64787
54873
62044
51518
69372
55142
62377
58809
64173
59767
64959
63384
64180
59259
65912
55746
63255
63207
69360
59497
63649
59600
59110
53891
66954
63546
60859
52472
64066
63476
63549
56110
62661
55218
62695
61974
64066
61069
61451
57537
59875
59572
61129
64886
55572
64747
64470
65776
58358
61531
58914
62506
59942
60961
59123
65659
54679
65708
63154
59448
58279
61487
55837
64596
54112
60347
59859
55722
61278
59426
61237
56590
59355
56635
59522
58104
59775
62208
59462
64224
59429
59711
56144
58725
69562
63882
61371
58271
64331
58179
59989
59268
61054
63901
59780
60793
67080
70101
66434
64948
59545
60689
62587
55516
58677
48136
61548
59629
61096
61370
60713
50368
63226
58077
55309
64682
58641
60443
65762
66459
60725
64066
55943
58494
60535
69940
62567
68324
56365
56371
60199
59187
66348
65920
58534
58932
67069
57660
59406
59920
61695
63388
62496
62921
59899
55394
57487
55189
55995
59426
58733
50055
64085
62145
63608
53997
59301
68793
54656
65720
57706
66297
59100
58635
63102
62262
55927
59674
63838
65827
61033
64170
61958
54770
60716
66468
69087
55826
63447
62157
54488
58387
70419
63763
63803
65484
69145
65357
62670
56902
62971
62833
59544
68640
59927
58794
57452
60939
56465
61574
54475
68121
67732
58998
64565
62625
56292
58790
56456
65793
62499
60184
60448
57297
64966
63569
56487
65082
62433
63861
58831
57067
66360
55864
64460
61503
60470
58016
58514
62114
63366
56816
57449
63415
63931
59359
57839
65372
58655
59894
58302
58571
54601
58764
56426
56979
58988
57332
61192
63637
64602
62044
59104
60652
62077
60297
65039
58085
65731
61991
66042
58188
72176
60695
58038
54402
57384
60988
64169
63306
56457
60504
54716
58079
67123
64602
57383
62745
54945
62207
55755
59722
62434
61237
61994
60049
60555
64362
57191
57189
61719
58372
59233
57763
65872
58214
64269
58106
67715
63723
60064
60105
56628
61169
60009
63669
63396
59556
62626
55889
57530
61145
69772
66000
59758
58318
58406
57403
56903
59333
60140
65919
68365
58228
62268
63859
57629
63544
56335
54901
58738
56183
64896
60120
67771
61812
63037
54289
65762
50611
58388
58442
58018
62069
66806
63877
64458
60965
61330
58675
57095
62584
60420
58870
70004
60641
57756
62474
52495
64376
60876
60342
55052
56780
60147
63197
60858
60919
60536
59908
60386
61267
63146
60949
64891
59563
60923
63671
58143
59651
55327
59916
57605
62582
59968
54949
69371
64057
65631
54413
57936
59728
56745
58986
62428
67257
62256
56451
59819
64624
58992
66490
52155
63436
64993
61863
62512
62073
64528
59508
53977
63845
65269
59590
64781
57105
58374
67276
63590
64002
55913
63536
62326
63560
57965
54121
60758
64241
62918
65894
54641
56115
60999
57838
61381
56828
55479
58787
60672
64831
61908
67414
58735
57855
65361
62086
64529
62396
62641
64919
57232
63989
62937
64628
58709
60230
64386
62358
59074
62691
58310
54366
68367
57660
66258
61364
63451
67448
58054
58834
64170
62316
72171
60214
52189
60358
60519
56940
59763
61773
67617
63927
65357
63386
62210
64473
60812
64999
58637
64661
62525
60533
59262
59111
57585
62625
60744
56690
61325
62295
61415
59038
66053
57091
64048
54688
60608
54943
63729
61850
64785
52635
61710
67318
63509
53890
56392
62496
63197
70331
61822
65072
55028
56727
57738
60102
65046
57651
51982
55624
60589
66303
65931
63111
57803
58000
56727
63699
59980
64723
65220
59580
59832
74614
60931
59234
65323
66241
62547
57587
56522
65126
65661
69943
59965
63742
60865
62588
63831
59059
63790
64536
58276
62745
64242
61699
68139
57780
52966
63158
61763
60523
63588
52693
61491
59571
58357
59753
66100
59070
64864
61359
55068
57646
64240
63522
52706
58720
55114
60747
59198
55789
55529
65752
58763
55028
63068
54810
67427
64429
54498
56057
65076
52562
64727
66013
59488
62586
59121
67421
57374
66748
57330
62118
60219
69376
57683
56737
56629
51703
56425
56627
62876
66902
56365
63462
62595
66288
65314
62130
62331
58132
59532
66895
52960
60464
59951
61174
66687
61328
60069
59014
64777
59884
68276
64103
60113
57387
61435
66869
59053
67730
65168
66038
63254
58923
64153
60435
65543
61849
60081
60334
63706
57242
63546
57938
64880
57188
56194
58640
57274
64481
59534
61657
58700
67920
63654
62709
65353
66322
57824
62397
65573
55226
66271
72501
59446
57566
67041
58644
61862
54623
66095
65117
74828
60382
65551
61392
66338
58212
64372
61212
65937
58781
62059
62484
66556
56611
68879
67427
62916
62648
66607
66893
62276
54971
58001
60531
60123
64897
58155
59179
56526
62289
63011
59086
64631
68438
61176
55745
63590
61375
63149
60438
55711
59884
56872
61208
63191
56149
55621
52996
53722
60504
57001
59004
62723
61730
62386
63113
61350
54842
67298
60020
60872
66328
57958
61649
58935
64063
57609
62073
60233
61909
61965
55977
56166
62972
59221
55608
66118
59743
56993
59624
62265
60673
64308
54108
59051
66502
62899
57141
59721
69078
68333
61317
59796
52678
61978
53782
64475
54930
64451
54791
56575
61735
62453
55496
53344
64473
58180
56447
58565
62085
57923
63699
59609
62686
60505
61317
55734
67169
60049
57690
67627
66005
56737
65426
59966
58533
63032
67236
58411
57813
56499
59221
54066
58529
71752
63461
61957
55557
59752
60414
59476
56535
57239
60919
69145
56503
60987
61277
64861
61720
63259
53572
60960
59153
57125
59492
65102
57083
62977
57366
65747
54355
54995
67514
59406
65381
57584
57422
61063
58803
57090
55449
65782
67147
65916
65661
62021
58296
60941
59836
61141
64563
62433
58566
59863
59427
66827
59564
57123
59475
61074
60103
59864
59453
53774
58649
60813
63564
64458
61746
64947
62649
61068
67958
61403
62048
57200
65092
55006
72803
57154
61369
61408
54400
58106
60790
58581
54620
60521
52778
61653
62355
58690
60925
62594
62968
60915
62943
60259
61004
56492
64993
64483
57108
63802
60610
56377
59043
60029
62728
56418
64548
65949
62496
59507
60786
58617
61514
59334
59864
62898
58157
60644
63600
62145
63310
51860
65140
60436
60759
56521
61384
66813
59392
64595
68798
58566
63012
59401
55978
60436
61690
54981
64552
61951
60114
62766
54397
69350
56897
60305
57065
58646
59044
66653
59344
66708
63656
61343
58816
64450
56504
60333
64623
65615
60096
59823
62061
61981
61401
55115
60864
63625
59702
60152
53699
57307
61550
65304
59336
59154
62123
60050
57421
59819
63315
61288
60086
57199
64274
57744
60578
63677
57569
63995
55265
59987
54197
58555
54978
66942
59928
56575
55288
57772
53628
56343
57102
65792
59153
67152
55752
67355
57918
61570
59056
61423
57958
56568
63568
56944
66581
66011
56325
63684
57587
67852
63031
56712
62116
64009
52838
55511
66324
60103
67074
53977
69984
65410
54327
51897
56261
60099
65840
58469
61612
63398
60835
58697
61233
67087
63828
64881
71491
63519
65864
56803
56134
65753
55534
58534
56698
66152
57039
63137
70123
59157
59344
59155
57268
64199
61102
57424
63665
57080
62758
55700
70868
64835
63701
48749
56492
63206
56305
65651
57967
62301
56576
64755
61678
57875
63234
71955
56656
63003
56631
66852
60615
56287
56028
58428
60406
63803
64527
66212
59553
59391
60361
57641
67204
60652
65467
65432
55193
61179
59152
63479
55565
57852
64689
60060
61249
61396
61173
67174
61615
50203
64827
60675
59572
63503
63167
66727
60677
57929
58411
56623
60276
64959
65648
57415
58324
56512
64248
54866
59560
53139
66892
63927
62272
61389
56088
60036
63453
59937
61080
65754
68832
62872
67455
48543
61541
72279
59666
59882
66106
62269
60726
64186
54683
61726
55980
61240
61069
56949
53991
64351
57747
56563
61003
65243
61114
60161
55547
67866
62090
57800
59450
65128
58800
69214
61226
67634
56749
61817
60070
66694
58616
60287
54208
60438
57029
54409
61154
58175
66257
60781
55725
66411
63624
67892
62988
56674
60061
61680
58365
53061
68228
54912
64486
60413
70029
63893
63897
68122
59159
62278
61821
62199
66127
62421
55598
66205
65210
64659
64080
63632
55305
68411
63257
66313
55342
64494
60681
62581
64639
63370
61569
60207
65576
54003
56813
51113
65624
56455
66004
58838
59871
53360
61787
58257
61391
53981
64418
62275
59027
55256
55364
57357
58035
59470
57474
63031
62408
57621
59317
59433
57615
59189
56510
61080
66541
64528
62615
62647
61600
59787
57402
55545
62612
63703
56407
60843
64948
57669
61993
57680
59263
61853
57211
72051
65929
62999
60772
64602
60372
61605
56308
51956
59077
51924
60520
67587
62094
59332
56687
65048
65433
66068
62707
62036
61481
50769
58530
61699
62325
64744
51400
55492
58267
72735
56613
60456
62932
61196
60936
63464
60793
69080
64295
57472
62490
62253
57931
58215
59103
55778
63729
68797
63289
66021
62382
62742
54561
59690
58349
55760
64553
60556
59246
58529
59662
59407
59520
62392
57121
60803
63586
61571
66184
59308
57723
54132
56409
60202
61393
56057
62519
61029
67605
54533
62760
57471
67316
56206
59503
57672
58825
59588
63192
60353
56737
66465
67807
64655
66250
60197
63908
60464
62622
68398
65677
67105
64365
54616
63755
56803
57804
59367
61890
61510
67466
56311
56608
62487
62878
62032
61183
67667
60756
62824
58937
60723
59067
58099
62904
63249
71215
54997
64347
58478
61185
71756
60455
56965
61234
74030
63065
61879
64093
58837
65773
57848
58669
59381
62118
63868
58794
59007
60231
58250
56599
64880
62769
61621
65918
61390
71226
61816
58501
63716
55771
61153
61100
58904
63523
68671
62217
62783
60215
65630
53537
58573
63679
65623
58216
62296
56579
54984
57882
64678
52881
61649
55589
57078
57723
60160
58305
67157
62283
57724
65242
60861
67746
58154
63331
62171
61460
56851
63796
59670
59307
59108
61828
64237
61992
70784
61695
59849
58929
53808
67567
67839
54131
66215
64475
62034
59245
63946
61702
59884
68533
70414
66195
61724
56814
58029
63752
67431
54483
66204
62974
64146
64405
63461
64332
62829
63379
55528
63446
67839
53823
59431
60511
62450
62402
59618
60570
58614
64690
66273
60937
58841
56251
54804
56710
54981
56223
64043
62795
59900
62219
58700
59667
55221
57292
63517
62220
64709
57838
55225
64487
60739
57694
61936
63438
66592
59318
59590
58705
64674
55919
61815
59622
57302
62457
64643
65644
64935
62126
59424
62152
60867
66770
61486
57399
59323
59902
56833
62644
55477
61969
55943
62600
70768
60934
62312
59076
58606
64763
60913
55831
65232
63960
60538
67700
60205
65853
58174
60436
54692
59446
60165
67426
61198
65455
63578
58373
56967
56720
55985
64469
67512
62116
60533
56590
64704
61726
60209
56239
58033
66942
71228
58551
64734
56697
59011
61162
59493
60856
63126
58618
67642
59418
65586
67021
62653
54897
64361
63845
65477
60691
59982
55753
57594
65192
65851
61668
62643
56238
60542
56237
60798
62033
65799
57870
63289
57947
60860
57116
57084
64442
54697
57087
63507
68661
65261
55008
54802
57176
58288
67571
61295
61740
58870
64451
54735
57426
55912
58672
59184
60222
69710
65348
58247
61116
54716
68407
57296
58812
61922
61564
57133
56961
66667
59617
59104
60804
60363
55938
57571
52683
66263
60489
61865
61833
65604
62191
67352
61531
70605
59409
60452
60822
58814
55474
63436
60384
56889
58161
60815
57358
65337
60289
57168
59885
57197
55659
58114
63631
63832
57721
66412
59726
61458
66371
55207
71069
55429
67418
63029
65104
65827
61956
62542
63808
60203
60319
60451
63505
51341
63128
67862
60776
51582
62527
58834
61024
58985
58367
57691
59251
59359
59149
57308
63165
64144
64021
56360
61846
58586
60936
61730
58727
64756
64003
61399
54968
63319
59645
59580
69500
64309
64564
62299
60546
53858
58081
62701
59917
60163
65081
59465
59098
54530
57286
59083
69722
62602
63433
56484
66284
63784
61625
61994
61639
65214
65176
65354
60286
62261
54042
58283
52942
54119
65705
61651
64534
65042
61079
54827
58334
63726
62561
64065
59207
55394
63468
63438
64054
56678
63412
57341
61269
60646
60049
63840
60668
59924
62859
65298
62828
56026
65015
64619
58257
56145
60498
57939
61136
57941
55856
64085
56342
59742
62827
63925
66969
62674
56061
62350
59254
60349
59962
67124
59840
68770
57384
66548
57137
63543
54557
58689
60611
55788
58383
58483
58773
60658
58617
63557
58744
60460
67478
59119
60663
59262
65353
60216
61931
61437
58013
62693
58014
62380
63713
59342
63422
54700
58654
66712
62295
58353
62439
56858
53574
59470
62350
67154
61942
63998
63517
62592
57707
64533
64732
59124
61368
57828
66034
65597
57566
61083
63758
63613
64968
56153
63388
60358
62691
59165
61475
59056
57771
58921
59160
57225
66003
57505
61607
67090
54473
57472
53914
60255
62156
61239
55469
58636
60331
64829
65021
60492
59959
61638
59839
56654
63637
70135
64941
62182
56655
62301
63051
69290
58596
58218
71585
68170
57940
61958
63368
58369
62885
67214
64487
58248
57590
60198
64391
56947
64294
58290
65202
68332
57729
69689
63268
57560
60329
67407
60076
58605
55875
66905
64628
59647
59340
62947
60791
59917
60471
60822
63034
58663
56379
58177
64709
68657
68806
59214
59279
54674
64859
60418
61831
58707
57267
62685
62499
60444
62537
59523
55485
65018
55881
59548
60507
64281
63702
61807
57765
56733
62016
57480
65813
55840
64120
63108
58143
54493
60321
59011
61106
59029
61239
67241
60133
58528
64050
61019
57835
61892
57324
64100
61170
63622
61116
60056
56388
66294
63879
64361
62570
66765
58724
58352
53889
61044
60984
64785
54427
72607
67038
63599
60137
68836
63304
58472
56419
59772
54610
67624
59224
66152
56632
61904
61607
56711
58494
64083
57809
66373
64925
59963
62595
52167
67935
55881
61088
57410
68201
56450
62358
57367
65486
60423
61462
59842
56298
57347
64019
64693
66984
62307
58149
62976
61701
57262
68083
62925
67045
54296
58745
57415
58344
59259
62233
60553
55872
62639
57457
59291
59841
60600
53345
63883
61178
64005
58669
63776
57704
60241
61294
63869
57734
63448
61045
51964
62885
69523
61083
59033
55833
63540
67549
61969
62391
53844
55682
56773
62722
57138
59292
58221
64822
59169
59434
63182
58292
58224
61279
57389
65042
56813
70023
61232
59779
56808
59865
63199
59409
62663
63569
54937
56737
67074
64844
61222
58247
61816
67036
61795
68341
62311
59240
56802
61981
66294
63056
58390
63057
59889
60819
62423
58918
61295
58814
60814
62011
53966
64995
66491
66286
66646
57245
59710
61967
62860
64263
61334
60890
64202
54683
63631
57450
61109
65058
66166
57906
59637
57881
60319
64599
54580
62414
61644
58865
64347
70834
69532
60564
55120
64952
62188
62766
63346
60864
63128
57363
56571
58036
60130
57713
61036
62050
63480
64087
60835
59308
61285
58324
55516
61875
59600
63363
63731
65188
59226
65568
59310
62661
58326
63719
61392
60078
59344
63670
60408
63220
64492
67084
61721
60705
60662
65302
61201
58681
56146
63497
62346
72777
56361
63622
58186
68784
56369
59542
61773
63155
65088
59050
56883
60051
59520
60107
58458
66908
69378
64362
58992
62585
61497
66170
56867
61553
61180
62033
56966
66550
64377
59178
62187
69154
65897
52515
59369
65393
57438
56300
65113
61164
58767
59348
59001
63785
61296
68593
62207
57933
59466
58163
59091
60492
62121
61952
63765
61728
69646
60324
65237
56206
70642
65518
70096
62736
59367
65964
55403
57938
59246
63083
69698
65304
61134
62597
59825
53488
60600
61610
58147
59544
59274
58909
60981
58312
62132
62595
60162
62449
63319
59418
67968
54617
64117
66069
62833
62718
56765
60833
63162
61174
64922
56331
61157
64198
59526
55627
69283
68731
60692
64288
62775
56219
59505
58233
51587
63882
53554
62235
61378
60947
62480
60108
55955
61737
62224
55952
56116
68319
61184
61301
51514
65312
62406
55758
63103
61035
62901
58115
58230
67495
57024
54476
70002
63576
62088
62832
56432
58383
70779
60093
60088
64436
64719
59749
55420
63215
59715
54508
62160
62107
61919
63382
56486
59096
70719
55384
60540
57990
53171
55648
64552
64245
59111
58319
71891
62050
61188
56493
58524
61270
68036
67614
57289
54065
70129
65260
62695
61497
67475
61746
61432
61309
69882
62037
58976
59149
66341
58195
63353
59670
56461
57069
59723
60425
62634
64647
63299
62396
53705
62266
56886
65561
61608
63028
57065
58585
60875
56854
59630
60845
49092
62398
60055
62055
56916
63838
56354
57909
56119
67386
63312
60437
56773
57924
56144
59446
59545
54832
54174
59081
65436
61316
60086
64251
66019
62722
65254
64182
61644
61450
55831
56709
57390
56863
66445
60408
68370
58797
58267
60376
61750
61070
55259
60803
67411
60493
60289
62562
60182
59489
63710
68009
60224
66048
62851
60135
52721
64858
59522
67481
61602
64359
60286
66386
59314
58662
63823
60831
65225
65987
62310
52089
61937
56949
55573
62622
62925
66937
69754
56798
59487
59991
61179
65920
58017
63128
56604
59238
58738
60342
62183
66103
60718
63197
59459
60444
64077
66825
65475
55973
63368
67518
58397
55221
61322
58277
62755
59797
61150
66438
54861
55887
58274
64715
63896
66680
55642
60322
63140
58905
58817
66165
56681
55648
59064
58412
64534
59749
53620
59530
60357
62887
64499
60622
68120
63960
55982
66023
58703
59193
59350
57873
65633
60533
60250
59268
60620
55554
57989
57861
58942
64587
54543
55505
56674
63880
58974
57516
62021
62941
57074
59859
57874
64545
58053
58673
63405
61819
60954
63586
64400
64276
59056
59868
312660776
