135516
125066
106039
97344
97628
124431
109512
97790
80654
113759
89709
97405
93824
108845
117205
94254
119034
127886
128561
117957
94741
99867
118268
99386
98340
107974
91073
116415
101319
130188
103172
112552
117700
83524
106931
104827
121670
87480
101423
116074
80685
124235
140944
93892
104080
80945
117686
102304
114416
104648
74936
86338
92986
96841
125354
115059
129497
97700
85737
129124
105629
106667
104701
113194
111983
93400
111214
117770
118081
123748
101826
122277
95307
110770
112301
117494
96356
103757
116488
105516
105555
104675
102155
110110
83287
92636
122029
110116
129598
102540
96349
95064
91256
105718
109786
85505
101985
91299
117750
80433
121153
116742
97265
116403
100552
135241
121826
121280
108625
104834
89922
121227
97922
101304
107977
121919
105698
91967
100687
116006
105139
102865
105404
120113
93941
119101
105990
120778
95959
109461
98232
105607
145579
102245
123294
91348
97708
111090
89973
118372
97007
87020
97760
83841
111495
105552
109770
93642
96983
119484
105600
115431
90461
92561
110105
94330
92121
119103
91907
117355
97228
84588
134584
111883
136127
106085
105445
147696
83350
109057
114998
92214
129760
121933
112203
127753
116902
75250
117729
108067
95548
109665
97332
109903
135825
96200
89225
89703
116320
106160
125743
95429
93332
96053
134456
97090
109191
138134
110349
108696
138286
104516
103036
96459
121846
135902
119871
116609
110263
104144
104949
97777
97717
96320
87216
93390
109731
86992
114024
93662
81328
92990
112527
100596
103380
85078
93238
104432
98669
124384
125732
88395
79648
107266
107997
73745
122643
124245
102524
97246
97801
114086
104469
98506
111815
101233
153393
101635
100968
110834
77108
109702
100297
102162
104134
109179
119348
124728
100311
116049
121389
89768
102270
117196
108561
71116
125658
104430
124076
131387
111506
112148
96619
112585
101313
120064
93712
99802
88152
125533
117835
90498
112712
109847
123760
101677
110309
108656
108740
103864
128821
104368
133589
105134
93348
100268
109828
99228
72700
100205
86215
96876
104305
126634
131321
84826
102172
130836
85458
118431
104807
128154
106688
109116
95114
96491
91997
103275
98362
56125
34064964
