127355
106378
138607
104341
86931
132141
118809
125339
94449
136447
92900
130780
86206
87990
107396
109764
145250
115902
124837
92612
104986
111175
121008
123966
109546
101368
95019
103427
87842
107873
97210
115473
83184
90896
92035
94130
106564
91024
118400
101537
95999
117661
113322
107607
86243
112970
114262
101522
103601
81050
90629
106961
97525
86655
100805
84410
111730
110220
91929
90753
96436
110118
101351
111824
121870
93646
99999
109895
89695
100186
119316
108600
96606
98219
110527
94731
120464
92695
102718
111255
127082
101177
104665
122793
114224
101649
112310
116824
100085
109204
120088
150644
74324
90101
101838
110575
105509
109626
107269
110140
103340
104579
110920
129261
89653
105691
91690
106768
124559
120425
92005
116697
97334
102187
105226
125969
101372
141248
121345
103757
118477
94032
96817
115368
94521
98954
148515
102675
104001
101402
138806
85656
110027
108638
94616
123934
105558
100994
100217
78182
102937
82552
121468
117028
104352
109436
82124
132747
103717
107523
141376
96132
97735
107705
104403
113387
109327
94462
100490
128029
127660
85686
112992
97603
95456
109404
96659
97429
93303
108004
102927
111354
90150
100844
77227
113319
122710
105525
106885
93058
108529
121245
94101
114390
117508
137866
125827
108864
96465
101809
99929
114700
103236
111992
128623
103223
106814
131217
115312
90831
110334
122006
103999
111568
78204
116594
111056
109091
122567
90472
96566
80827
108849
90707
128308
93508
87648
108186
102964
88753
116660
121401
100239
112337
113658
94201
107391
92978
85637
88300
135080
94821
83589
100896
137464
94367
74189
110775
105314
98904
87005
93762
94607
102505
99238
92626
106304
93725
88603
103633
102022
87186
97055
99973
119529
90491
102839
106770
113266
84761
90841
105720
130486
114502
95193
104946
123552
84299
102039
109174
99259
125729
116979
95116
103312
93787
94875
126268
164817
107947
87715
121489
109306
109415
112006
100890
133749
104116
133037
112279
101925
111587
114702
72905
109314
111890
85864
106299
121004
114987
107051
114964
94800
102445
119545
107294
129814
111928
112883
97874
93656
95160
102294
101461
101887
75766
103479
93091
108341
93252
33886864
