121666
131863
100524
96972
106060
111187
91502
106580
107848
108741
95059
101651
91270
99269
99012
117713
91747
106271
85525
98517
124530
88868
118346
102851
107574
122497
105609
73455
97412
106331
112204
101304
102427
119747
106581
90127
117039
100727
90835
95882
94379
98510
90312
95619
110392
108076
95921
109483
117376
95692
108413
110216
89858
127234
109595
95897
129829
111424
139230
111667
114617
94388
106216
100286
136233
135124
145283
94977
101162
120049
94551
91342
85228
92950
116248
136924
102963
102570
89841
89658
112004
113706
92274
85001
100265
84838
115060
121998
130120
113189
78884
120682
123301
108006
98836
100174
86511
104109
79781
103353
110354
127792
111094
105916
90088
109863
93558
107560
94624
99142
106909
122271
106281
104337
105972
97388
111435
113133
84102
90550
105839
89520
88780
107845
123705
114765
102811
117522
96651
106429
90436
106175
99163
96847
123898
145624
98185
96513
105511
103303
104512
88762
97940
99041
108024
98560
91090
107604
91594
135662
118573
96121
111210
89973
99034
115395
111526
90659
127853
97692
96154
105046
102345
106445
86503
88593
119625
102524
98812
115181
95588
138141
81430
110952
90165
126873
111526
123401
109859
103793
103633
105162
104929
103084
107320
85707
132388
94682
106971
100444
100268
110677
120628
94288
107685
101637
133959
97932
105502
115826
122173
84619
88980
101883
126410
125172
107822
106689
109224
99040
121858
102143
96595
90764
96110
106521
92439
97032
105955
98160
113839
103587
100823
105923
91077
102357
114339
116656
99348
99737
114898
96396
117034
93442
135697
123951
122855
100628
117322
102418
107443
122277
132872
104522
142405
115533
107985
95274
101107
101002
98356
109788
78236
93579
130323
77205
115583
105402
97942
120872
118285
89810
112884
143173
107052
96691
90775
100223
104839
115321
97313
135797
114177
128701
92555
116542
124582
120747
128106
87303
104250
90390
122611
106704
101002
86789
92217
133198
92199
104717
110419
105219
117052
99393
108538
119788
99142
120082
116169
110227
120656
100026
105839
90978
102015
81370
96545
91367
125948
93710
106137
104347
102707
128193
150898
110647
108802
87256
89730
80196
33915513
