116187
128680
104680
131992
132093
122118
118588
96741
109212
136788
117408
149429
84967
106515
110322
116165
107836
94009
119460
121822
98509
129791
110172
106482
132575
93367
113153
95695
92494
114521
120589
89305
113408
107528
116467
116738
101409
100844
112616
111932
90350
85437
120479
104960
113200
128311
93822
101043
100872
97084
91864
138801
111666
97805
116171
108500
96119
106156
77393
124431
96021
105193
98363
140000
101766
119733
102437
110304
97852
97545
125446
128015
129718
102633
90668
114914
105845
98492
102445
104442
106709
124361
96942
101961
91509
87397
107934
113690
106020
121031
120455
105562
84544
97434
86162
130449
126446
101314
104344
93606
95714
106119
112749
98866
105017
102956
99921
92278
102660
106166
100961
104158
104663
91168
98563
120105
115288
97517
96716
95446
123516
110584
89701
99213
100150
124015
114992
109746
119120
113645
93635
114163
109758
92592
95695
140284
127166
125226
120715
102209
116154
118415
99214
111030
106624
96626
108643
99842
68810
131004
111038
111229
108441
103900
99603
99976
107502
114312
98742
98979
136792
131509
111609
119979
127002
95822
104295
95614
98844
101983
106487
103295
117805
107455
117763
109016
119015
96398
96497
116865
107121
87888
99041
90958
106864
103287
111231
103836
114636
111057
129937
120136
112820
138340
91925
102031
117735
100116
118368
91600
108131
115633
153578
72757
122494
96417
78227
107998
119539
95688
84947
119739
99677
115260
112161
119430
108440
107958
90624
84740
78514
113890
102322
100717
84600
104525
76283
122467
100970
100396
93696
89225
103056
100020
87714
110592
103011
81573
106414
115486
110003
111422
87892
113078
129198
141596
104386
117710
93492
84945
110916
93746
112476
85918
108593
101135
104027
100384
92553
108830
113760
128809
113882
114353
107205
92643
103264
103612
102230
116582
118188
110029
104071
90651
97757
109850
132181
103222
112222
119292
94403
86632
113305
96227
96187
109008
119360
113656
99739
111540
105789
110013
87920
87997
119166
110650
84887
93748
140255
121731
149080
106328
94763
94934
109576
101284
96050
109231
127153
91516
111410
88826
109339
88529
85451
98464
110737
97292
107183
69347
34186703
