66338
70700
50874
65857
64177
60509
55898
67337
54145
59619
61772
53378
69495
69755
68214
58216
51650
57036
77314
55051
66000
70714
65915
74471
69936
69546
56913
49548
69101
63199
53468
61204
58987
66432
84043
53607
64961
68348
63883
56907
61994
57412
69622
70695
57824
66141
71201
62502
61242
53987
58232
70862
59833
61605
62963
60516
62350
57385
61378
75462
50164
61156
62710
59267
57112
66106
54653
66598
75851
63512
62757
56392
72069
66269
52919
75385
54783
66073
61569
66791
59530
55485
59034
63453
64504
68681
71916
60464
69458
58752
72312
73899
52714
65687
61559
67980
70326
65909
63870
64167
64521
61860
77249
66272
59673
68881
82224
57091
65034
60150
65701
68457
64629
62730
52249
64028
58709
61973
62551
54615
71284
70836
53771
58474
60905
63441
57985
59097
63509
61543
65938
53708
66838
54980
71144
68847
61968
61355
60994
47505
51385
75212
58126
76265
54846
73020
51692
56410
80214
52882
61786
63830
62081
66516
58497
59223
62062
70275
62392
67384
58543
61494
72773
51227
53242
59513
52843
64040
53321
70676
65276
56305
50334
60500
60035
63174
57546
71019
60326
60889
57866
58869
63590
55968
64153
57088
69314
62595
53950
59349
59847
52223
61964
64652
76955
58266
57376
56371
75484
75285
64204
67470
55671
57819
61308
64640
64546
55497
69266
66368
61808
65901
66893
62782
64411
63329
68599
83152
55404
71374
57913
60290
53550
78167
59450
57526
55103
85347
56728
60779
55621
56971
61775
63904
58546
50981
71880
79160
56900
56229
58038
56361
64522
69617
63182
59357
45565
64456
70130
59471
70274
64661
73131
64185
51851
79523
70990
63278
58223
61230
57784
60761
68413
61082
58023
55204
62220
60207
49864
74385
56824
69791
44932
63651
59452
61177
80856
69721
51421
69731
73907
58739
66641
56603
47641
81130
59704
65496
68999
46510
58371
64345
45336
61312
63824
62189
55766
51250
51298
63298
58336
57796
60636
55391
69836
52140
66158
75445
62304
51495
71718
58765
60253
76334
56175
54691
62923
58886
58139
59894
62719
57740
55291
59183
68628
60824
66721
52460
61998
71135
60653
58826
72555
69965
73104
64567
66853
58950
58057
62200
68751
61234
62654
63437
65985
65083
67648
46250
53846
65294
65536
60438
63109
63445
67337
55541
60983
52500
73097
57335
55316
57674
57622
62677
67961
51699
65571
61060
64214
53096
56629
48153
59753
71942
64298
63381
60692
92606
70427
66440
52622
51480
67484
58244
63165
56880
64738
53083
68437
51104
68751
52856
77380
56785
66838
57843
47174
73026
66164
59466
58696
57711
56153
63597
54635
64525
61446
66218
64645
58927
70335
52490
67385
63520
49806
56722
59933
76520
70807
49976
61887
63709
55045
61293
73732
74221
57394
57470
58169
80419
64722
57450
75638
68724
62081
69961
58902
56754
65575
61247
55394
59915
69143
64290
63784
55097
59027
66090
68652
53134
61265
57822
71074
62417
72545
58333
58238
60564
60942
69770
60257
62172
71353
68664
56040
64381
61266
60439
56805
49235
53304
65090
62950
57628
58531
54805
55852
63548
57923
64532
69891
56702
59642
49474
62643
68276
60727
63279
56343
70516
53398
75065
61529
66854
44796
61012
48625
67049
56259
60285
69214
58947
55537
63256
56825
65503
73369
66373
58531
58992
52460
53670
54684
55523
66548
56930
55526
59440
70631
60779
53692
67182
60841
79984
63300
69833
61788
67922
60793
68400
70535
57706
67798
65330
65234
70533
63983
52130
57634
64397
59750
55446
85888
57421
56520
65229
57939
70464
65641
54209
63849
60417
69187
62124
75660
60835
72301
59604
63110
66597
64820
68147
55283
64033
54278
61333
68980
59475
61250
65027
71209
65610
61199
58240
66947
74674
59250
59733
53156
57329
54573
68966
64210
63118
61984
52764
58417
56900
63925
65014
64766
53919
67386
53417
56676
59201
52680
57700
67199
52441
69524
50810
65722
66131
54998
72144
57381
79170
60240
69324
64967
58283
69895
59987
57625
67245
63102
69289
58705
51557
68746
60034
65176
56582
70402
83183
63795
56193
61480
62222
62302
60569
57255
61764
51046
53582
66330
50166
58261
49668
39864865
