97641
136970
141876
105476
122858
90167
109304
129515
95077
122297
101099
123226
111210
119762
76049
113794
99084
112727
94393
106342
94766
98783
118004
111887
81774
115964
94384
100399
86338
141740
114648
109544
124030
92329
120478
127532
116625
103979
101839
122976
137067
95622
100020
111825
127787
102798
107314
100504
101914
98900
101058
108212
122285
100250
123184
119788
102614
111733
99959
101199
110057
93838
107437
95416
120360
73628
126119
118735
109897
86610
110486
111744
148374
90648
107883
72946
115001
106245
106710
117823
96892
115104
109400
137912
104215
103825
114668
96952
91808
98549
103623
98677
102603
78360
107738
115244
95976
89792
104956
92991
120674
100140
120375
83586
112641
113828
114716
113545
111819
107143
119178
84240
110497
108782
113434
126511
83044
119825
127577
104577
126485
108124
130882
105147
129018
98718
105752
103625
113505
109473
123921
109292
101926
127013
87666
93532
106900
95758
112580
111704
119011
94394
90875
120655
106013
119530
125281
89813
85595
108494
109189
103711
111145
106802
95625
82146
97460
98348
96697
116491
116700
112626
73500
116820
109308
93075
91508
96642
89462
99002
138244
116214
113054
101011
126612
113463
121947
107165
101598
114309
74772
123124
108865
117077
88550
95114
124216
105590
117225
109648
111334
96642
130710
118923
102035
97135
121080
106425
96250
125684
126818
133612
119468
86634
103420
127391
97602
125524
88120
98052
98786
98695
137404
97997
100734
96196
80410
99187
98014
106216
119427
123323
118796
104765
129810
97462
116776
128717
129760
99596
99863
98948
152819
119820
106340
112810
104837
107676
93862
110180
141799
121532
87605
85555
119989
116640
146817
128220
104256
125240
105451
87888
93280
131909
116215
125575
95377
123549
102128
118104
96843
91586
101487
94303
76903
97919
147656
89758
116603
106832
113117
117594
113502
106681
101058
92679
106181
121798
102806
122267
95046
108717
76161
114130
110135
88855
114034
104927
91089
95310
121163
97398
114902
94696
94819
140859
99952
101428
108865
135355
109813
118759
101042
102891
132095
93251
114763
123548
120806
118501
85668
104686
68697
54966
64658
78467
52925
67724
50323
54171
34263412
