135264
137468
118143
105378
132469
127225
96488
128961
105563
107785
105688
106894
131011
96881
100039
113843
117899
107835
126319
99571
103189
114713
107595
135213
97969
103319
109330
99684
97164
108336
103958
101515
124786
126624
83300
137974
107590
106173
102692
98318
88950
102057
125011
104414
99938
86960
85615
106341
97336
117386
94100
116800
104879
112710
106730
105897
106761
109490
119249
115077
139256
88053
109372
138650
120545
77173
125432
111851
105891
87505
85019
103685
104329
106235
113110
102049
98192
101691
116770
82389
96934
102745
97498
113510
102643
87900
100158
88376
113271
105208
91779
134332
75805
109668
123961
95134
99840
121379
90414
121097
96358
103704
120112
112297
120060
97762
94429
101506
107685
137355
104564
119434
113268
85810
109723
102552
113449
102210
84801
81584
122694
91939
93663
90374
97037
105636
96707
115975
104190
104287
100464
135363
120417
94843
101368
86030
87593
90727
106650
101876
93827
98352
99019
135352
86936
109108
143274
105776
88114
117561
88920
107821
116683
129212
127569
89895
94073
121757
116305
98852
106949
100363
113306
119313
87446
134851
88564
106810
120574
116134
96664
117929
111235
99446
104847
89864
95010
106106
105630
93224
107818
109850
93245
118338
97049
95747
111833
104655
112419
118218
100274
106252
103119
99924
121196
115256
99658
115036
108460
94116
93936
99565
85534
97104
92273
98755
115356
109997
138285
119839
119590
99136
96644
92869
118659
111388
106172
87739
109035
103755
107143
73421
103763
105137
80025
114611
109721
122426
119619
108678
100829
101921
110223
89920
103278
108230
105403
113258
152160
100730
101939
96186
125310
117860
92731
98439
113850
128471
117066
125942
111594
87669
113054
97854
108067
91446
109829
91162
87663
85578
130336
102364
106442
88275
113194
99504
106548
102440
105046
108887
133724
107083
115732
123691
98568
86913
96502
94334
140439
97790
126221
107903
123697
111733
90713
121557
90302
102120
110485
100502
94044
109209
96494
98100
100901
84630
89072
111160
119748
112597
109527
122261
98523
119870
121380
92988
104525
90258
72869
79727
126859
106713
113666
83482
92319
126373
119386
132881
106197
109669
34052656
