126620
103273
87348
101833
117758
101757
83868
98532
107948
106751
127056
96859
96236
98825
93074
86276
99391
141524
104348
100094
109578
96198
89001
102012
95966
108832
82715
92315
114891
102646
90083
94159
88628
86537
92154
94224
100289
109326
108413
124106
107625
82466
110948
109780
115230
112370
105452
112558
102324
119476
111522
111597
92967
103755
82966
101179
105761
103942
119803
108277
132551
91072
99931
106430
96387
102208
109318
137292
112026
109786
111729
86465
104118
111269
119260
96365
113628
134704
116697
126952
96868
88652
98771
132113
105459
147471
109121
109074
112213
96219
96517
109209
136176
107136
88727
135645
100768
96156
93374
106416
121182
114813
122569
118969
87915
101658
89412
108189
100601
104317
116354
104460
118491
98852
108840
107918
105708
135215
98475
118631
92269
82107
105656
100429
89398
104518
128538
111641
87094
95744
101254
120833
96391
94295
128636
92952
113920
97400
101565
96251
115874
125179
84220
104175
93962
97456
118781
102398
111057
96135
101901
75775
102667
120281
120385
109493
104682
117344
101267
116164
118061
104502
102409
96835
104229
102939
117050
88800
104991
83464
83896
116592
120253
100657
129520
132254
90142
115176
101027
98509
132928
87881
84315
107988
136542
89496
103594
116124
111455
109432
93932
97788
101612
96285
96805
101720
97834
119931
105689
86521
115153
100624
94689
106910
103678
103292
103438
134761
92001
95016
119885
119870
99951
105780
113823
94567
117850
107834
96634
99258
134998
94961
111075
118101
115389
104901
104209
114801
114112
119421
104004
101572
103043
102490
102637
108571
96423
117919
95632
110082
105295
100068
113501
100465
100460
107382
86851
94503
100659
91502
138642
104351
106268
115013
136309
100230
100406
99512
106705
94502
90947
112428
98750
107849
100218
92200
98589
108195
89877
85987
93815
111418
128756
103696
89969
142096
129621
81624
83269
108984
121155
151768
114072
132103
108446
100080
104041
106342
90482
101010
117019
120685
115186
111057
95696
88472
116176
102752
87047
98057
123973
123133
136030
106032
117510
106546
113886
111983
118181
107863
100729
106583
98911
90427
132794
79106
99811
105072
79399
98067
33895498
