63374
49134
46563
51239
47832
48597
46167
43416
49096
56823
52804
53337
49599
52149
50754
47332
46704
50590
59562
52146
43179
60125
48478
52620
52709
44722
48404
55131
54091
43274
53795
45581
55008
52099
49247
49760
49756
45740
53315
44096
51367
50768
54395
45558
46409
53590
52749
48143
52944
54580
48427
53738
54379
44380
52183
56541
47859
55685
57673
57848
44305
47078
53028
47889
51566
47604
47385
48020
46275
49428
50700
46370
51647
55713
53044
55889
48524
58206
44382
58900
47553
44607
46578
53376
48641
46032
48953
55185
47818
55115
47776
51278
46350
47078
48355
51480
57852
49813
47906
51302
49430
55368
60431
49746
51835
53416
51389
55788
47808
50895
55356
50383
56739
49040
53225
47349
54662
47127
57702
55509
50806
47423
45692
50672
51674
57681
60709
47655
49235
51548
53800
43095
49234
49806
49931
52533
55931
58714
45443
50053
56480
48936
53854
51256
58997
52605
47140
43244
49820
45367
48644
54369
53879
49300
48158
53697
45633
53952
47612
45670
49930
42741
48410
47852
50063
54631
51640
51072
51776
51665
56978
46151
48081
51935
49060
49603
41830
59456
53450
45866
52859
45596
55403
47579
46713
49663
48452
56550
53012
53026
50335
46685
59035
47015
52798
60108
48076
49860
48064
48144
49943
52317
56995
44170
52486
48688
57864
53815
47783
55404
49726
45871
47949
52855
51771
47567
49935
49912
48796
53355
50510
55439
57721
43174
48837
55692
53185
47662
60781
51912
41107
49537
48723
58306
52658
48197
49856
53283
56407
44472
51302
51180
47336
50935
41980
48847
48601
43454
56781
57035
49972
47586
51085
43880
55921
46986
45565
48322
55023
43442
47378
55138
53735
50913
56753
52048
51478
50446
52629
52265
55978
44576
56288
56056
43214
51430
53039
51614
53563
49736
51693
44362
49836
53938
51898
53646
47693
50772
48784
51432
48156
44612
56612
45531
49583
50148
46456
56635
46606
56530
52703
44772
48949
48129
50320
53123
48575
49250
49010
49623
48432
50273
48928
54838
43954
48790
49169
43637
51555
46325
53038
56114
50485
51240
51406
55791
48622
44811
54237
43422
51721
45501
56705
47430
55759
61913
46762
52860
47683
43859
48562
57975
58081
50009
48279
51007
51773
50190
43092
48252
58590
62264
76526
52331
50421
48144
48406
49812
46737
50369
46203
49357
51293
54432
47717
57121
52409
46529
50943
50540
48994
51581
48783
54567
53614
46867
45707
47823
49867
49040
49359
44777
47373
64045
56081
47972
45235
50011
51139
52522
50154
43884
49678
50278
50702
51713
62197
51197
46052
49590
49532
45763
46718
52072
49839
50339
47785
59046
48459
64921
43689
56365
55791
60981
45775
45347
50489
55226
49516
60302
53972
50247
51707
49194
53317
57363
51382
53346
50399
44243
50843
51945
45333
46138
52630
47425
50695
49640
52771
58441
49768
52045
47533
48257
52172
50143
45526
50048
47888
54473
50589
54310
49901
50867
49846
52190
43265
50146
46596
45762
47493
53054
55205
51365
44855
55798
49338
44223
56008
51211
59507
46795
50839
47676
46727
53559
45526
45567
50544
54140
48335
50286
44543
54665
43478
51820
49405
50079
52269
51430
47485
49014
53333
54674
46850
50684
50319
48740
46946
44852
58101
62533
55912
48056
46957
52822
46252
46269
43618
48317
55538
55374
56248
49153
48925
46145
51020
44918
47729
46533
52772
52248
49492
66629
46983
51369
57466
55692
46235
50253
52546
48402
52228
72215
56031
60525
52326
44405
53137
49444
42082
56290
47606
48430
54876
61139
57370
57778
44537
60056
52416
51212
52745
49042
49062
57166
55373
46185
48049
45493
52329
53003
46363
54671
56308
49959
47061
48188
52040
56893
63739
49666
54739
48676
45785
48196
55561
48603
62748
50477
53220
54744
57199
48788
57055
47889
45962
53871
46584
53661
49330
47204
55023
43846
50946
57800
51732
47682
47083
49007
59901
52523
49876
51211
52143
50300
46198
54029
49997
46718
57874
53609
55729
47801
52403
50942
50140
57072
50152
54608
57721
52394
53343
50968
43023
46282
49129
50553
49967
50557
48059
49066
49418
48648
46196
50297
52503
53760
52434
45197
52152
54832
47506
54021
48601
48492
51491
51046
51684
51291
43911
49281
50040
48550
50639
47298
50707
59610
56416
45776
48739
47480
60494
53795
55717
52600
47648
55204
60231
52361
46094
51687
62379
61932
51696
48964
48556
49921
50455
53444
52078
44574
57483
45253
48497
49585
49542
51289
53266
47897
53801
45178
55267
50213
48830
53134
46756
51569
50017
53734
48030
48718
58092
55818
58164
49098
46277
43572
46634
56141
52956
46610
48363
47927
49403
50637
54377
50573
45986
50005
56359
49042
51142
42728
63523
48617
48272
51887
48107
54614
49279
45137
47357
46199
49152
51370
54049
51364
43843
46782
50120
51954
51874
50481
50564
46290
56961
53567
49224
50983
47990
48767
49162
51366
61922
51342
55155
59648
48178
45117
62103
53413
47180
46584
60247
47493
49430
50294
52688
45660
51729
51466
52708
48951
45419
53530
60302
53329
48536
48121
50620
51205
49880
50733
43002
55410
57296
46266
50858
44042
57071
46838
46279
50012
51617
52834
48145
47839
50369
56302
54035
47493
47811
50911
48903
48181
51852
44321
55283
46965
52889
52672
45141
47671
60315
52045
50801
50574
53328
56252
51787
44894
58258
51229
49990
57088
54608
46541
56331
43486
48994
57487
49346
46492
55740
53163
47456
60138
45454
48062
49178
47484
47770
45373
50673
51474
51391
53379
53015
52927
47829
55743
50742
49596
50026
50983
48414
50915
49408
57941
46218
52085
50921
47939
51177
48005
48278
47647
47915
52660
53894
52313
51370
46175
53124
59181
60438
51419
50216
48079
51541
57128
54106
51103
47203
50445
52165
45153
47938
46576
48836
48945
49497
52052
49134
48259
50523
51731
50055
53864
53527
47339
46243
49097
48853
47950
49078
49024
50133
52571
44671
49266
43862
47936
49883
50211
47271
47440
54546
50018
48162
47545
52993
52226
47854
48137
57051
51408
48815
55486
63695
53360
44774
45855
49388
48409
49686
49013
46690
47144
47126
51359
48909
51819
47751
49250
53872
45068
45683
47933
53846
52440
48731
45915
50955
43614
49831
46303
52775
48340
48811
46550
47931
52700
40353
54730
51076
50990
46395
43767
60302
44119
51083
54407
44365
52370
49469
53007
52995
48347
51803
45233
55789
55592
51400
47232
47018
55131
46509
50244
55319
52964
58695
52775
53009
49314
52444
53068
45164
49649
50359
51004
44608
51938
52017
53213
51113
51841
50696
48251
53535
51387
47085
52012
47835
56576
51473
50292
51623
47874
53586
61490
57486
44929
56988
52121
51635
46637
54828
46692
46583
51494
55702
47600
42929
57007
54969
47188
48785
52112
56635
55473
52944
49944
50569
44433
53008
51378
42880
43339
47121
43083
49027
52114
50429
50640
49458
53942
48524
53369
47147
46030
51403
64119
49069
44701
55421
47587
47319
50312
44349
49242
48384
44556
44850
51423
53272
44430
58643
46091
52727
46954
43317
52408
49298
49449
53342
52625
60064
48685
58063
50324
45638
55480
43762
56501
58491
62551
52794
58936
46509
58004
60262
44761
54886
47819
51247
54520
53417
48684
46273
42287
47449
54679
49607
49497
50298
47988
47937
52555
49240
45979
52188
44999
51553
53473
50644
50759
45559
52005
48623
46123
48859
49458
55687
51488
43406
49621
52375
61948
50008
46498
54233
53961
52374
45019
44690
50504
48538
56051
59560
43970
51609
46086
52120
49943
46081
48658
43199
54549
51342
50578
49416
43807
54999
50179
47739
49252
45547
53978
46745
46656
53167
51362
48536
48923
46169
47394
53940
55367
50826
49636
55286
43337
45680
50216
42123
51201
47126
43522
53430
53667
50741
48079
53799
56309
51951
56631
47761
55282
48426
53370
48001
47020
56121
43875
45619
49400
43849
50522
52358
44921
50595
51307
47415
46745
56124
45029
50697
52546
53241
52380
50991
47801
48075
48816
42804
48052
45632
49930
53910
51978
50780
49264
49130
62793
45130
46727
44245
50373
57503
63575
49917
44302
48295
52846
49524
51723
44945
47471
48012
46599
56112
49737
55304
61189
49757
46985
43256
52054
50363
48502
50139
44543
53164
47670
43986
50364
53882
45455
54766
53635
52079
42936
49745
48130
55584
49965
53817
51639
64893410
