172863
118182
111202
81752
93198
98969
119120
99767
93092
103920
100496
115524
111759
116380
98384
101383
89039
158553
133346
100930
115937
95259
98369
107839
104540
103109
92989
114532
114051
108554
96602
96180
84962
100747
127048
117355
113357
104883
96037
132979
98341
102590
89086
94976
122333
88329
113696
112879
83045
108520
90526
118697
120156
91884
110182
95055
105968
122832
98536
115745
106973
93517
102101
95978
106978
115148
103697
100312
127851
108792
92404
108993
91876
114970
118908
112139
88628
109845
106138
100580
143917
116620
124569
106590
94308
98330
103712
112448
114262
129129
143767
119550
116685
92851
145354
101474
126559
96622
114552
141958
104086
119945
104740
88939
96073
138395
113058
88701
115457
109397
83241
128270
96055
82129
102220
112270
136521
113384
113873
118231
106918
88968
94764
92132
103557
113561
101353
131001
96030
129808
120123
105807
105956
103047
92354
92117
99977
106488
124214
106722
142368
119274
113047
107168
103946
106506
87344
103573
100473
88320
85618
113174
91839
100221
126344
93066
111870
91639
130286
97055
99199
92365
112239
105636
106979
95188
87824
100522
87011
93999
107331
89910
134340
124676
95913
105807
83370
132131
97962
141672
121429
111251
115550
99718
103037
91733
116200
78589
111077
107184
118600
114125
114576
105864
125791
115694
130277
99736
84307
128512
110414
119834
106590
87719
94838
86319
106716
119582
98823
106259
114448
111161
99110
88883
106970
92315
80121
109761
108428
82621
87431
141992
118002
129786
120366
100561
94665
126998
88319
104067
83244
100928
105259
116379
115035
100274
114591
112382
112904
102738
97888
105790
116949
115954
125453
118929
104360
145568
107972
127695
114064
96251
91362
96525
95232
108128
86412
102540
112150
105742
116315
126645
96667
130402
141680
126262
100389
99620
108372
105102
127967
99439
107903
108320
108811
95946
115078
100211
93515
144332
109262
111501
121699
76830
78258
97506
84947
114849
109382
115003
112265
86035
93864
103643
104595
85201
98547
147647
104474
78350
105903
96034
96015
97589
109392
94006
83122
98347
110651
101175
90377
101553
118999
136550
111279
104309
98265
114952
75410
91757
34260302
