150289
135469
94658
113198
147465
106638
108480
113136
136009
111564
112163
98232
94942
112464
107659
96801
125909
106333
103204
110963
113351
114135
115457
92922
113497
90479
94144
94439
135650
94008
101195
111163
113506
108437
106178
91954
137843
118874
82912
112258
90375
90176
97700
101330
113893
122020
112957
113952
126552
109744
116194
94711
101258
94956
121879
108410
121677
99275
106255
90908
119567
114184
98331
115672
82426
110976
112282
77943
98609
135811
81384
118991
89401
104990
127686
89458
96281
106414
119457
93439
134447
131221
97947
113466
140080
106713
115949
108111
94577
112352
89022
86074
117882
101146
98110
143257
96655
96204
98041
127031
82840
107247
78015
131208
102988
97722
122960
97301
94074
101935
118279
110284
121394
103721
112330
88637
82940
119537
109417
95964
83717
88290
82978
98820
112398
94043
115631
106680
97073
110032
167661
100708
116067
91799
97005
84901
135480
74265
123742
108083
112433
123489
109536
106026
125583
110044
107953
130992
129714
108512
131831
125116
108528
97739
105754
103735
116387
117932
101699
94625
117552
102531
102544
96427
105573
116792
109473
122337
75795
98281
101175
122585
119487
104249
94748
112402
82669
99553
96892
110963
101721
106423
118671
110994
133090
125679
121136
97822
107235
109293
103211
125561
87433
101815
119843
91617
98556
88960
105684
105029
138999
102004
112752
101576
105920
109798
113361
96990
111168
160421
78861
131540
113526
116199
105256
109568
112987
104769
120580
109601
107625
90761
81673
113370
121465
97902
101351
98212
120062
106595
114918
133322
104231
84715
135094
104257
84462
112712
103715
106284
96924
85861
118062
102892
92479
105736
78528
96548
106728
98238
117199
90263
103820
98703
91530
102702
84199
120784
133094
95629
106046
122339
133061
100008
123501
100673
111451
101569
92686
100895
109264
85472
120719
107161
108320
110634
98751
98078
95975
90548
97439
110333
128482
116091
87819
82873
91776
126438
92082
108760
105328
94256
106707
104774
97795
104506
127476
119737
131606
94650
105300
98004
111851
94021
95397
126715
128603
95854
102489
121924
112270
90332
84162
104642
138120
111934
84075
94103
69260
58197
34223235
