68711
70649
61586
63196
63447
68617
64557
63542
60593
52650
53697
67177
69569
51658
63725
68808
55482
68007
69330
60554
68093
56090
79867
65069
78184
54426
57163
51756
68185
60852
58172
56176
57229
53367
59174
62395
64732
62554
61884
67389
51685
62911
59837
61607
56115
65623
55795
56916
56358
64197
59558
64001
58004
69233
57078
64445
56885
59987
60996
57510
54156
62709
65622
66785
61586
64347
65181
60609
84477
67021
61015
56095
59702
63932
62277
52887
72709
51041
60457
61518
63073
65382
57757
58726
61990
58706
49613
76109
73216
61941
73452
51642
61002
62009
58135
70604
54863
75894
63572
71780
54049
52578
57504
61874
80243
61610
56621
57186
55865
66863
63133
65664
58006
60109
56236
56455
64050
55330
66995
64026
67035
77205
59151
65056
71151
62712
59763
66923
56686
67053
53756
67183
68983
62904
70578
52267
54475
77987
77829
57280
69374
67827
57993
73523
56141
75495
66474
65661
61309
48127
61699
66869
63176
64581
64419
60902
63335
62031
66930
52650
69028
71932
65276
61074
61453
63492
70515
68163
52747
64119
61367
58333
59570
61575
59824
83192
63228
60866
65054
59295
69735
57154
74613
50504
60974
59514
73532
64636
54699
59180
74084
78588
63920
69906
62545
61827
60023
55334
57933
63460
62370
58212
64518
57131
53515
59423
65883
54367
72197
64224
61348
55945
59246
61174
59461
51603
62176
54204
75535
55762
76254
68680
59388
61200
65708
57367
58689
65505
52462
57166
66495
63326
64601
54996
60484
54445
80804
65053
62805
69817
50127
63644
55279
69662
70413
61668
65770
68967
80749
59523
54072
65329
64978
62940
61536
62130
73315
58879
62996
60566
67167
67466
60449
62999
57824
66109
63043
59866
67861
53624
57253
54692
61602
65530
49144
54444
66798
51920
68896
81219
65331
59053
68931
70213
67290
72155
64049
63955
57350
82549
70928
66123
54754
61967
69367
66988
66195
63376
55833
65058
69592
55894
72971
63482
60768
61057
65344
69452
57653
54390
63937
67353
56678
57697
59425
67951
57721
66247
56734
61753
53227
63769
58569
74708
58127
67696
53311
63539
54070
64358
62777
67854
62104
57144
75784
64926
54015
59612
53595
68860
54711
51343
63306
63696
53218
59687
57532
60592
60052
57854
56798
62542
63962
66740
56946
66834
73237
73276
58176
56139
55203
62946
63068
58552
62431
77538
70198
61177
67216
72187
66290
62694
66499
60880
66263
71464
65560
59348
50173
70767
56369
77758
56923
61056
67350
59813
56843
67144
77421
69670
58484
63776
74502
60207
63837
51032
62544
75462
62787
60889
72088
57996
64879
64744
61019
68128
55042
82279
54163
54212
68741
60645
68556
57403
58508
60376
63937
58992
68882
71116
69472
55221
61056
58995
67083
89024
55346
70019
60453
67794
68905
61518
51887
60862
73109
58705
62295
59982
58517
64316
56643
61786
54517
63731
71519
71804
56260
70182
55556
60225
57029
52278
69460
58664
60621
63731
55803
53441
63105
75372
60250
84061
62440
60138
57215
61583
69282
62145
66806
63938
63519
60044
64464
58887
56386
56997
62938
67998
74474
70661
69372
55747
67352
52709
51144
55566
59983
69899
61936
74693
61095
56299
70103
55337
76018
79296
58928
63051
58283
51180
66112
52923
63707
62865
65296
58484
61732
65506
56494
60074
62989
53799
62643
71309
67027
65963
59948
63947
62842
74705
62338
71639
62243
57778
68996
60722
60473
50481
58851
64916
66604
57493
62287
56565
61536
69237
64792
66400
57648
61221
70357
62414
60443
71241
61577
59072
63622
64150
50762
58267
71927
60916
70082
58357
69893
54387
62522
49935
56910
63755
60049
49510
58150
76459
60593
56951
64326
54083
70518
60430
56254
62111
51490
58525
58811
52529
63017
61112
61236
57033
54702
61764
61174
69407
60082
55818
64808
57861
70378
58680
69449
65927
69880
62134
53885
63510
67157
54362
64500
68832
66814
60850
61004
52842
61923
61852
78113
52501
58115
62196
55312
67737
59662
56826
69497
58276
64173
62518
75501
57444
62804
69514
64134
57197
72709
62605
61434
49649
59097
52692
56912
70567
60926
54238
59439
70930
40966
70995
50735
54061
40075998
