66070
59134
65757
54661
65767
62263
56064
69839
80751
53018
57697
70118
65075
59378
58024
57083
64716
57761
85247
60177
59607
68849
62731
74530
59618
65558
65809
58075
74451
53331
64825
70716
60572
60171
70320
63468
66880
69222
53297
53946
57070
57540
68066
78814
61480
67088
54642
63542
66270
56401
62701
59746
66411
73415
61272
53915
51199
63968
63977
70215
70826
60705
71742
56497
60163
54396
73594
69400
69579
58430
63478
57805
56463
52783
60170
61403
57802
67030
68706
61724
57157
61776
69885
72826
64954
57577
62728
63867
64163
67550
63827
68763
57680
71100
72423
66597
54140
71161
63681
52797
66978
63540
56170
68241
61421
57811
55862
56874
46032
58362
59169
62782
67829
55596
55814
66726
69463
61312
73052
89431
52973
65214
69267
69080
58971
61705
55543
58806
68088
60941
60360
55363
62589
60178
74343
58114
57619
57397
83453
69588
63831
66283
57150
60986
59240
58739
60766
56648
55413
59003
48522
65278
67464
67610
56397
57209
69417
54692
61187
55180
59926
60159
67859
53169
65126
50484
63308
49018
64537
51637
63975
70389
61910
54344
65370
63518
59046
60533
67635
63617
62027
65914
61577
56688
55181
69666
60222
67873
64358
53120
81898
81364
65317
54000
65554
63700
63105
57566
66195
59650
66752
60363
62965
71988
52011
61111
57887
65636
57972
64931
69644
60745
58287
62622
60204
61185
63945
52646
79296
64128
62328
56949
63917
67712
62772
61901
69175
56414
66981
68591
54330
67828
57210
71822
56350
76962
58289
66196
77494
60394
64744
62718
54437
64396
59084
62865
63494
62654
72353
56765
61001
74529
60647
57924
59509
58769
67966
76625
51482
67657
77688
57360
49187
70237
65049
72908
65489
81229
52078
78635
79434
59506
58838
62685
61841
74048
58115
58086
71108
62162
68632
57022
61648
57633
69844
55704
70352
63642
50501
71048
57168
61042
61406
51049
64963
61366
66645
67133
55276
61589
55133
71015
68834
58090
62614
55996
85356
58277
61998
59932
66063
61295
64992
53732
60765
59242
57360
60393
61308
58444
55489
65391
62439
64987
65687
60179
67632
67904
63389
73647
51209
58618
60294
52163
71370
56922
59706
65595
59255
64411
67793
60939
65612
62867
67169
71090
68846
51048
64735
65240
79179
56702
57524
57098
60752
62573
65004
57634
59661
67208
67739
59163
67048
67282
69476
66002
61502
59179
59472
58461
59972
63648
52483
65446
59550
62151
65441
49954
68795
56045
71912
63020
61902
69931
59987
70682
52524
67988
52043
64210
76304
55669
76447
54033
64425
71205
59224
56880
62596
72561
58599
53603
71735
57327
65054
58909
67279
57162
58921
73713
73841
59667
52969
61720
56653
61287
67117
52934
61786
65526
81726
51097
59023
65335
68295
58661
71368
56417
51254
51775
57375
75895
59684
57227
56642
69436
77866
55257
57918
65328
63422
66837
65881
61845
67065
54944
59431
62717
57300
61366
61995
50109
76825
55464
57868
65062
59164
53430
65740
58024
55336
54150
61349
54442
68812
70622
57136
66815
52850
61157
55824
66092
56140
72501
70975
60812
83799
71267
62522
59360
63684
64005
67537
57582
62943
54888
63323
54788
51040
62495
58444
56349
67635
64149
57424
71748
69589
68995
60382
71465
62389
54851
92405
52897
66288
54426
57610
67892
56799
66443
53843
60100
52711
67308
54412
61415
47348
59068
57514
67340
58618
73648
66234
64546
59981
71476
65181
54801
72156
61372
66023
58071
61504
69450
56674
66706
63081
73248
69394
56295
58931
57031
64652
61426
54336
56237
54599
60267
59240
55534
53512
74020
58336
59752
69950
67703
76126
74004
57037
60762
58939
81483
57143
66803
70743
55579
62225
58060
58441
60208
64110
62220
53272
61018
62105
53947
51875
56861
60393
67192
59234
76949
58120
65551
62900
63007
66926
62793
63700
58016
56657
61746
53961
65039
61885
54435
62840
71152
67635
69417
62425
65335
58356
64922
64059
49551
52726
66684
63198
60294
57815
59730
63857
60282
63034
52441
77732
70689
63467
61141
66025
65159
66928
72118
57900
55554
70657
59589
57302
61940
68931
58680
43469
70124
56142
67637
45046
62845
64282
54055
40068283
