141707
109067
130096
82758
97272
111091
102594
110178
131563
99376
97375
141767
110458
113745
108481
110334
120043
86469
94931
94900
103403
109728
93576
104870
91741
118269
97162
102468
86051
127098
111839
98352
112587
128952
103844
110161
96638
122535
123006
75138
101997
110925
118011
100898
83330
92347
110546
120750
102641
109488
113870
108227
125886
108767
103398
118100
111566
118048
109685
82259
111056
91533
100310
121417
103874
88725
128074
107284
100221
88001
90487
102425
100274
83004
84117
99046
103943
111044
133541
123184
101910
113756
78801
98713
119993
96642
105458
116320
97960
122004
85065
108973
111359
136926
88171
118888
161378
96964
100421
117221
112441
109839
111584
116638
99572
98164
91810
101930
116424
95673
126049
81392
106957
126190
121192
105968
125075
95741
129581
92699
131496
114039
124537
88845
124923
120293
141334
85803
129714
100746
103918
101210
97365
95871
104923
118993
111100
118095
78500
100378
122522
95894
97635
93357
125078
112777
106782
90278
111927
98748
98629
108223
131250
113473
126083
83299
95319
98751
113482
125927
120460
111242
140627
109373
95090
107415
128536
120137
118589
103269
108109
90004
103479
104295
109458
122092
114190
96622
99482
109721
116320
95926
84734
109495
87347
86556
89003
102367
87267
123012
86829
112029
101210
96020
117889
103606
98322
103875
107016
104983
94649
119051
97001
120733
125567
93633
118210
153205
90151
137285
96170
115653
89729
96302
83586
90652
96372
103814
102446
95363
108309
116924
115624
107752
112443
117148
109383
116354
103487
109539
82786
110982
101720
110787
100929
112804
112736
122597
109783
94471
107349
101813
85314
93127
139332
126738
119100
88255
113600
123942
108076
111581
131201
114903
100805
78394
113007
123982
106441
118150
132952
119018
106235
105405
83801
91170
125126
86448
109053
107025
91797
92683
102162
137315
96347
130551
103010
109385
95661
151437
120997
95823
111439
118517
103410
104235
114883
129300
110990
95883
98119
118159
109838
115413
109084
86996
114773
110456
107994
123168
109343
105617
99203
76085
100165
127214
100253
115059
88871
112270
96970
96487
106072
78706
59721
64027
49198
46280
52229
52177
34056522
