56520
52531
45825
48615
48385
49697
47762
48006
55264
46172
54345
45609
55061
53559
54093
55527
53071
48537
56702
46384
49187
55147
56229
46014
46611
52753
47187
54624
46966
45763
52325
53217
54187
44994
49366
51119
48343
55537
49712
58797
53312
49893
47529
49033
48689
50901
49800
50403
50580
52459
52132
48428
53423
49576
50945
55731
41108
55243
50752
54538
51523
44139
48591
49180
47594
54977
45676
48498
48998
51607
53275
41652
47815
51308
53794
50047
55401
49519
50955
50202
50220
45829
53239
47010
49690
49665
46721
51336
51449
51054
45130
54779
61649
44162
53910
43095
47298
52113
50307
53186
48769
46536
53128
48313
50362
46877
53680
59290
46359
47332
46676
51876
51260
43670
51406
53710
57982
52232
47044
56126
50249
54072
58877
51835
57447
58848
47686
48573
54364
55094
45086
55151
57517
55769
50751
45067
46892
50919
47636
53160
55527
48692
52065
52111
62514
51457
51723
53828
49198
44538
56094
48048
45289
48117
56380
52335
52934
51987
49201
47711
49687
49837
50751
45673
48730
53345
42930
47981
47241
49758
54087
53376
54524
54263
50093
50448
46118
49317
49678
51435
48819
50818
45468
52723
49285
52738
47917
47845
49134
50352
66512
52492
49195
51212
54459
47075
53446
49095
52507
49277
47990
51393
55262
46585
54750
46858
51518
59092
50296
50793
50549
44364
53831
42652
54630
49580
46408
54816
50837
49301
47080
51946
59297
54161
56096
42335
54801
50136
48836
53755
48342
53159
55408
50132
46860
47246
52075
50136
51673
57862
54503
51503
44780
46705
48013
55438
60384
52383
43369
49219
47782
51920
48015
44541
52257
57422
48395
48017
48918
55136
47288
52743
46195
44217
46127
58588
49728
47982
61946
47028
48349
54507
49804
46531
57770
48899
51504
51303
55175
48646
45127
49696
48584
46439
51377
49878
49711
48140
48416
54484
53000
49367
52225
57788
49397
44080
51390
52907
52899
56110
45393
45493
54625
43940
49628
48501
51441
45107
50378
45189
49162
48231
59525
55492
50982
56317
46981
49625
55337
50446
49562
48390
47749
47731
51656
51686
48395
52604
60096
44393
47720
47374
52505
44144
49596
50325
47161
42384
51550
44915
49766
50166
47299
48490
55111
49748
54458
53492
50969
48309
54867
57474
46083
47323
48229
53441
51799
56514
57775
48573
47159
51381
48197
47859
47315
55858
58508
59428
70813
54028
46089
56586
55213
45499
50002
44948
51236
45860
47405
45267
51962
53903
49302
62213
57834
50346
43692
47532
49170
50387
45894
47266
53752
49442
50945
46754
51173
49320
44447
48089
47634
45519
48864
49365
48483
52365
57169
51075
53773
51895
48854
55847
50780
46578
60734
48059
48148
48591
48734
53990
48825
48728
54192
57234
52171
50586
56930
43692
45942
48710
49296
65454
52591
52867
51715
52371
52163
51038
47716
56350
48316
48477
45215
51414
55301
46737
52154
47985
54278
49710
55258
57683
46987
56545
47891
52796
51683
52758
49071
47969
45091
49787
49267
52420
48518
49542
53185
48770
49676
51054
53479
56901
46097
50041
48666
46313
52728
46962
47219
49276
45049
47873
47912
56023
54620
49513
48478
53905
50095
47919
48119
56162
65598
49356
45979
48370
51732
47379
51994
45875
53221
53353
52405
50699
51977
53296
50948
45356
56350
44952
56092
48345
51227
57188
47144
51015
46601
50240
48004
46393
51746
56088
52742
50304
45612
47646
63566
52592
46589
48693
56144
50039
49439
50061
60205
53974
50902
51819
43399
51141
46149
43799
54756
46058
47418
49023
51373
51731
46087
58134
58700
51881
48818
42699
54301
55114
50015
55010
48392
47133
53594
55302
50243
54245
59039
45782
53314
50019
44175
55728
45673
54447
55517
49904
47667
45161
56701
52266
58935
51953
52500
49863
48797
53864
44647
53666
43537
56036
55582
50430
45967
53911
44709
44095
55399
55344
51562
56594
50988
56498
43269
57582
53508
54394
51005
49517
51980
50422
49094
55097
54477
53937
47080
51549
51356
51224
48316
48814
53718
48213
51011
58816
57767
52531
56608
47932
50912
50655
45801
50560
46359
46925
55086
50252
51193
51140
51251
54096
45428
51715
52359
52076
53056
52104
57296
53088
55902
57224
47068
46497
48783
56504
53506
54840
48706
48791
52532
50151
48492
45407
52819
51138
52349
44430
54323
52808
48578
49384
51067
59558
60795
48866
46968
59009
55951
54937
45038
49900
50839
47905
52203
49594
46864
52142
53647
57004
51203
50369
46665
49786
48765
46960
49633
50288
47610
53864
48725
49304
58111
50811
50608
42090
49049
48606
50186
56571
48473
46864
63130
45993
56439
49640
46059
46144
52224
47598
44168
55423
49563
49496
49957
44283
49915
55603
56050
58970
45291
49603
54524
48859
48338
49156
54107
54066
55581
59207
53388
50892
46874
43596
53786
42643
44890
52540
45828
51714
47275
59473
54438
52373
52132
50467
49032
46332
50892
49379
52470
50701
50743
46139
59579
49975
55796
46365
46529
54018
47659
54064
47973
45581
47864
50294
53093
48628
48406
52131
48576
53082
47059
43302
51336
50963
52128
50909
50324
48644
47645
44942
57812
48347
57539
51754
46812
49981
52313
49866
46616
57584
54417
47249
54670
48830
51178
51613
54724
56481
50224
49266
53027
54633
45144
59731
47447
48135
52524
55087
47822
43573
51469
49829
45616
50259
50196
54663
49840
46130
58542
48846
47215
48436
48021
50964
42005
44443
46304
51461
49232
50065
50023
57149
45660
48080
47534
44454
54449
50792
48598
56571
50267
54679
59782
59627
62138
44083
52816
50056
45116
49843
49535
52087
48178
58207
48557
48828
52362
47213
46236
52077
45974
46026
55183
50403
47029
47632
49407
45557
46577
48029
53886
53038
46113
49952
53682
55494
51197
49551
47412
49434
47790
52899
46736
46289
50653
46714
53544
47725
48998
47364
45818
52244
49787
42962
47240
54041
46933
54768
50477
54324
46482
57740
46159
51251
47213
52866
54033
50647
55072
45628
51208
50259
52038
46477
55510
47344
54514
50072
50444
52488
50360
44705
53636
47047
52468
55703
58497
47933
53765
48748
52135
53577
49774
45642
53231
53074
43461
52688
51715
44158
57435
53819
47624
48837
54418
45926
47220
49982
50394
48784
51102
45513
48888
50483
48148
50843
51187
52230
54087
52995
49317
47240
50733
48067
49547
50399
44146
47950
57959
48067
54775
49772
51003
57561
44133
52406
49578
53527
56457
52834
49580
49454
49629
48290
46067
53014
53703
54268
49247
45836
48712
49662
48415
51812
46371
52298
48899
51589
51495
50296
48902
47863
43971
49191
45319
52699
45493
50012
48266
42923
49544
48482
47381
49369
50810
47772
44860
47960
49560
52007
50407
50446
49545
50685
43783
45355
50786
54457
49019
51359
52876
56367
48768
47804
49137
51177
50751
52726
49226
52980
46304
48067
47650
53226
44663
47612
46414
41893
46825
45746
48733
52067
59016
50086
45622
53401
53776
43989
53359
47157
51771
50542
50405
63598
45821
46713
48381
48348
48547
47832
48446
47965
47936
51861
51360
46998
55314
48853
46354
47107
49132
51914
46689
50632
43188
41105
48947
58846
44280
51765
41761
57202
53238
55329
53199
51701
59275
58240
54179
56611
56269
51849
50028
48808
60158
53943
50206
45165
50286
47957
56838
47284
42906
49451
45997
51502
45273
51688
51253
47804
57265
58300
45524
48609
48281
50696
49938
45243
45424
47632
48217
51596
50500
56898
46993
47186
39927
45188
48985
47454
59251
50487
51907
53152
47080
55454
60316
43476
48252
44445
55951
51469
50956
51825
46096
53655
53593
46716
54058
44108
49614
50814
49342
49508
57290
51620
49112
49015
55465
53224
51622
48288
56367
43834
46739
53046
45842
52027
49894
43303
46806
47263
46254
52617
49171
50343
50937
48725
49636
50955
53937
51521
45401
49135
59527
52910
51673
47123
52345
46761
46875
50377
48341
55847
56404
51399
45864
45615
48289
57285
55526
52367
53225
53084
51126
55491
54597
55574
45428
48618
57356
51454
46417
51667
54523
46218
46176
48318
50503
52678
59706
45584
44597
54369
53268
63325
60188
57091
50460
51216
43756
50873
48706
48264
47356
46709
62616
54103
54966
59661
51551
53262
46094
46549
52661
45847
56807
53694
48870
52551
47757
52065
46933
58302
49115
51740
56088
51007
49586
51357
55107
50332
64837359
