66973
49319
50623
55037
59028
61350
57581
52818
51215
47949
57281
59096
58398
49328
54608
56439
48860
54288
53364
61479
50249
60920
53041
48287
61470
52735
55284
53908
60799
55312
59261
59779
59263
53257
57583
58772
55363
56856
54963
65956
46596
58476
53663
53126
52815
60346
58342
49117
55446
49131
46958
49336
52329
55367
57194
52249
51810
50164
53394
52580
56890
51912
56005
55890
49489
50955
51389
58988
50595
56880
50619
63567
65250
62850
51614
56195
55005
49337
52217
55803
52484
55853
56431
44653
48706
54902
55865
53483
55259
54671
55053
57600
58786
60548
54727
55743
54644
50587
58842
62138
54723
55704
54401
53053
56258
53930
57840
52956
58864
51199
57755
49435
55599
57862
52360
55946
49259
59491
54696
62343
48969
55102
53851
55597
51735
49503
58170
55943
66892
48434
54319
54793
55624
61132
50233
53431
59504
57778
52920
45162
54210
55282
59056
58519
55179
52263
51920
54771
53331
54235
49387
54700
55307
55376
58259
52531
61994
57189
50962
48937
52686
51820
52568
50384
52986
53009
52360
54770
52977
60608
57153
55512
59603
54285
55437
54835
59633
58762
56375
52265
56982
58021
55828
56661
53105
52220
53799
50894
55064
53983
50405
60257
57151
55795
52350
56716
60299
61099
56350
53765
54487
51474
49589
60233
53337
60212
57536
49259
53582
47312
52971
56834
51938
59040
54574
59352
63532
55804
58200
50207
56774
48624
53305
52773
57965
48809
55587
46637
53871
53932
53035
58954
57611
63274
53477
52397
55680
53626
57216
54434
55980
49274
56562
50108
54163
55150
54698
56081
45967
57221
54380
47967
55978
56985
58517
52379
59958
65166
59157
56452
56473
50687
55591
55898
52514
57818
52935
63203
57794
52081
65926
53893
55437
52567
66100
49921
53003
49621
52147
55046
51822
48670
48895
54073
51156
51392
48217
44607
57708
48635
53570
58243
52776
52587
52008
56106
58474
52617
62069
49430
56792
52709
52738
51499
48829
59065
62538
58568
56306
53140
56438
57758
56850
53915
53686
52690
50491
50138
60653
55329
57851
51737
54899
52300
52213
56706
54353
51846
54658
50163
52778
51092
59101
55202
53652
50459
55582
52602
51625
60689
52874
54934
45523
60682
51089
47569
52441
53296
53419
54787
50297
48342
53498
58517
51746
52451
52583
51834
55836
55864
52183
44756
55146
56489
61668
60596
54732
63037
51738
58433
55513
63327
58214
58121
53345
52530
58576
52626
62278
61814
61881
53793
54361
54204
57302
53336
51415
58471
51393
62177
52540
55004
56413
60381
60411
57772
61222
65761
58726
50677
62741
58804
53257
57321
51101
51501
55726
51968
50535
56151
55591
52001
58719
58289
52049
53504
61143
50696
56891
54204
53418
54750
58353
51525
51198
56596
53914
57705
48823
46215
59040
50633
56868
52544
54707
51623
53169
52558
55882
55535
59743
58788
59934
58247
61195
63803
55478
57904
52190
52391
51461
59331
50778
52145
51372
50118
55459
56764
54210
54261
59425
53066
56149
54154
54615
57444
55765
54755
56347
50827
48534
57990
56826
53844
47933
52235
53384
54725
57019
58008
52321
56548
55854
59555
61383
57957
61047
60586
57768
53463
57515
54858
54032
56570
49790
58166
57612
50462
55048
49020
52740
55289
58512
56996
49361
59671
60975
60966
51362
59874
64476
60027
62241
60055
52915
58272
52661
61982
54487
56106
55329
59102
58978
52803
52588
53104
56124
51502
54450
54937
55641
52482
50470
50307
54754
52620
55354
47850
52506
52246
50784
60578
55559
57579
58172
51531
56334
63335
62498
53951
55105
53561
47743
51932
52181
54092
52587
50616
57585
62625
55183
46642
55568
53249
63147
56229
48263
54409
53695
52383
59119
52831
49743
48010
48824
56409
59663
58141
53619
51400
59527
51399
55319
54918
55123
49106
56531
56054
65357
54560
53414
54025
49559
50892
55832
58853
46329
53515
57475
57097
50718
49907
53507
53925
62008
51118
48085
55207
54766
51272
56177
58454
56131
52956
52326
51485
45896
58281
53012
53861
47986
53610
56104
57323
55051
54195
50022
53139
50121
51589
56196
49750
55001
46196
48806
57659
50651
55551
53076
55905
62691
54139
58432
49293
56217
56083
55980
55755
59891
45916
52269
51847
57881
52408
46247
51405
52224
54479
54117
51194
54234
56001
54925
50742
49829
52450
54989
60473
50800
50204
59396
56354
54293
58707
56122
52457
57547
49512
56118
48724
54593
58567
54160
54686
49085
55960
53148
53940
62824
48805
61709
52666
59208
50836
60650
57880
62145
56802
52666
52647
56603
56281
50586
67894
55770
53021
52679
53497
54689
52471
56727
52647
50987
57371
50661
58733
47006
60247
56046
55717
65054
57161
55280
55763
55388
54115
59345
54363
55879
48800
56307
55774
52132
60895
57191
48507
49365
55379
55375
50633
56329
53653
60060
55758
51870
55815
52603
58489
57491
54694
53327
53218
47272
50513
53212
52032
48535
51338
51189
50966
52892
53785
51336
54667
58355
52797
51053
54876
55842
64504
55495
55641
54732
51856
57968
50535
55149
58629
52028
52897
47468
52725
57387
50760
55078
56169
55710
59453
52737
53149
46423
54695
52738
55760
53887
61629
55690
53601
66274
49712
65463
55943
54764
61059
53226
54324
65913
55443
63492
57008
50561
53814
56868
47199
54783
58624
50862
58095
52294
53609
54006
59579
50484
57356
59718
58380
54819
53053
56729
47879
60763
52366
55084
46278
49134
54699
51113
53679
53295
54275
59727
47662
47466
62137
53531
53029
51960
50100
54061
51126
58186
56825
62933
47562
48714
53950
51590
59848
50454
55974
50466
60455
52117
52040
49101
51599
64634
62604
66094
52290
58349
57742
56602
57593
51859
52037
55463
57919
49866
56371
57550
52033
54395
56069
50974
52374
56122
49099
51625
51382
55860
57159
52041
60244
55877
59693
53720
63701
58233
53760
55328
55064
56559
50354
61357
57344
59079
53305
58536
56257
52772
50215
59772
58166
46402
57856
58986
65383
54949
55945
63992
48262
49976
55198
55103
53384
55021
52328
50485
58527
61746
60868
46254
49166
56120
48560
55493
55553
63138
53507
53409
57212
60874
49062
53482
55080
56351
58343
57973
59896
53353
62804
58278
54284
55540
55173
45259
50493
53378
59659
58106
57127
52927
51962
56116
55940
55090
60096
51667
57807
68556
54237
55460
53051
58183
56924
58956
61577
54510
60744
56517
52007
56148
54577
50240
56552
51973
54192
51503
48690
59665
48466
52642
52397
55020
61815
53404
59994
54738
60832
62123
68084
55852
53820
48070
53412
55616
51802
52786
53298
58009
55463
58784
57749
55676
57705
53906
53125
55764
53116
57775
62392
57643
54394
54936
53304
44908
54563
52169
50209
59757
57555
51619
49800
48067
55704
50724
53089
51518
53743
58130
50732
54600
55878
54632
54644
51921
55172
57238
61497
53374
61551
49588
56075
54316
52749
53280
54680
56992
54557
54650
50986
56503
49480
49616
57138
54464
55942
52526
52749
59046
56088
66870
48426
55186
55946
57918
46870
52292
56199
50372
53337
56244
49232
47992
54806
52299
56208
54943
52739
53095
56604
58137
51091
56445
56614
51459
55012
48819
52260
61561
51144
54809
52816
53257
48531
54910
58015
54472
51519
45257
59184
53344
53276
54070
62673
55709
55994
47902
51169
53163
55713
51629
56967
52679
53604
55485
50969
59661
49248
57780
53623
52888
56780
57004
65972
53996
55552
52505
62353
59234
58565
55800
49872
48097
55600
61758
54853
58654
54271
56696
48450
56953
51450
53385
51341
53505
59260
60252
54297
51523
55580
54487
51459
54403
59183
60724
52802
59026
54475
55325
52489
50983
57287
50334
53407
51748
53023
54969
59275
54307
57378
55917
63591
61681
56867
55499
52837
49927
47194
53060
54602
57415
59458
54099
52981
59634
53065
54991
54726
54042
56864
64194
59916
56128
51845
63293
58118
54967
55953
51034
54132
49321
56911
54278
53883
57702
58252
52431
51303
54986
59190
56108
54811
51436
54891
57092
59562
56811
56007
54504
57094
53644
54221
57185
55281
57478
59192
59700
50439
52760
56087
55187
53851
54571
50193
54605
58843
60729
64722
57532
52980
50748
52224
54355
48460
50946
56472
60840
58149
59911
57515
62022
67060
51834
56879
51782
49486
50916
54964
47486
49289
55293
52015
56884
49183
62232
62197
50638
51274
54883
47488
54477
55599
53892
53655
55493
55210
52041
58279
56260
56872
61389
55185
51334
58105
48430
54142
51100
57646
58632
53938
55473
51330
59029
53786
49132
57969
61380
55609
50943
54453
53858
58850
56622
61196
60551
51455
55426
55850
49555
55152
56078
47915
56277
52144
49982
58834
53183
51935
55513
54182
57593
58888
50839
46485
51399
50151
62071
53904
57076
56914
57003
54058
55081
56288
56567
58349
57381
58442
52879
53500
57851
46191
52861
55954
49816
52379
55060
52912
57928
52222
53675
54797
52499
46257
58109
54072
58332
52615
52357
53745
59683
50877
50820
58490
54985
55324
52990
58879
54952
55720
53997
49869
51067
50478
52272
52792
58893
55240
59557
60564
54395
56571
55777
57665
57589
63246
60094
51840
62718
52982
52172
52092
52148
50921
55581
55609
54475
50502
51420
57504
57975
52547
52719
53560
58970
49875
59699
55561
54283
50819
54148
50479
53216
54352
50838
57048
51893
51850
52318
54043
63130
60516
57846
57372
57401
56302
56419
56842
47101
53314
52829
64004
54354
54392
49778
53975
61954
49717
52971
57098
52318
48446
57387
54137
52610
56894
50775
54181
57038
56310
53589
52685
52925
47276
52605
52620
51598
52315
52553
54919
51859
53178
48257
48349
52781
53576
53208
53105
62833
51615
53228
54258
59185
60483
56885
54904
61105
53949
56228
58913
56376
57609
55637
57293
58738
58985
59530
54882
61442
56756
48358
56401
58298
59082
54498
47641
49038
52710
48343
51532
55139
55596
52239
58751
49761
54931
56586
54304
49438
60992
56708
58275
57639
58436
52163
58354
54634
52168
59109
56194
56977
49887
56290
50492
51218
57182
47692
60682
60044
55531
64164
55826
55565
56273
58323
56746
56126
54706
52728
52603
51489
54914
60961
55215
51741
49067
58754
53245
59006
48874
58682
57605
55644
57297
58490
57154
51572
47444
56781
55636
51248
53061
50554
56103
52306
55852
48735
52959
54584
55301
58786
51291
59703
48874
57885
59448
61069
57152
51317
60337
56686
54354
46660
50291
53442
50850
54063
48104
57568
57537
51721
55538
54964
57155
54809
54651
52971
54690
57660
53716
53668
57255
58370
53765
46890
52419
50174
51572
50982
54649
54367
53686
53671
50167
56818
62894
61215
49777
61869
49181
51611
61564
51076
58080
50510
56592
57977
51463
58534
49930
60646
53826
64021
55753
54927
50609
55734
51007
54713
52148
52395
58162
57066
60674
52380
53431
56878
52481
61169
51689
58914
52867
52810
56379
46938
54165
60403
53186
55338
55182
57737
67648
46616
57827
52256
54585
59754
49451
56508
50565
54156
59244
49467
55592
52686
57441
51006
55436
58631
54887
48476
53884
53241
55947
53832
53001
51298
59379
50799
53390
56260
53719
51936
58549
52157
51774
59678
53359
49495
57638
47653
56522
52626
56888
58418
59718
59048
57150
52367
51892
52563
50426
52852
50776
56727
46994
53366
54818
59465
62972
57208
60100
48190
58143
49634
55462
58298
51786
67365
57669
56658
53994
52077
50530
57788
50590
52413
58356
60868
60244
55021
58515
52738
51292
55564
52250
60485
54473
53315
47549
50699
51586
53721
65734
50215
56752
47241
57613
53051
50447
59843
55824
57315
51994
59582
50840
53426
52263
49352
49702
57878
55451
61206
56399
59549
54959
56392
49194
59903
55498
54224
46912
57818
58389
54586
48983
50722
55157
51817
45382
48629
51852
53004
52905
57573
55608
53098
60058
52652
61681
57565
54719
56446
52239
54818
50627
54226
57018
55573
50254
61465
54805
50353
52638
62370
50166
55115
59262
56636
59904
56510
50861
57217
55715
61360
55790
55273
53495
57691
54139
56670
61140
46195
61740
53281
54354
52183
52856
62626
51909
51898
58613
51385
55428
64013
54502
56461
52877
50387
53093
52147
56419
55987
56613
55583
56721
57406
50377
52956
58977
57160
59342
53915
53778
58694
55920
52306
50836
49015
53995
51916
56424
46306
54252
53619
57730
58593
54901
51756
51509
50444
50680
65359
53669
49985
49185
52389
52674
58256
57873
56032
56313
53665
48906
51168
54991
52319
56782
57110
47166
56776
54736
48875
51868
53784
55783
51614
59530
62512
60785
58473
56481
54849
58869
57942
60367
55549
50530
50592
56139
56844
52697
55016
57757
53314
60464
61712
59749
58617
56132
58733
59938
59948
56418
57969
56858
57289
58318
52213
59756
44751
49657
49921
58109
57955
58371
55448
51008
59786
48677
48485
59026
59573
61622
54370
62031
53077
55130
50918
60293
59647
52483
53477
48659
58666
55924
48930
52816
52182
51894
56869
57589
52885
49899
54048
49025
52905
64786
52027
47858
61343
52768
51962
57517
50588
54942
57665
61778
51263
62877
57413
59387
55153
47908
57315
56269
54378
59906
55796
58340
58803
56029
52123
56539
49029
56487
54379
61254
57700
55601
49768
52570
53944
51898
53330
57745
56321
55217
56699
62336
57644
51487
56782
60349
51654
58390
57218
55329
52219
48032
52838
52617
56219
53203
55833
54464
54392
52607
49812
59821
60596
55237
56173
63331
45202
62364
60232
53469
52279
44565
53767
51180
51934
59618
47666
58414
52416
55313
55235
52512
60354
48494
55428
60100
65258
48289
62037
58284
46921
56557
58461
55041
54787
53614
52610
48238
54307
49738
57387
50479
51086
56651
56814
54856
50423
60732
54407
57019
44986
54729
58360
51858
53071
56042
55920
46465
56189
48826
49584
48513
48457
54028
54477
51614
59796
53100
61192
48689
55324
48037
59766
51197
58096
60687
50024
55304
49975
54316
57253
49191
55342
50890
55182
52968
64039
48020
51068
57594
56096
50662
56471
55147
58184
55558
54246
52264
53746
58567
54932
53527
51771
54415
58448
54009
56403
57742
56437
52763
59307
55089
59266
58677
55651
49460
52163
55517
49472
55218
55006
56683
52698
59221
55804
55858
46520
53987
57795
49321
55549
54975
57671
50116
49305
53022
55251
58476
50987
56402
54352
57727
55471
60620
54016
57066
58037
56915
64503
57609
59107
59669
60351
47629
52858
51146
50120
56854
51280
48708
50609
50030
56823
54541
51759
51980
59347
51042
48874
49722
52476
51280
54702
53564
51548
55128
56444
51279
49644
63442
64010
55225
61722
51358
51114
59289
50754
53251
51223
53566
48079
49050
59757
50857
58288
52535
54176
55531
55028
56532
56637
54379
60687
55094
59547
54180
54319
57905
55812
51360
54473
57909
57172
48915
50240
52301
47713
52862
56262
55442
57492
56122
50429
54711
58241
51918
50173
52386
57390
55152
47065
64284
56128
54986
50927
55673
52484
54896
51015
47143
50138
51386
56248
54146
51489
52192
55159
63478
53363
56290
61343
62320
62254
58810
54836
57596
58148
54108
53594
53851
54056
49904
50525
54149
49556
60650
52823
53069
58000
53833
51112
50485
47565
49800
51584
61179
57568
51586
59501
55647
59039
59027
52436
62930
54624
55840
54990
53223
47396
57655
53863
53760
55099
48820
55506
58406
57570
55082
52922
57926
46787
64354
57719
58910
61114
50657
52670
50825
51934
46306
55285
57024
55218
58421
45928
51758
50979
52220
58001
60794
61384
59199
53949
55145
50381
57484
56243
56951
45255
61993
49639
52287
51742
55631
65759
51863
51876
45486
57835
50822
53911
56174
54315
57709
45659
52871
48482
50312
53624
54116
52389
51915
57170
50368
50293
56294
53267
61618
52364
54102
55828
50793
60436
48346
55437
51855
60580
54249
54162
54936
56335
52532
50909
54141
55800
53502
54720
57501
60115
51898
60292
46578
53444
52180
58400
55914
56926
57145
54824
57826
52650
59655
62104
57572
53357
60823
60909
49496
50690
48931
56491
55751
53188
53512
57473
55902
60597
58721
52090
52849
50228
62295
57487
60673
55126
53761
56129
60719
55616
54365
54127
51936
54211
55176
52795
56872
54999
57919
54153
53395
55145
53961
58838
61616
52322
49396
49555
55936
51194
53599
53811
61811
48392
54448
52802
58218
61816
61803
49025
58645
54505
57245
58061
55198
55670
55106
60940
52085
59574
64598
59597
54485
60578
58843
56766
56608
57516
59409
51478
53328
53629
52725
53911
50025
58164
49263
50655
61259
53119
50155
46283
56235
60011
58995
52424
64199
48862
48172
53827
55186
58442
57580
54133
55895
59728
58724
53539
55784
57141
53021
54116
49504
48994
54116
62827
61863
51035
58849
61538
64008
140413316
