108387
88442
110615
112334
109257
119902
101705
137983
101664
103192
115135
115253
136148
127961
118512
121934
100443
96054
104412
110013
96957
116242
114963
109630
111094
103049
92482
113223
116190
91322
117697
91302
103292
104381
97884
100027
101758
112617
108747
117341
109905
108528
97454
110191
97254
121054
118055
92917
86877
99591
120745
90612
124260
131890
121178
94666
94178
102435
111490
100593
84760
113235
110414
94866
99602
114139
122636
109776
84612
120266
113386
121906
112608
132382
114404
89488
123641
91669
106313
97670
92763
119906
88387
100703
95278
95808
137597
84958
136802
103343
96826
105429
125725
113825
117102
100922
136340
107969
91389
129634
102412
91315
103850
99535
129252
96399
102964
107497
105265
117196
122363
105067
104179
104681
106985
90122
102518
120332
89600
111600
105746
93273
126361
109214
102231
116406
91158
107513
87624
94703
108679
105666
110285
118870
76619
122831
87019
117575
92004
105491
118046
114299
97400
90992
88221
125833
91127
116048
122210
101608
84810
103111
103426
115014
116207
134148
114826
103381
102563
88901
82578
133921
115637
92197
124697
108603
97824
101408
113149
105134
98008
90362
106343
131791
114749
122960
111559
100479
104793
107340
123158
108106
113735
93958
77273
95057
112945
101315
101644
108256
82074
91647
94748
123371
106770
110663
108379
101994
116391
116106
107440
92301
95970
111852
151943
107274
95559
110816
81761
104930
122974
113321
106113
101007
112556
111449
104489
127120
92974
99778
102355
113342
88123
89699
77601
108161
124639
113853
80252
129958
119086
94656
122471
125619
113741
119954
117570
102929
92738
111389
87492
105816
115276
98323
102266
112355
111917
87119
101188
117837
121938
111243
83346
98496
86365
117174
130964
120576
94364
97732
105310
126159
123912
134778
102762
135320
106484
120976
104235
103420
114274
92500
101451
100180
83612
117347
125956
93111
119817
126762
111694
100919
101624
96893
129845
106654
82570
124704
93354
110780
89988
112077
100249
111557
98754
117053
122702
117159
123918
90971
85474
107413
109786
120821
77889
120711
82695
89572
94781
107523
129743
90316
96491
118872
71330
78523
70810
59417
63661
43440
34010238
