65239
51123
51918
60530
59945
61081
56147
51289
51604
51607
55975
45937
50663
54093
49023
52109
50387
53703
54199
58261
48604
58736
56403
60767
52872
54961
56465
60422
56139
54994
50216
61183
56960
56782
51402
46632
56635
54608
51222
56545
58502
59962
51643
54996
59924
49018
52084
55897
50498
51855
55303
55718
61165
53468
53604
53071
59446
52809
52305
49888
54152
57693
55490
58574
50420
64121
51399
61995
51398
51431
55651
53457
47560
56928
49949
56430
53778
52193
51925
53726
54917
49841
54470
53570
50902
52335
64035
62352
51432
48877
49064
58429
58874
62907
64535
54007
59618
55453
52782
53780
53111
49105
53951
50139
60228
51647
51961
55222
53128
61456
49807
55944
51795
49714
54704
59376
51660
56729
54530
55988
56444
53751
59263
51130
52083
51696
49259
49970
57876
66865
50879
53594
61814
51719
57362
58239
52675
53766
56590
59572
58465
66546
55265
62596
54916
51622
54018
58888
52276
53835
57597
53459
51582
47861
56109
52251
56132
56735
52645
58994
54152
51674
53543
62129
52360
51982
52785
62160
52964
55254
53389
54647
58227
54299
58561
63554
54629
70774
58878
58190
57567
53399
52485
50503
50339
57661
56602
53704
58462
53370
61900
51639
60292
50951
59433
53082
55520
54734
60781
55396
53558
61583
54810
55926
54755
64022
56548
59280
55099
54343
56884
55715
52389
56127
54349
52100
57928
54524
58930
51248
58567
60649
52385
51902
51220
48707
50885
55197
50849
49200
59471
59205
55526
53831
54202
54368
52445
63884
53957
57645
60130
57349
57031
49249
49831
52296
55632
50194
57302
53301
57616
56591
51026
56281
57764
57678
68648
53260
61377
56227
54044
55852
55953
54359
48991
50770
62577
55587
57258
61352
49426
59081
58639
61645
57364
57459
50235
54988
52200
53886
54639
54298
58323
50977
60335
49431
57329
61316
52773
54303
49090
51164
54414
46785
53575
52382
61090
56478
56072
51205
59913
53068
57329
59523
57442
59505
52978
55292
60586
59019
52528
57471
50490
57031
56765
51421
58044
52485
59126
51405
55771
52899
50212
63069
52483
55183
49346
59217
49719
49536
58791
48668
52698
48671
49123
51353
56646
56726
50384
55626
55749
59699
55493
54483
54268
50212
53236
54184
53031
51430
50453
61158
60649
59818
56602
54228
47437
47116
52791
51330
53997
60680
58013
57510
61191
57889
56699
63161
53933
54490
65652
60437
53186
50234
52708
56554
57576
50320
55999
61432
60180
54556
55585
54078
52337
59310
56786
57126
54776
54118
55964
56253
51157
51211
57739
59876
58549
52200
62266
54746
53692
47987
56399
51399
50833
57348
51443
54334
58950
53645
56413
57142
48074
52105
58025
48481
50440
52629
58059
61378
55734
56909
53440
50565
50710
62304
53283
50303
54471
52367
53221
56104
61291
55999
53897
54423
51883
54292
52841
52267
50502
52353
59574
57365
58993
59567
52778
52504
51069
49552
49609
52660
53954
51298
51952
53181
52224
49986
58925
54663
59745
55752
60346
49579
58034
56676
49705
56381
53390
53873
57212
59112
47687
55604
56764
54395
52744
49583
54863
48118
58241
56955
52218
51426
54896
50090
55435
51842
53387
53450
57929
60081
50216
50034
61262
59507
56416
56280
51741
55018
51213
58550
50381
50256
60992
48879
63366
51487
58297
50307
54166
58827
55396
58692
53765
57421
48618
51125
53188
54986
49488
58233
50093
48288
51717
50727
53676
58683
54437
50297
57236
55252
59512
61629
58607
55375
53966
59774
58595
57886
53638
53138
54106
52816
50249
49453
52375
57141
57152
58568
58972
55930
50286
53101
56675
53921
50883
57324
63320
55881
53385
47452
56003
57511
63701
53242
52504
54297
63278
56040
58436
54018
54161
53047
55942
51823
52125
46903
48462
56865
51688
53957
57817
51968
61005
57023
55158
49321
57650
58722
52557
49333
49909
56971
53349
70011
50356
62345
50873
57584
49558
51227
61197
50073
55257
54835
58931
52589
55868
51678
63820
56938
60919
56754
53376
58422
57038
58713
52410
53204
48524
61081
53430
53814
57925
53645
52590
46085
49737
51606
55033
53687
49445
51985
57251
51109
53097
44004
51523
48467
52025
51532
56928
49921
55618
49582
60564
48395
51561
51296
51947
56374
57944
55639
47280
58895
50434
53849
57181
54007
56672
51788
59044
49530
59399
56860
59146
51635
55699
53649
50941
53501
50808
50766
53958
58483
53454
53477
54681
54350
52625
54943
57176
58174
53793
54446
51092
53261
57486
52891
53824
50716
55365
48586
53660
53172
50856
49095
56695
58543
53266
58428
49099
58219
51909
55052
54391
54344
52454
57092
52389
50853
54182
56954
55898
51633
52575
61136
50920
58351
64804
49692
59317
55397
49648
52831
62042
50046
56163
56755
53462
60131
46685
56824
51889
57562
51475
51927
52071
58420
61532
54529
55342
51924
55118
67971
49542
53357
56760
58083
51474
60417
61032
53772
55202
49372
55492
54764
54188
49187
57318
55781
59576
52918
51891
53185
54445
55438
45634
60301
57357
49955
48535
48349
47811
56184
48723
52104
51225
61089
57161
59107
52303
55529
62190
53452
55926
50590
59584
56002
60007
52044
51797
56514
49794
54116
60668
58780
60641
56174
50498
58014
54444
52768
51961
49223
53306
54803
56715
54756
58514
59556
54177
55044
55994
55212
57459
50542
54910
58431
54633
52220
54268
51313
59556
55480
55333
51432
48705
52186
53227
50993
55139
52132
58634
51312
54658
47333
52275
51159
52742
54243
46582
58586
52657
54051
50223
48353
51735
52454
54748
53099
52939
57846
57440
58712
57254
49891
51738
53141
45074
55205
56121
51629
54857
49023
54941
52108
52130
57379
56328
52529
56912
52400
54109
49446
52593
57377
55545
48506
55729
54373
50072
54405
51984
56593
51422
53163
52526
54138
57003
46405
63997
54431
57825
53324
43824
59944
53706
59170
53995
47573
50667
56224
60791
53213
53335
50472
52888
53879
57026
51596
53920
58210
60589
53169
54560
58651
57375
52775
50671
53307
59050
54819
60157
43874
54371
63027
57239
55904
56978
58960
57483
57771
54741
61709
58361
54076
53409
54700
53629
49494
58101
48594
57913
55420
52667
66110
55694
55003
57204
49137
53712
58092
58329
52550
59113
57528
54678
52034
56534
54283
55221
49231
60250
50331
50559
52759
53008
59033
49012
50977
55519
58252
54773
57964
58864
51482
54846
56529
54036
52853
59140
54135
58234
56996
50774
48677
53931
60320
60743
54204
59735
46080
59875
59422
56786
60419
60314
58634
57517
61380
58987
64506
54811
53839
53637
60904
54609
51730
55325
47718
55299
55991
50055
53019
60101
46783
51959
58729
51823
50465
53382
54993
51546
58084
58896
50054
54157
60767
57013
50389
56208
59358
56027
53335
54557
53939
53000
60874
53013
53794
57479
59835
49041
51837
53165
47875
50615
50873
49931
49490
51363
55158
60352
55671
56159
48294
53504
56571
53127
53980
52934
58506
54709
59634
50294
49525
56338
50184
59688
58825
50383
49383
64841
59914
57792
55042
47846
57246
48844
56878
55200
51278
53462
54976
49634
48191
53266
52879
54866
57336
60617
58879
54391
59269
55195
54393
54623
49937
52756
53814
59694
57117
55100
53485
54364
55270
50553
49305
47801
51903
58917
56266
51053
54540
55644
55334
60953
54530
53113
53539
59538
53691
58447
52907
50454
59408
55740
58927
47933
55361
53986
51175
56634
51300
52695
52198
59085
54823
48837
64209
59872
59387
52385
57257
54092
52601
56146
48317
51218
50163
57088
49503
55440
55347
49784
52611
50796
56938
51280
56579
62997
52997
58895
55070
60343
49485
52000
49378
53034
51036
51486
54924
52558
57606
53876
49955
54298
53850
57685
51146
55790
49732
53950
56898
57038
59517
55614
51920
53136
55971
48340
52994
52066
55582
56082
55941
55601
54715
48498
53779
56016
56966
58377
52308
52465
63711
48410
52389
57229
58363
58480
58650
58969
54289
52727
48132
53288
53341
48516
53023
55461
54527
54828
51312
49296
48527
55515
55841
48725
51896
52374
52764
51859
50110
57492
56103
50325
55243
55339
52011
53867
50307
57740
52748
53589
56768
52962
50764
57511
55355
52180
53120
57654
56223
51764
57919
50123
55808
57084
55514
50112
52319
52799
60728
50094
51591
54391
54862
57975
59318
50641
55934
46906
56054
50972
50519
51735
55306
51213
46683
55548
48809
54097
54445
50056
53428
56120
55411
53372
55183
53894
53552
52619
55359
52242
52324
55433
58320
58064
57418
55344
49974
49805
59033
55240
60415
55311
55014
55742
54387
55125
59383
54517
54122
54572
59994
62902
52068
54154
59146
50575
51049
56179
57401
56248
51119
54877
51813
54474
52130
64645
59282
60966
56819
56677
55193
60977
56158
59480
55539
54208
51361
49650
54863
51709
56653
54077
53156
54574
54367
51474
53448
59220
63110
46157
55583
53454
49761
50033
52527
46910
51589
56512
56202
52339
45718
57191
51292
49688
58161
48643
51199
50959
51287
59631
55387
56847
52836
57138
49489
52513
54831
49604
54869
55404
56985
54891
48080
59463
52499
51441
49192
54483
59735
50611
60588
51526
57421
48156
48004
50626
50405
54986
52822
52359
60194
50018
52540
53393
56030
51937
58668
56995
51254
52865
55993
58382
52356
50473
53372
55679
49495
50693
52565
51067
60468
48823
48376
53213
55591
57849
63498
61539
51745
58496
56275
57071
58172
69312
50774
54897
54023
59129
66034
50980
59934
50017
62183
54844
55624
55856
54705
66542
59327
63707
53777
51320
55391
54651
49134
46009
50352
49397
54440
54429
56677
57384
56125
51889
58758
49049
54931
51677
55089
56274
56258
57434
60082
49444
57507
56459
55995
57362
61698
50964
54401
57255
56225
56436
60604
50388
56879
56726
53431
51183
52191
48969
63255
51553
64461
52067
66170
57498
50417
50050
58315
54074
51843
51523
49813
51433
59059
52905
51378
57051
54834
48664
52467
52413
54676
55556
53680
54594
56298
56083
62508
49948
57634
49063
53710
50362
60896
59337
49039
56032
51936
53353
60326
50027
51913
55933
59139
47281
52987
53081
59830
61576
59094
50124
51144
48981
50530
62934
52193
62913
48569
56915
56424
51163
55078
52242
51845
53815
49594
54577
58246
51601
56401
50120
53979
60200
65040
54075
55115
57062
57647
49910
56553
51646
57556
55755
60931
51492
52751
54519
54767
61200
56473
64492
60915
62503
57704
63159
54879
54759
57214
57776
57178
47362
56851
52768
56974
51444
56262
53524
48601
57196
49113
53058
55871
58474
58573
55859
65749
50934
58214
55415
64827
52588
52706
52250
61112
53713
51360
51769
53607
60396
54372
56604
53111
64490
49830
52181
49116
55447
65053
62238
55852
55942
50548
54175
52207
53134
56840
54621
52717
59566
60938
59896
58106
56316
56264
53991
50369
47136
51292
57815
56975
51858
51313
56179
56427
63054
56589
47637
56520
49703
54991
52984
53451
61182
64988
53112
56122
61424
54240
60765
51758
51919
57503
52346
52265
53349
64902
52422
58396
48718
53519
51767
56834
53367
57044
52568
51399
54188
49742
55398
52681
56570
50821
52455
48858
49786
52822
53317
53666
62812
55267
60046
53206
56208
59079
58558
53198
54366
57180
53642
55296
48348
56704
53823
48091
60068
58620
57601
52828
57347
54341
56521
56061
49793
59039
56872
59377
56030
60110
54122
63448
61311
56358
49620
51764
46133
51053
57338
52353
48724
49371
53926
58230
52793
59787
48158
52794
60990
56455
63545
51704
50382
55609
51768
59584
52186
57149
51796
49702
52310
58602
57462
56033
51811
60734
60362
51070
56463
56337
60008
52462
63903
59904
52131
51107
59243
57962
51473
68911
49845
54163
51615
58232
51546
50653
59337
54429
58495
49837
55983
49606
55985
51359
50944
50925
53416
53845
52204
53159
55947
55549
52647
52589
62487
57212
56266
57280
52053
58754
52907
49945
47025
56803
52840
51568
49956
50899
56544
60585
54802
60453
55661
62768
57470
57608
61679
58245
49076
62035
53959
60288
58051
56070
54447
53408
52634
59648
55397
50484
55085
50513
51667
54285
54406
52321
56741
58163
53583
54640
52324
54523
59909
52892
50581
61802
51547
61093
59752
56800
57197
53228
57710
54981
56339
56100
46669
58537
54271
53223
50963
59507
58584
54005
50984
55751
54270
53607
60292
63186
63142
57258
48821
59172
60874
58485
52525
48077
49140
51825
62796
51221
54460
56806
57309
49594
58626
51557
53557
55348
54367
58694
54164
49084
60166
48127
56573
52299
60985
54454
48905
54234
54134
57573
59891
57095
57761
62054
59287
59804
50488
52782
57646
57684
53934
56909
54761
64461
57168
53886
54650
61466
58109
52927
56732
60259
56924
61457
62194
58178
58593
56000
55705
55998
57141
58325
50290
51912
51778
51273
50947
62170
50059
54233
50816
52538
52103
56375
63775
49675
53012
49848
50752
48764
50318
47990
55103
52666
54272
57129
57108
53827
53904
51421
55132
54433
53542
62343
60936
63858
61489
47470
53675
49826
52776
58348
51083
47854
51928
53074
51883
54608
57677
60567
51328
54011
66293
52343
51808
51771
49579
48590
55755
59634
54742
52509
63144
49937
61830
55624
48871
49931
52642
51139
62469
53501
52588
54828
58863
52769
53531
52944
61544
52240
54584
57889
59597
57313
50379
53293
55376
56490
60636
56310
51657
59036
53688
53737
56683
58736
66653
54733
63721
50632
59393
56514
63582
54102
51722
56730
52111
46354
54915
53264
57264
52190
54810
50217
51523
55352
51756
46413
52529
54789
54393
47406
52373
57378
54683
47699
51268
56456
50048
50147
55834
54449
52013
50653
58072
54961
51471
54733
55010
51595
46996
48564
58963
48248
46881
61076
55469
57336
56056
61818
54486
64277
57495
53250
52209
57712
60336
54007
53142
59661
56117
50776
49274
54253
56412
56479
54793
57889
57955
55184
53522
50641
52597
53363
57411
57298
54902
50433
52886
53592
48946
58629
52837
63806
51282
51216
56458
62309
49419
48708
56244
48113
53839
55545
47847
57236
51408
53115
57107
59135
57494
52665
59151
57636
58942
56894
60860
55255
53728
55601
54288
58990
52537
52026
54828
53929
50676
60445
48287
57534
54870
55697
54025
56406
56333
49564
54780
52284
53216
57724
53664
59128
59013
61429
55015
59222
67791
63112
47525
56041
52793
51451
54802
55103
55047
60194
55181
53543
47858
49444
58598
62252
54479
54350
58600
56271
48238
49993
51135
50214
57556
54572
59895
51203
55950
59366
64057
54785
49462
55497
55273
61273
53372
51628
54887
54967
58115
52039
56820
57479
61557
50108
58370
56764
52906
59681
58964
53584
53480
53974
50675
55471
64518
53418
57819
51842
60349
55114
54996
57260
58058
54992
54113
60644
52400
56200
55082
54413
52374
51433
49949
53948
52105
52481
59735
55358
56322
48579
54027
60775
48603
47961
56278
49589
53603
46653
50287
51935
51460
51416
59712
57505
58134
66974
50658
57094
53146
56285
51117
49656
57421
50994
59504
50303
54900
53277
59752
59710
50696
54479
65703
62113
54202
53157
51829
55917
56787
58911
53410
52100
52623
54162
58472
55603
51433
47519
50424
51863
55861
53075
54942
53783
45821
53861
54562
56823
52814
50614
50425
57443
58542
51159
49472
57928
51944
52955
63682
64096
59320
55369
59203
54744
49695
48508
47643
56747
48744
55526
54826
51807
50613
68544
57952
66297
61658
58779
56248
47558
55046
56898
52783
50813
53670
53065
52836
55404
51527
59371
58524
61630
55600
59997
47984
52885
54754
52998
59793
48128
65254
47299
51839
53155
51434
67350
60074
59421
53262
57604
54898
51509
49245
50796
50741
55235
51106
52918
51044
53337
47689
57423
49802
63171
48999
55294
53002
53990
56537
55356
56129
52125
52652
49035
52152
51311
47508
52489
57197
53213
61610
61865
51722
53778
54333
51798
49939
59912
50273
58519
64345
52949
55920
52290
50875
52647
57411
52283
55442
50807
52328
53150
51862
57310
53414
49585
57501
58202
48460
54898
52942
48326
60800
53887
53724
55822
51067
54779
51556
59996
51144
57671
49909
58714
56042
52106
53498
52864
61072
55857
69156
57223
50547
59849
51184
59982
60471
51723
48898
59482
55634
49924
57073
47006
62308
51420
55011
56254
54867
50601
52458
54929
54387
55434
59221
50603
51261
55598
52340
49968
56323
51101
51388
58388
54144
54425
59402
58956
57740
60593
56842
70267
59795
54624
56739
67548
50081
54715
54204
55065
57687
51183
55274
57882
52243
60085
55597
57240
56036
52254
53670
56651
50040
56369
58692
59528
51077
59428
54101
50794
59763
54741
61222
51729
53761
53250
55744
52505
44842
57693
55536
60671
50392
52492
56154
60062
55097
60025
62347
55550
140289045
