194522
151905
120010
144483
119459
117521
125702
122428
104946
99343
103233
103285
100108
128116
109548
97038
92054
130863
93540
95674
98138
120818
111474
127871
86124
107335
116695
106919
93506
114837
72009
137215
93254
102263
103051
130245
102347
122840
97267
124994
100197
118220
120327
100897
126226
104020
88418
106674
134827
99011
131106
112066
95181
111385
124205
90758
94902
119809
97118
103389
90522
106687
104479
108122
106767
109850
91172
101455
84780
123911
90169
123948
107826
91229
85415
114803
127248
89000
103254
108482
101073
112990
109529
90191
91868
127674
120564
105116
137448
115005
106357
117922
110932
88518
109585
96003
85996
143967
126844
122080
103491
118302
105675
111792
85695
112268
100478
99181
131045
149024
85161
111743
110599
118441
93401
115139
111108
102484
100524
79250
111447
93183
94063
112253
98558
115521
110653
95903
109339
112275
82814
82472
103782
106554
90468
88160
109755
104724
128755
80990
107789
83036
118582
111336
86587
112046
101227
100152
127102
114299
132587
89709
98014
93729
108551
105628
77530
112237
116573
103100
91250
85290
112470
132239
103274
94292
106572
106610
99211
114936
128707
110507
111321
97197
84439
92766
83722
120034
79854
87093
94566
81057
96763
132877
101190
116743
109114
91500
115256
111691
94877
82654
111726
94339
111524
120452
97144
99360
83032
91292
92989
134374
83853
120455
112841
113080
103172
105799
117157
100174
94191
84690
108200
125713
142461
119960
99303
107576
106246
89947
110803
116129
106485
96681
136013
121470
98745
98825
97823
105125
97507
112599
107224
102040
96985
115324
112100
119778
90221
97201
91237
115960
87323
92191
121113
91624
94747
90813
121412
92090
126248
105284
118010
108133
97387
100054
113749
115676
100393
94225
84495
110361
123131
83823
96973
100421
113179
110893
66028
145404
97142
119046
132094
96719
96185
95260
92764
124997
97514
99627
86152
108943
110152
124946
88880
95984
101862
86400
84227
97792
103742
118736
125952
80848
116852
94664
94169
118447
122350
123710
98083
99622
87283
94034
106911
127429
111373
105640
132987
109693
97807
132081
99068
97107
104985
86366
127475
101975
106220
109934
34031587
