130140
101613
129867
106486
71665
108481
103742
111207
91793
97196
94334
106736
108093
132721
110465
104904
125739
99073
131065
103016
97866
106245
113050
103997
71107
107961
104837
132360
93611
97791
92865
115778
94661
107176
96094
108087
132233
102292
106587
149447
86694
107608
103915
100286
96880
116997
112893
117545
95383
90639
108646
103741
101375
114689
103023
138338
91319
110623
91292
105793
106468
145557
92179
110598
116729
132265
92957
121633
86868
87325
87624
103927
96099
111623
123587
90243
120684
119687
118434
90297
118269
89332
104007
81198
95751
101652
83586
101986
95000
120571
114911
114858
113955
122832
91849
105216
93860
93323
69521
101481
105243
99573
104444
119218
115289
131844
107521
126186
93973
90287
113706
102069
89003
118556
116805
94222
111498
118415
120511
91132
120499
106598
117702
87447
127729
89308
94803
121317
106804
85438
95525
103410
106234
98812
92639
85920
118598
96750
100243
113688
89594
107997
108519
108766
127390
104891
120069
95389
126934
109028
92669
85099
123636
110449
97799
109752
98094
130916
101602
109390
119710
114906
98439
150750
109047
126145
116123
100708
91164
100412
85901
86965
127409
87826
94739
116898
99344
88295
107232
82623
100612
110220
102042
88650
104417
117971
92815
104766
82356
94911
129865
96214
87035
100887
106284
108231
91676
115144
97875
85314
96908
89309
106611
101258
95425
97401
136720
104328
124020
111711
113021
116603
113389
115666
97855
106242
106913
125555
123116
87848
99732
126343
115499
108595
107360
109614
115704
88783
139176
122624
98222
98175
111717
119579
99522
99695
114007
109246
107022
107114
111366
123845
94346
94573
110886
103867
106493
104588
101326
146866
121625
85888
137272
114658
124172
128369
114688
95060
118978
108236
94119
110248
93643
127137
96026
127499
103290
104919
97349
105605
121840
100878
113486
100928
81025
106276
94353
95340
80068
119614
118185
98576
107186
100324
102376
119931
114153
88728
101123
100648
126544
102469
106233
137545
89651
115945
99213
107336
109213
100433
92907
122093
94117
100003
101461
106197
110011
102363
91492
97280
95454
100878
121306
103350
78537
90664
93234
91224
85107
80943
33879671
