71033
51792
61914
55705
62470
59230
79338
54690
62770
58944
61725
50670
54002
53664
55588
64621
56932
61758
57349
85428
65025
57686
63814
64713
52916
65881
68451
64736
74694
54896
59927
63613
61493
67540
56566
66303
58195
58144
51962
64279
61506
70186
59932
51488
64043
60407
58378
73888
72192
70158
68818
71757
60694
61841
65172
61018
58119
68080
77726
62488
57041
62695
78946
59344
70619
57351
63840
65059
63396
60827
57872
57014
60985
67957
67167
53271
75983
56066
58909
53356
60826
64095
67740
54053
66670
55940
72272
58380
64285
63198
82246
57933
59556
62448
69252
63037
71106
55933
55806
70172
63782
71379
69044
62815
71948
60183
55955
75668
57311
50402
64431
60231
70639
69637
63410
80261
55695
63504
72973
86642
65203
56123
54997
60768
58910
55320
57780
67439
64838
67600
51380
83933
61046
56925
76893
58885
66474
59267
74073
57866
60533
53082
57459
55619
74290
58324
64085
62050
72322
50515
62216
72084
59081
56575
61820
70234
67092
58065
65357
62800
54728
66373
58318
62461
55097
56161
57138
67838
68095
54634
68174
54670
56025
62635
52661
60977
54984
59657
75313
53664
71841
68927
51599
71249
58365
52832
60831
68784
56126
75078
53863
64381
55247
66110
64649
62152
53849
71310
58694
57353
56226
60004
62686
59805
60842
61120
59501
63827
55748
59464
66762
76107
60896
63065
66730
51574
60756
67511
60688
62454
70814
61762
74067
55921
60087
65071
58487
64625
57750
56314
50500
55587
66834
58603
69481
69713
67380
56775
60989
56061
69949
51853
59277
67872
61607
66259
60363
62374
66509
70937
65241
60691
56485
56657
66305
61283
69426
50807
70262
58311
73164
58980
51734
78385
68337
56803
62034
56982
85489
55547
79679
57365
50980
56083
61847
65028
65794
73546
69197
64289
57595
74403
70243
61286
69664
59242
54279
58932
64123
60213
57381
59689
71401
65535
61809
63171
67716
55722
60560
54026
62603
60536
76744
65510
59623
61606
64268
65241
60776
63036
59817
74515
56473
54603
58408
67795
70034
51634
58669
57350
58212
67762
58464
58810
67568
61913
55527
63501
58058
65893
56893
77530
62964
68455
65922
86027
70809
58414
75185
59114
53495
48580
66100
59740
59090
59242
65268
72293
71806
63350
60589
57424
53863
71107
68606
61274
55395
81504
58966
77683
55127
60096
59191
67556
55623
66400
56796
61531
56843
54635
74329
62920
66972
63459
59472
79454
53079
60043
63994
69687
62464
53910
70817
61793
60130
57867
72573
64802
63489
48459
63281
58255
67007
60077
56738
61294
50829
62233
58855
56946
62521
67967
64562
64686
63309
74414
51984
60790
58281
70578
62100
52331
61735
54561
63180
59996
59499
61277
58242
65675
57422
58826
75836
69767
60153
54890
59452
60845
72977
63033
70431
77308
54569
72144
54736
57500
66607
69889
47569
61956
62951
56076
60589
59160
57910
54053
61668
51640
61823
59242
51196
60741
60757
55235
57584
51913
61055
59204
55630
68841
53372
68068
59044
61937
62061
54729
59462
60271
58525
60922
61219
65765
57329
64702
67859
60585
53066
60909
61812
70582
49216
56341
60011
74109
67239
61886
59790
67123
75263
60837
68612
65085
83919
64531
72907
54604
63356
64152
73984
67228
56192
62099
61307
55313
95574
53946
70206
62227
65067
52201
60467
55390
61761
65942
61849
58754
62156
57804
69215
56838
57837
54314
72958
50593
67400
63903
59986
67671
69787
59436
71479
61154
56909
64903
56063
61396
56833
58360
59547
62018
63440
60733
74869
65643
65884
66065
69884
53391
62333
67938
52571
47528
65147
57435
67272
60303
57529
65116
52090
64839
59340
56232
48720
83164
58202
57162
58766
60011
61583
61155
58409
61274
61045
66913
60653
67313
58264
58667
52768
62602
60172
67882
62926
52898
54429
72973
61609
50019
66458
59549
67964
68728
57138
56090
62851
52243
57669
52554
63258
60773
67467
62104
56526
58266
74769
59965
56937
71034
62035
75972
52301
74862
62985
65740
63851
74794
74170
63948
68123
64701
73419
60946
61692
65583
75925
61327
75041
60497
61226
53247
69178
54971
74008
46668
64510
58472
53428
56715
45521
56227
39962761
