136690
159386
113153
92149
95796
101131
86925
131854
108791
103882
86155
93911
111404
97857
102134
83666
113793
89909
105694
115545
113946
110206
86543
86948
99672
109044
115166
110978
92638
105548
100760
112806
116889
101995
122901
89270
124667
124009
90585
114325
98996
84765
91745
139496
106574
102467
90342
107600
100310
111778
110840
85359
110042
93813
105273
81350
102603
125690
109565
93798
96549
108098
108665
125497
91549
96997
126608
129631
94307
106857
99448
104875
103743
85941
83174
95794
120476
90588
112963
89987
105025
105882
119864
106352
96535
81166
94942
108602
99985
98134
124375
94599
101015
125389
83797
95663
112180
111312
108874
102500
142836
106567
89666
123909
107076
119805
120769
104278
101641
92530
92483
128691
91628
127342
93572
96209
91026
121603
105043
100344
104625
102383
93928
99449
111380
101604
112055
110661
86611
95150
132890
93356
89061
80667
101524
108137
98564
98541
88339
100649
141731
84711
109600
101160
114429
121332
111238
133906
106365
96751
99016
127247
121359
95945
101033
106744
117191
112684
113993
119025
127853
108324
118861
100656
143871
104331
113371
113111
112944
103400
120853
119453
88634
102706
107897
108900
116678
80694
98372
112455
123923
101323
120148
120363
83651
117180
112661
122428
105989
93781
109325
121759
134897
118840
110480
128213
102628
116314
96054
118463
128923
86742
109860
83274
103464
116325
110966
123530
110863
99679
116342
122404
103046
80045
103839
102019
99543
109967
101763
112376
93633
118656
79585
92403
112149
115414
86209
106691
89622
115917
103486
153920
121536
89644
128504
86779
131951
77834
97642
104897
87968
76236
109534
99023
103383
114817
110629
121514
110899
92899
82422
115896
81234
100730
102102
113065
100108
129395
110216
94841
104832
127355
116178
109009
130162
104394
109218
108474
96783
101734
104956
95105
119964
91539
107439
120541
109051
94981
133016
113282
95810
123113
112521
97067
113171
120052
82072
104767
86464
111889
95475
124587
105046
111277
103972
119000
95381
109342
118890
93879
112094
110314
123802
108756
117272
85965
122463
113857
136352
99803
120871
98929
99750
100497
99973
79582
106243
101897
102242
75326
34049030
