61717
52687
47722
56751
62055
51476
53855
54735
59057
55905
57529
50430
46310
52388
54559
51044
53308
51167
54834
54687
55427
50996
54645
52321
55713
48162
59596
54400
53796
58660
57863
56285
47557
58214
54541
49559
57642
55928
52911
55033
63870
53617
51758
47891
51921
53326
51814
56845
53272
55740
55934
55901
52420
55486
54091
56584
56510
49203
53398
53897
50789
55593
53793
55404
55030
55494
58495
50390
57974
57039
63294
47687
67288
54875
55925
57558
56320
57119
52673
63761
57246
60208
53381
50712
49098
55018
52902
57872
54524
51248
61014
51727
64629
58682
54824
53424
59002
49055
54326
51320
54432
54395
52218
58134
55128
50134
51565
54112
53081
53751
55967
52007
51623
56309
63487
53101
50299
51408
58774
59090
51706
50315
55295
59934
46907
53272
54603
59898
60383
55360
54244
57027
50859
56446
52963
50335
52110
56641
58900
50829
56432
62658
56410
51180
50583
53801
51694
51882
51276
53326
54615
52867
52408
45633
45956
56273
49962
50903
52311
54959
54717
58139
47752
54772
57747
53284
59151
52644
55987
52834
58258
56313
55967
61351
52768
50197
56957
57670
72891
54797
57976
61742
56651
54652
53319
53383
51168
48117
48497
53315
55017
57562
54131
56463
54950
49568
62963
53090
69558
53532
61709
55130
55301
58233
58447
52147
53119
51082
55206
53455
55921
56746
58998
58584
55868
55375
55227
55115
62971
56821
59697
55422
54131
48651
57978
48027
52624
55968
49624
59539
46004
56108
52999
56694
64602
51087
52612
56394
63436
52352
59134
62299
58102
56726
52274
59027
47229
58558
56803
55436
53518
57493
55447
55362
61733
61204
61521
60857
55733
58894
54357
56219
51862
51794
56531
56268
55469
57376
59740
57213
49145
60807
55921
53185
55313
46939
49991
55822
53044
53522
53579
50012
48992
58252
52158
52719
46827
52569
56422
53931
58988
51962
61029
47773
48695
55850
58926
63717
47975
54628
49905
52066
56262
53068
49149
58175
57643
55439
53914
55898
51537
53463
50191
52593
50908
47606
58258
49900
58364
52257
54860
51153
53871
62369
56441
54412
49405
59918
49327
58127
53091
46955
50880
51163
55378
51893
49572
49496
56896
54420
51576
59612
55060
60106
55185
51828
48943
58084
51943
48940
47918
55515
60255
57008
47549
51857
59143
52886
55523
55903
53963
52923
52068
47495
48984
55453
59171
61533
51919
50370
51266
57907
52668
47113
55956
56925
50371
55378
49485
52182
56986
51320
57990
58634
51701
54049
52268
48987
60440
54493
55541
59646
53289
57681
53529
50122
51907
56513
55160
63125
50203
52779
52139
64841
52771
56573
62108
51431
54578
51193
58376
54543
54963
56733
59359
55865
53301
57761
50498
54265
49651
51510
54633
51284
52708
59958
55424
49689
53812
57784
53701
53374
55493
49537
47383
52333
56464
57490
59956
45268
57371
48007
55899
54088
60221
58033
57526
58758
50521
52572
53162
48471
52453
50822
54328
44383
48143
54031
50240
57456
53936
52228
53364
51599
51335
57698
62792
49817
52145
52252
53632
52968
56940
58643
62664
55266
50617
52434
57129
57215
55067
59615
52243
52536
50663
48582
52989
56102
59843
65138
56535
57363
57865
52183
53512
55553
51345
49160
54513
53691
56018
52897
50531
56184
50874
52090
55659
52278
52638
62015
49863
54026
55666
52415
52716
57700
55709
53781
51871
59180
58050
56403
58889
55258
54560
44892
48554
59099
52746
51658
58351
59134
50177
52196
59932
55335
60473
53266
52426
56781
58622
57578
60443
54478
59144
56896
54315
59553
50992
56966
55966
52867
50326
53753
57429
55251
49705
55259
57517
48756
53896
57848
68387
62645
56193
58517
58345
65922
61682
54725
56472
50142
58393
53943
56444
54538
45121
58172
52971
58807
53278
54000
54582
52406
53646
50439
56177
55342
54839
56956
53360
59120
54128
53632
50782
52979
53111
50787
64014
53271
52569
53598
54608
52673
52403
62322
58612
60825
54797
53598
49398
55228
55754
57923
61277
59829
54543
49022
51688
57886
56866
54977
48475
50805
58082
56050
56700
57537
47028
56199
50709
49409
52441
54743
54661
53366
53398
60022
55133
50887
50759
50799
55912
51722
56340
45798
53902
50725
52735
49569
51203
57434
50048
54167
49400
58436
53616
55516
54568
52065
54222
53487
57104
58655
53163
61513
52459
52491
59000
53595
57577
58034
55215
52851
61167
55913
57665
50729
52796
54366
52530
48836
51335
58410
50962
60431
53144
55840
49599
49458
50963
48295
65208
54734
59037
60786
49082
57226
50427
56137
48962
49353
57698
57402
56481
49780
58627
49424
52161
54321
51610
66389
50393
56923
58879
58748
54776
58728
57104
56409
58636
60262
53209
52636
61699
54595
65438
50576
62098
51640
52102
51753
57549
50799
52554
58072
55525
53378
48948
48066
51203
57127
52394
55216
54438
59956
57990
63942
50020
54025
56767
57414
55480
59399
56439
48474
53935
53678
51918
50261
58072
51287
54589
57665
48238
56162
50594
52057
53995
60754
52725
52720
57698
53369
51475
49558
54253
50641
50493
49542
61589
60620
57799
58608
54186
54765
50052
55229
56358
51018
56927
50593
52791
53488
48839
50949
58069
58737
54705
56185
56243
55183
51355
54193
50150
50270
53708
50678
59468
63233
54632
57036
54140
53551
59278
49605
55995
54359
56377
47729
58884
49868
54837
57573
50489
48997
54766
53224
61578
58690
49297
46991
52896
49127
54365
63494
60933
55146
50031
55536
55586
51919
54553
57690
50351
53672
56256
63254
58117
54215
53351
53516
63867
51124
58546
50539
49687
54923
52346
54077
49498
51597
59124
54382
50480
48625
55620
57273
50103
51322
62440
53356
58738
55258
53483
55987
50026
50994
60740
48387
56251
45925
51106
50510
53518
56392
51484
54823
50648
63728
52791
53149
57029
55586
51786
50702
54344
48288
57086
63115
55828
71050
53141
57318
54701
57804
53106
51683
47477
50071
62185
58487
55018
55897
56939
51937
57258
50353
50153
55698
54912
58504
48866
54393
65277
55186
53909
49686
50393
57314
59134
52047
49356
56792
56202
56287
57620
59791
50492
55289
50538
48587
59907
55198
56673
54753
58307
57866
59449
58046
59440
50419
57134
53847
51828
59026
56426
55176
56619
49203
61604
50340
54613
52412
56578
50804
52028
55852
54617
52296
65519
57067
55773
58854
60540
55076
56637
57863
52098
53552
58998
62093
57881
66039
54611
54139
57496
53315
55766
54631
52415
57374
48341
51292
55337
53024
55888
52525
55907
48749
56245
61089
52999
64007
58485
54057
51311
50513
49272
64357
56350
55914
50901
53834
62659
54525
58105
60304
50714
54138
52468
52836
57926
55170
55017
55267
49989
53738
51515
53203
53072
56736
55898
52110
58295
49784
59541
56481
54924
50643
51122
58733
56696
59830
57329
55531
49970
49211
54147
47451
53176
52467
53781
58121
52304
54136
56677
51147
45500
56240
53997
54493
53463
58397
55533
56510
51968
54900
48094
61286
49127
53262
51568
56697
51957
54370
63156
54245
55887
56917
58819
51448
56378
53625
59781
50851
52979
57062
49084
60714
55042
54070
55807
54959
56044
54878
60121
47772
56849
54373
52542
58714
54764
56617
58202
60126
58198
48659
59177
55601
54225
48024
52415
56761
56678
47277
51047
56125
54342
55565
59591
53010
49441
58152
54904
55952
53942
53871
57983
50101
51428
58095
62399
49980
51234
49558
51192
55806
61618
58604
56473
48836
54553
56989
46841
58119
57188
56792
54993
64913
55718
50201
51940
60475
52146
50225
51066
49568
60225
55187
59098
63508
57919
53666
61030
52628
56577
61734
61190
51735
51078
56301
46124
54694
58644
57912
52043
47159
55162
57545
55354
52782
51388
54160
58742
54059
58502
60762
54103
58459
60195
56244
55127
55974
50887
54588
53495
54737
59863
48688
54485
51617
55130
55882
51739
57771
61056
57115
53605
48880
53644
50580
55653
58302
57381
57040
55513
56185
50843
55042
52858
51595
51560
51322
52536
53883
54943
56946
61754
52694
53442
54569
58349
55870
55515
59791
55171
50608
59002
58697
56795
51700
47593
59376
51879
45436
58048
50655
51264
49009
49420
60519
55227
55967
58505
50583
50815
52196
51724
56453
58313
54568
51237
61513
61774
48447
51607
52832
53338
61523
47566
55670
57993
50607
53036
46615
57510
51317
59659
56293
49880
60330
51618
57452
50497
52625
51623
50452
55617
54665
59778
53205
54779
53605
52524
56615
58763
56725
60220
50582
51249
60510
57983
59402
50282
56501
61939
50431
56800
57239
59208
53428
59272
52079
48721
56506
52004
54419
50499
55343
56558
56552
67781
60535
51695
50733
54479
49963
61980
58754
51961
56780
54886
65732
55283
58368
53991
57443
59073
55332
55679
61140
51117
55623
59727
54314
55209
52817
56754
50528
47980
60311
59514
60095
50193
62276
49792
47289
56895
52650
51898
52622
57108
55479
52145
59788
55753
55905
49134
48034
53711
60300
55574
58013
55566
51464
51109
64422
54115
51682
65332
49828
61003
60319
54253
52618
57118
53574
52966
62036
55813
57316
57217
55002
45960
49860
56755
52381
57600
55122
63586
58335
55444
56722
55061
51539
54047
53486
47069
56956
59245
48478
49636
54202
56251
54768
51563
54392
50834
60279
51034
57024
55464
52006
49260
47081
54632
47681
55528
56423
60044
59667
59443
53633
51268
53780
57528
55783
50892
53719
56986
53473
53971
59011
53828
56450
57540
51910
53614
62000
54840
65077
56389
66753
52814
50135
57196
55490
55208
53873
46567
53690
57018
53857
51001
52080
53045
56939
50979
55412
48099
55034
55310
53577
48512
49939
48838
56382
52194
55693
53016
54091
53354
56784
54733
50440
55336
53229
56718
59003
60991
49170
59066
50576
55161
52872
49347
52438
49091
56452
59134
59462
56315
55008
55538
54842
55356
52934
61815
57660
53246
49729
50693
52047
59282
59044
53151
57138
51451
51096
51890
48845
56313
57546
51957
56520
49674
58681
60886
53433
60972
55282
46880
57588
52857
49639
52731
51563
58127
46757
52808
47158
48902
51644
62686
55313
62269
62091
56969
55246
60977
51338
52407
52520
53467
48961
54706
56929
47843
52079
50623
45576
56359
55356
53974
53607
52313
55625
53448
60578
55125
58510
49314
56595
52288
63269
51280
53325
54855
54114
60038
50796
55217
48009
55813
57682
56491
54404
55223
61882
61587
63367
49582
55032
50151
60366
51175
52454
56735
55054
54100
57239
59505
53982
61258
50714
53674
50953
57579
54309
53388
59403
57829
58014
46979
53678
57329
54784
59308
55660
57561
54963
58363
55493
47712
50862
57830
55225
52476
52045
49966
59431
52485
57500
50285
55994
54461
53959
53192
57924
53458
62366
59849
67316
50772
50962
52137
58639
53634
52768
64204
54715
49954
52824
53075
53428
53219
54885
51214
53372
55501
59081
56396
48271
49778
53515
54572
57255
54990
53074
46988
52817
48719
51780
54776
50937
54022
52955
57758
53349
50604
63067
54310
55648
52818
49947
48282
53656
53397
56372
46242
49877
54965
61161
57395
51345
57083
49035
53384
53131
56013
58226
51876
55267
56025
63784
52459
64389
60964
55264
59606
51512
54959
64205
62597
49032
55002
52025
60134
55877
58314
52053
53169
58901
53953
55598
47051
57056
50771
54583
55504
58811
57707
52979
54966
58511
55938
54944
51753
54106
53578
56686
52447
48735
55230
51718
56449
58124
53403
51741
61145
55023
52072
46907
51732
64949
54359
56575
54694
51578
54031
50849
59825
52987
49789
49786
46946
64221
55210
53525
54638
51505
51857
54565
53669
53752
65429
54043
55103
51375
61227
49948
52591
52243
48791
58387
54134
58822
54211
46832
51029
53619
58271
54453
52101
54913
57094
56556
60501
55174
52947
60779
56789
54940
56330
55135
55911
56711
52990
50502
55394
55338
62432
50230
45712
52426
50249
55532
55170
56323
54372
47251
56585
55464
58820
50471
55524
54012
48881
59083
48579
55208
56074
60587
49528
58163
60310
61634
54696
59341
53673
54356
56856
55812
58291
55623
53681
50735
53130
60278
58526
56226
53213
51913
55215
55373
54159
54553
52866
60070
52536
53760
47217
54045
52367
63764
56938
56210
51640
50171
45520
49100
50918
48384
52564
48210
48779
54797
60316
55699
50257
53956
56302
51103
53135
58289
50900
59540
57950
59759
55998
59492
55266
52085
55540
57318
52198
50391
57221
48618
51665
50964
52344
54452
57881
53514
62953
56460
52883
58663
50743
62429
50474
58283
50061
56427
48522
55746
59039
49398
61728
54741
61964
57925
55713
55504
59248
57301
52706
51440
46898
61577
57147
61497
53113
49314
52635
55793
62165
51926
58315
53349
62958
51156
52991
59197
53542
57472
49906
51770
58887
56684
61378
49171
51075
50456
51298
52180
44206
51893
49595
56351
54598
48616
50672
53489
49231
51058
60417
51882
53184
55171
54032
51251
57818
56232
55775
56109
54468
56486
47588
54680
53964
51155
47370
56974
50839
57344
56460
65062
61468
58495
45830
56155
61984
52238
57240
56145
58624
53657
47379
53321
59737
54131
52724
52023
50232
53982
56807
45423
55760
51437
52506
46666
56362
60264
55951
59591
54174
55778
58627
58058
52578
54212
61042
48522
53420
48873
54477
52988
55581
52569
58834
56418
57990
58285
54018
52401
55160
59774
52518
60704
51823
51417
49507
50983
50445
56756
51014
54523
53058
53766
55532
55266
52299
49075
56898
55246
55844
58225
48431
51800
46126
57227
53466
64397
50868
58236
50007
45738
52218
53063
49111
60356
58035
53860
58810
50363
48843
56150
55026
48436
56030
53115
49399
50389
52482
56374
54184
50842
48338
50561
51963
55451
50056
53760
51403
52547
52715
52828
53505
56524
62119
52791
54366
58701
48433
62807
52745
59042
55865
49134
59342
55001
44695
48444
56434
53677
51355
50909
49613
58681
56609
60352
48974
57734
57160
57464
52768
58442
58417
52920
55581
51209
59985
46749
57438
55692
51678
56507
54478
59885
62265
57119
58025
48481
53030
53031
55765
53928
49275
53031
51383
54519
52825
51083
54003
50508
58221
50352
53762
55244
58643
53348
57829
50165
59852
64319
57284
58010
48115
54014
51776
53355
59237
51328
53065
54048
54100
54961
59580
54467
55069
48783
54162
57359
53119
58914
52457
55017
59868
56001
65861
62893
61501
56496
54379
56570
56888
52342
57878
50530
60283
51735
54267
58249
54545
68475
59080
61298
52404
58982
54716
52620
52320
55777
57500
54984
58356
53817
56831
52568
55462
53542
49868
46551
55416
58301
53916
57194
52059
54872
52980
53733
62048
54737
52403
53952
48595
48857
51307
58991
57174
60662
47892
50965
59106
53816
54125
57949
57343
51432
54199
57344
52153
53941
55340
56352
47865
53752
51440
60716
53354
55820
55439
51973
54408
58310
53317
59986
57631
49982
48885
51743
51250
50864
52773
53938
56782
51218
53120
49836
49880
51605
51400
59031
53276
56918
52640
47681
59537
55114
57739
48721
56380
49783
50529
48697
50738
56477
56566
52243
53245
57843
58074
57099
60478
64390
67097
54407
56756
53055
55290
52490
54520
56178
55056
53500
52324
55181
55823
58761
53625
57982
55561
52902
53121
57413
54407
55101
54457
62530
52695
54761
60840
53576
55991
52103
53127
59955
59542
51125
60762
59353
54604
50675
56396
54280
50325
54186
54649
61030
53856
50992
51123
53854
56167
65405
56594
63738
56292
57183
52553
52789
58495
49289
48744
48526
52871
61766
57270
55856
52262
55494
52062
53824
58640
56280
54886
52091
50202
51839
52719
52815
48916
56058
52253
48086
54067
61683
56376
48811
56189
53280
53962
56551
52102
51684
53915
53111
55582
56666
55168
49177
54941
54989
53353
61074
58257
52565
57201
56922
57185
55030
50635
65044
53213
50574
50663
49607
51029
52356
52777
49194
53998
57964
64804
52473
56243
53325
53386
52632
48314
48560
50456
53281
52359
55494
56285
53542
57682
58929
53864
50734
51411
54160
50038
56616
59265
57289
51626
55401
57205
47770
55606
52563
51279
52845
53522
56117
58376
58736
61806
60048
56009
60875
58438
66563
56411
50154
46706
53067
53834
55141
66523
55737
53535
56705
57706
58854
54557
61524
55462
55300
56029
59627
55315
53676
56448
56981
58286
54269
53962
52681
52691
50861
46951
58485
58353
56964
49094
60336
52252
60020
53449
50863
50318
57178
57496
50649
56329
48169
49314
61908
49665
68077
50623
64355
56613
60588
51179
52777
49321
50320
58653
59141
54571
49939
54312
51234
54658
61966
52892
61997
55968
49803
46833
56639
56183
60859
54634
59288
63236
48448
56124
59207
57349
52206
55320
49309
54702
60456
52841
50778
52295
51133
54295
50977
51368
54338
140015163
