73688
54685
76150
59072
65411
54273
61085
78968
59353
65582
53958
65525
72320
53719
67990
57031
59991
54104
63791
55977
54916
53999
76971
52870
55353
72847
55701
74703
53129
47677
50663
64911
62601
66151
57067
74257
59484
60443
63496
60443
60820
63214
62112
57234
80927
59332
85217
63745
57097
73861
50720
65396
60975
64952
57645
63721
56696
74113
57038
81066
59372
66998
60796
58658
64723
58111
67521
57817
89039
61850
49582
63098
69455
66617
59056
55537
75444
57830
68184
51958
60900
54389
63330
66405
69582
60877
52018
56895
58336
61885
62828
62223
63643
54140
62529
60375
52943
61755
55075
55603
66088
66155
61182
58225
59433
64766
74899
69617
61453
73205
61697
63159
71907
66935
60708
60258
60306
64850
56958
51577
60542
74700
66267
47674
64506
59052
57901
67156
66570
56874
59654
60482
61006
62564
55846
51093
66212
65878
58966
77440
61667
66640
68830
55555
81691
61102
80376
72977
58400
70330
67560
57858
69720
65543
61023
59768
67714
59656
64443
58505
66396
50140
63715
63774
64204
64264
81744
56159
53753
65477
62916
55551
63043
66176
63539
47037
62560
69968
54074
62669
71175
69321
54837
66324
53858
59188
54548
73422
68013
72790
71253
58863
71643
56815
67490
57590
55050
63336
55287
55721
63896
66056
63658
59850
59820
55648
55411
57013
60335
59881
64183
61414
58657
81348
59371
64026
56109
53648
51259
71719
57586
69051
59712
52233
68217
69506
54991
72813
59863
66299
64487
75283
74029
62762
61503
57508
75310
70336
54009
62079
68137
64111
63520
68141
64281
63743
54188
62556
68203
64116
55741
58074
61635
64086
65199
61851
52357
61961
69100
52081
61462
61959
49503
62983
53648
60047
66696
64851
70250
73455
67089
62777
52367
56020
74369
58466
51630
61398
70923
56157
56460
65999
71826
52980
62580
60946
80714
55902
72208
55420
63817
57498
68490
62723
69115
65321
65389
61249
53220
60685
58826
58562
72872
66371
63829
61769
53880
64243
56054
62670
66757
66625
63117
62687
57345
67644
62323
58372
59351
65085
67804
60374
57028
69253
67148
55863
63680
70633
66031
58292
71962
68519
58686
64896
59916
56145
63961
55989
61831
63982
65018
50464
66334
60461
64390
63894
58696
58523
55587
53166
63789
53159
65088
69445
77610
46434
60150
54347
75614
63434
53327
61132
60078
52548
63719
64306
61975
62270
63948
57449
55166
57015
59026
69296
79015
64422
70241
75791
63217
57421
60235
64796
65588
56725
72450
65858
61518
56435
81600
60005
62878
79534
68998
77375
70494
64854
67477
59820
54997
53052
67364
66265
57589
84443
50098
64868
63878
83854
56072
59920
60987
54427
76252
63463
56143
62836
64036
62787
64722
56476
56642
64560
56078
75128
51119
51288
58150
92607
67066
55606
65935
74012
55396
62361
56423
57054
72795
57065
56672
60726
57558
80192
56497
65402
55305
61659
77428
56935
46887
59074
56704
63170
53258
64652
73181
61582
50664
66229
67255
56272
68903
72055
53689
69113
63915
70436
54607
53677
58029
74638
69100
62880
64404
70296
64452
52852
80325
62012
57295
74527
54737
59169
53013
68409
68325
51209
67937
51466
53647
68181
66220
49087
69313
62275
51750
64653
57251
57546
57589
73757
52458
57441
57015
82254
67538
58598
64923
67777
63651
62413
51770
58614
61943
56908
76944
64698
73335
62003
73242
59070
64081
64563
81547
65833
69126
50431
62454
62523
65266
66706
63561
65933
71196
58693
67273
54936
70231
67280
65757
69771
61281
65593
56313
50395
57156
70762
56258
58179
68617
82511
64770
61978
56435
57582
68713
55617
65833
64979
59442
52600
65574
54015
69512
53687
62650
62995
62050
57738
60502
60499
68664
59107
60677
59935
64102
54304
59444
60315
64030
73424
67925
66270
57941
64215
65912
61999
54944
56898
65607
63339
63034
67502
66218
63487
65518
61245
68223
75923
64365
65020
61785
67143
69912
63368
58602
56082
52791
60374
79272
59693
67503
70101
60073
66575
62997
54223
54952
57225
71072
52886
64689
53993
63406
77782
66394
58694
57199
59869
59413
65885
55865
54925
53248
70496
51711
46727
55575
50575
60899
53804
40102159
