63065
54175
48413
63738
65863
58633
50414
49653
52641
54227
58069
57441
51658
52141
53024
54859
48929
55197
52712
54957
54227
57924
51936
45757
55543
46981
56189
54000
54792
54192
59334
54055
49021
58368
53464
56598
51560
51300
51063
51135
60407
55739
54557
49665
51360
51454
52627
51557
49173
48448
57156
50202
54437
49932
56395
53537
50643
51640
51451
52084
50664
51392
52635
50668
53972
53342
59099
51558
56462
54241
62746
56774
51223
50691
53740
53728
59399
49688
50751
51726
51825
51938
59982
56506
60732
55254
57124
56740
50534
51658
51541
59837
48894
54775
55092
60020
53425
55139
57597
51502
59476
57450
48627
58075
55603
52687
48876
57808
52253
51745
55205
45625
57130
49249
57111
53620
56061
56366
51587
55798
53723
57193
60190
58222
48807
50222
52801
59100
61531
56450
59885
48991
50505
55379
51253
59172
55068
55634
56244
54281
55555
64373
59404
64164
59647
57257
54019
46896
59439
53764
56798
52232
55637
61037
49445
47795
53007
62207
52187
54799
59381
48994
50963
56697
55185
51757
51794
54065
50836
54661
56106
51206
52035
56469
58838
47894
56062
51645
67829
57326
56971
49639
53667
59075
47918
59752
48843
57946
50752
52540
53912
49938
55252
56672
62254
47420
53617
59458
54193
53095
51391
55407
48136
51331
52373
57277
57199
60245
57668
57026
51134
47689
53007
58387
48807
59386
52561
60802
64688
54579
60813
57925
55866
57265
54967
54240
51775
52370
49216
57172
56349
50170
59103
55867
60981
53935
51706
50923
47465
57056
52382
50428
54250
58295
58055
54547
52505
52903
48796
51846
49472
57072
51541
45496
51826
51999
58878
62593
58537
58579
57064
53383
53473
55195
50831
53851
51958
57247
52058
51513
56465
56403
54006
51596
52923
46973
49372
57706
51304
57223
50670
51684
57473
56811
51246
53567
58788
58581
54700
49336
51496
55930
50100
54219
52276
60836
52005
51053
55105
53465
58086
56960
59683
58723
55543
54030
47258
58304
51040
51423
53173
56997
53950
57448
52742
52174
49961
49772
52095
48753
52513
53180
51621
52687
57311
54044
53430
56706
60325
56027
60557
58393
59770
57366
52520
51418
56915
57819
52934
50113
57325
54245
50212
55208
52339
52563
53612
51780
60069
56270
52448
60568
53106
53202
57035
63429
54227
49520
50827
54454
52011
46342
50602
51381
53931
48961
57592
51850
58334
53014
49889
57546
51387
54836
64022
59956
55623
59623
49195
57960
53028
59564
62653
50063
49077
52199
52379
48744
50114
51354
54402
49990
57234
57556
53299
56474
52919
56363
51624
58343
62473
60046
54114
58243
65065
58658
53416
58809
52542
55723
54639
54266
56319
59737
65223
52585
56928
52946
52880
51969
46775
53431
50973
61301
58956
55060
57512
59334
54438
53232
56846
53282
55447
49488
49930
53058
52461
60683
59715
58658
58521
60572
53008
63455
51028
56441
55404
52618
53612
54858
62243
51620
61670
54513
50436
55010
52261
62849
54751
60517
52261
60134
52859
59759
58639
54235
51589
50706
54512
53945
57660
59093
59623
53245
56236
48481
54820
58479
50252
51499
52443
57226
57863
53242
55897
56898
52743
58513
64540
60380
57284
57594
56967
56436
56288
57396
48311
61045
54170
54638
53631
55671
52915
54522
54615
54695
53711
51425
56715
59205
54548
56695
58071
61104
57961
54436
51108
51946
51560
52022
56874
53844
57049
58876
59437
48237
56888
53821
55205
55547
55525
56370
54896
60553
50991
48272
53502
56284
52038
54570
55534
58408
52244
49935
49380
56094
54909
55156
57899
50268
59113
57050
52421
48256
56843
49838
46779
51646
52748
53513
49066
51448
57033
57698
61557
52168
62889
61163
49590
53151
59560
62261
51915
55968
59631
54115
50744
55879
58583
54859
59625
53136
55921
52801
61256
51221
57806
55642
56608
49400
63543
52452
50576
55092
50794
57055
58591
60734
56003
62124
49484
56029
57839
55859
54679
51626
58002
58622
53395
61332
53007
48247
57147
56716
54228
51533
56156
57746
53799
53654
60562
60024
56193
54996
57097
54373
54562
51496
49843
52014
48264
56250
51679
49854
59276
54151
55842
49644
58129
50333
53329
61405
55076
52755
48991
55039
54682
55674
59264
50508
59474
51615
55069
48205
56660
48448
51059
51608
52169
50127
54012
55957
56009
52820
51952
53154
58727
60199
54518
56901
55277
58844
50440
53147
57472
55437
53788
58095
52743
52451
55993
50697
50302
51774
50439
56968
52745
51307
54352
53763
56128
56383
60128
49963
56647
54426
53072
55390
64991
52786
53072
59755
55146
53708
58172
55412
60678
55884
49515
52418
48619
47889
52214
49895
55631
56126
56464
55421
55444
59345
59592
59452
58297
52098
56509
55736
52184
50809
51555
56846
53602
54113
58698
56883
55170
54955
49643
59741
54257
53907
49496
55545
54337
56204
51589
54766
63221
53150
59584
50881
52194
52671
53222
65783
53194
57673
52104
52924
54169
52989
56116
60021
57818
51891
56049
53289
54933
55126
55404
53964
53224
58746
52368
53090
51982
48365
54960
50171
55651
51046
46455
53220
65385
58812
57392
53227
51465
60020
50676
57275
56167
53252
63258
58002
50698
53347
50188
56251
58484
56444
59391
65026
52106
53887
56323
56197
52287
56516
53995
62071
55107
52135
54606
50422
56422
56691
55340
49129
56526
58236
53491
59657
60979
57368
58122
57680
61016
58259
51246
50487
54927
50885
56136
52556
53403
50296
48072
51966
54610
51461
52901
54794
53907
50974
51905
54230
63279
56265
55591
53577
51708
49672
52631
56268
54888
55933
51867
52746
56573
47701
54067
48834
54106
57279
57272
57714
56501
52601
53370
60167
52042
48747
51982
55267
50670
58601
53497
50591
51436
47639
54323
56933
54600
50990
52981
53209
60679
57349
63698
52729
55628
52020
54814
57781
60839
57999
56225
62048
54975
65502
60606
52229
54379
60942
51718
49253
51365
57645
51777
53590
57340
50733
54937
53119
50945
56022
51713
55217
61055
58974
51264
46616
58234
58816
55694
49108
56567
46059
58440
55912
53977
55613
69886
53727
62444
60648
50489
51333
51609
48142
56283
57331
56244
51155
61202
54792
63546
57706
53284
54585
47794
56196
48885
56566
56609
49279
55735
59107
56439
53586
55295
51350
49525
57194
58339
54797
49414
57063
50575
58820
56969
48221
62811
54896
57732
53061
60880
51004
55815
58592
62182
62516
53113
60393
51863
53157
50465
56417
51360
51257
53325
49861
50329
55387
55784
51003
53320
53354
53109
49187
53215
60187
61582
60534
57175
57284
58523
52427
62328
49734
54223
48885
54693
55529
57709
56229
49077
56271
49446
52800
48295
47720
56180
52750
60900
61568
57292
50821
58604
47678
50199
56133
47881
61937
49579
52780
47906
54043
63672
53736
57325
54185
57465
54361
53347
54971
47666
53249
54618
47430
49844
50770
54666
48467
55489
58827
52133
55961
51650
54084
48678
54403
57463
55075
58308
56841
58740
53947
53994
60615
51246
58102
55097
53442
51931
61603
55427
55699
47074
53742
47008
54227
48955
55134
59724
58614
53400
43669
55847
58748
50749
60745
55664
51627
54828
53345
60524
54023
55047
49846
61651
54092
56078
51041
53066
50818
54174
57050
54161
55753
48826
49817
56654
51970
50243
55190
56936
49285
52915
61343
54131
58209
54522
52856
50850
59620
56259
54727
54050
52463
55933
56870
60188
49645
54864
55718
55005
59700
53476
59715
48325
62394
51106
54331
59353
56457
52301
56768
54927
57165
57446
49927
58112
50597
50699
55215
54063
57255
57141
64578
50268
63282
59356
49535
61439
59883
62707
59629
59460
57837
53254
51952
54147
55246
51466
62984
55009
51950
51352
55323
48719
52456
60545
62574
49371
61508
60429
53476
65506
54861
59036
55217
54161
55296
52937
56521
60489
55595
48318
54983
56037
61770
59152
59974
53570
51780
50870
47204
56756
51007
49416
51802
53469
51760
49907
53827
55939
51325
51847
53677
51203
50618
53592
53609
47967
54086
49179
54916
53280
58969
55801
53880
52146
62272
56842
54241
57529
50530
52242
53508
48984
62381
48613
48859
55239
50768
60109
54291
54265
51053
58439
55650
65580
58499
51571
51424
53039
56588
54536
59284
52147
55262
58046
56210
55642
58135
57037
48191
52074
52968
55073
54999
52060
58144
51709
55121
58501
60433
57627
46660
55567
51614
51732
49393
50489
49702
58478
59284
54345
63757
50878
54633
50727
54283
62889
55299
60201
55310
58716
52853
53855
56552
52383
56088
58596
58785
51678
59612
56537
60802
52281
62088
57638
61743
47345
53109
55367
57909
54127
59571
47204
52549
50322
51188
55592
56840
57999
54768
55773
51182
63530
51755
56081
56595
49822
58320
57458
55684
57506
50570
59360
58385
51465
55733
53467
64939
55960
63451
52123
49336
52570
55160
55827
54294
49840
60831
49211
56238
53371
55371
56256
52449
54458
56428
49811
51364
52810
52398
53009
49587
53070
51865
55248
52181
49021
49455
56939
56092
57100
51210
57586
52386
58825
56314
53869
61202
50408
53177
60170
56591
59303
57422
50995
55802
53007
51238
57323
54798
52656
55059
59666
55145
51681
57160
48666
53541
50475
48841
55876
54004
57858
51561
52293
55126
62924
53120
55969
53848
56160
60159
49774
55983
61221
50912
49398
52522
57187
58266
56490
61571
54429
58641
51343
56629
58022
61859
64083
54724
50796
55072
53393
56710
53715
50914
46798
57905
60767
50061
56968
57556
61790
62095
59255
57403
57449
50671
50779
51102
54155
61163
47564
52675
60051
57717
56577
54292
54117
57421
55410
51820
56141
47439
54771
54474
46906
52844
52998
53920
50193
49544
61572
58121
48575
53035
53344
55072
52859
58954
58034
61422
52340
56715
54381
54468
52333
51112
60058
55491
57250
55440
54588
57402
56654
56954
55735
55647
50517
52885
50283
45807
52304
47727
47473
50890
51727
54182
51872
55745
46545
51973
48928
49398
54528
52181
47496
62661
53460
55748
58176
55258
53349
53771
50185
54227
55700
58311
55630
52897
51979
51926
53411
57204
51607
59311
54053
53539
52484
54625
52759
51317
54625
48757
50937
51680
53379
51202
53622
51153
47364
56350
52874
55922
56343
48382
53250
55199
57486
52935
57715
62301
62344
63087
55423
54500
52491
52577
58776
51870
52788
50848
58513
55981
46533
48280
50895
54167
52329
56958
54005
57322
57359
61158
58126
55205
57076
49179
59872
59625
50604
52744
50700
58896
60052
55356
55071
54432
61789
63507
48448
59907
54905
64168
53121
55029
53165
54823
53947
61145
52965
49451
51383
49832
52181
56201
49508
54491
55444
55931
55571
49391
55309
49720
61953
52630
59464
58349
56695
60937
62396
55100
59521
56658
52504
59371
54935
54338
47507
54080
71302
64853
54449
57005
48600
61663
62524
51059
51973
58606
54977
53002
56204
58418
52476
57035
54931
57212
47531
48238
52120
55158
58389
49476
57485
61719
53793
60110
61517
59831
58375
53144
51669
53796
57280
66552
61320
57745
53869
59421
54351
57175
63742
57871
56391
50780
50940
48659
51742
49679
56091
57918
52814
49280
53765
55379
59338
59184
52564
61304
56671
50554
59279
65779
63438
56004
51394
52844
61514
52970
57733
59119
52237
60211
60473
52423
56624
51798
58623
52702
51999
51249
48185
49086
48450
59974
57904
56505
55814
59929
55504
56399
47416
61703
52958
53051
55582
52851
57884
56034
56880
48775
56437
60290
58167
56368
55202
52399
52945
53031
58047
51512
55929
55580
51904
55832
51529
52436
48693
54006
51960
58533
52680
57891
53503
61461
49810
47620
54395
57317
61282
50188
51204
49943
56445
54800
50944
56102
52979
49765
57917
55741
53489
51566
59086
62946
56298
52878
48892
52943
48094
49994
51787
57532
48839
47133
55716
57700
55635
51699
56107
55311
57722
51785
54258
51738
54573
51905
58192
50814
53287
51068
58545
56752
49342
61026
55693
60369
57847
52150
57353
54641
50615
61939
51585
59952
58426
61859
53200
51996
51769
53657
58104
50257
49885
52207
52660
52844
47337
62613
57037
59806
53891
49516
52172
54085
63018
54767
59722
50665
59766
51286
58556
54401
60236
53447
54422
58416
54719
54127
58944
59616
59232
49146
55273
50075
59195
58371
53791
50022
57578
54929
49321
53605
56293
51971
50415
50355
55157
49687
52392
52745
54619
54200
56445
62011
54950
54760
50572
52090
54515
49825
54294
54026
55306
49413
51900
51944
49036
54082
56791
56502
49849
58793
52990
53591
54452
59048
52097
55028
55884
59518
53864
56224
46993
52719
58005
55203
60879
55286
59569
58141
56648
54594
45316
57801
58292
54974
59295
54436
56791
51346
57113
54523
56580
50711
49572
57492
61481
61640
55593
60478
52732
50760
59457
57868
48155
48625
47929
54769
52384
63180
50007
52004
53559
58322
53391
50240
50982
51343
59640
54128
58480
58714
52938
50448
53335
58419
55420
51058
55208
56664
58881
56830
56625
49719
57894
61669
63503
61692
63694
49664
56050
52480
52365
53668
50760
60254
51415
52413
53865
50224
59806
52026
49488
52254
63232
54680
53874
50012
56118
58997
51403
58774
47872
53456
53569
50691
47712
56508
57499
48259
56568
53365
58185
58256
50867
51039
53141
55130
45744
48779
60291
59567
52273
58183
46136
58687
59363
56337
51916
57932
49300
52637
55772
57335
51362
54650
49534
48247
56541
61789
55833
49158
53905
55653
49387
55049
55534
45378
56833
58158
59542
49809
52971
55219
52539
55494
52819
55953
51145
49595
51425
54403
59016
51863
57016
55636
53261
47020
58263
60960
58225
59269
56477
61334
60300
58527
58531
49298
45979
54634
54903
49389
56924
55332
52931
58030
55211
50693
60797
59555
50091
55909
51939
54083
48666
55400
53628
58450
56465
52606
55289
52159
58014
59851
56651
49845
57194
56722
49880
59660
54083
58273
52169
48765
51081
58479
53879
55725
53926
51745
52119
59442
52147
52171
47125
51381
53172
62445
58212
55394
50788
46754
51527
56342
47066
54872
52331
56904
53011
47362
57104
52476
59095
55258
54251
50319
48639
47881
53393
54343
52761
55351
56372
46367
69567
53707
50778
51915
54081
55327
56318
46614
57068
53339
57656
54388
52575
57004
57374
51354
51227
53631
55860
49560
52604
54864
51339
59515
49486
59237
65436
59356
61932
58755
53118
59596
52619
54393
52770
51568
55020
53613
59562
57583
59011
67167
63937
53436
52081
56435
48142
53751
54382
58116
52793
57630
55041
53453
54487
52342
56377
55631
47323
51974
52406
58401
52358
55003
54149
56713
58611
51982
58867
52374
49734
53823
58277
56821
61946
51072
50816
58671
53943
54964
50499
51350
54472
54134
55392
54681
65353
58273
62192
51850
56555
49757
53248
57161
49571
62924
55320
56901
55042
53164
50372
56087
56230
53164
51233
48664
53031
57961
49897
49034
55169
60443
49521
53099
55304
52901
57335
52479
55649
53803
60588
61379
61109
57615
48372
54457
53127
53334
51229
55793
53641
51343
54425
51115
57228
60184
58267
52050
62236
62969
59611
64408
57195
53072
49532
54301
59108
57905
52787
54229
61593
51571
56156
49147
57808
56233
50746
49209
66546
51895
49350
50800
57043
62332
53747
55069
62498
52319
52180
57622
53605
57510
56226
52174
59160
59426
69986
52727
54416
57565
64623
49129
52943
58473
53635
54257
52697
52920
57740
65449
56072
60038
49880
52183
56230
47026
53377
50972
51197
52410
44454
62195
58136
50897
49643
52143
53303
56601
57224
60616
61482
51624
58456
50997
48965
56646
58269
60030
55234
58449
53421
59838
65517
58829
52195
50115
56898
54489
51443
55987
48868
54072
52021
50395
57536
53489
60482
55700
61854
57527
57267
51936
60820
60803
49086
52532
59963
52213
50150
58427
48899
57380
54454
61052
57423
55659
56899
64681
54702
53188
49864
52896
59321
49880
57359
52739
60575
60705
55594
53338
59788
51739
47919
53725
50438
50982
55091
57748
50685
50302
58838
49239
54546
57345
53672
49717
53094
54047
52344
50478
59097
55578
52846
64779
50286
46540
55613
52336
62430
59766
55485
54935
50243
55369
60207
49663
57798
50619
61028
55250
56027
54732
55167
51933
47676
53313
52622
57457
54993
58065
55611
52358
64674
55796
57116
54212
55605
51620
56446
65220
48465
52173
55082
55323
58192
53793
54755
49130
58045
54071
53215
57770
58674
49423
56987
58475
52363
66027
58394
56768
56775
61132
53711
55739
58249
58404
53727
56633
54440
52174
57072
54467
60098
53456
59676
49849
54127
51315
55038
56690
53752
52632
56469
59072
55088
60921
59990
54042
55185
49454
53043
55485
62294
51223
49538
45553
56775
55832
52558
61387
52750
54720
53363
61473
69457
56101
140298296
