150292
85472
117013
100870
127866
133873
100026
101214
122760
114849
99824
90009
157470
129136
137303
124102
102282
117990
109575
109802
97372
100480
118973
128483
114091
100070
119192
104296
112255
99274
126622
105009
104173
89212
111064
126694
110367
97514
91754
96716
100020
93069
89714
110703
108730
130676
107651
117442
94625
100468
104677
108977
108128
95058
92556
116430
104062
125607
123569
96893
99036
112557
98319
123891
102073
96176
130956
137050
96019
122421
112653
110465
108213
112504
95502
133048
136892
89824
101294
116161
99820
75994
115088
104489
99849
109176
90690
99420
124971
100106
117345
113189
106242
112091
110453
84315
120128
120468
102741
107380
102892
87072
115626
106909
88129
93707
113263
95699
121102
111252
127512
82139
113860
100103
96246
115194
117203
103534
102750
96085
134779
106736
83944
134784
98623
94000
114988
97404
83201
108771
96044
118909
111567
123178
103321
93856
85960
103530
132860
96620
84673
105804
118327
137982
104432
87165
95691
128031
112970
109153
93470
104981
116431
110811
97452
98362
121071
98634
104209
103542
106952
89521
126910
130252
99669
118033
117715
111571
109060
108998
115313
119756
120416
113172
121137
106654
104000
122703
117085
92531
122378
86820
121920
95622
83483
101249
107945
80156
106484
121513
111748
115210
111146
102278
124084
105334
94459
119211
85772
100361
99238
103819
124341
106553
117619
103177
84592
124838
120811
134158
88840
116476
114969
95469
87544
100326
84991
133195
124822
102416
89552
117996
125197
98233
77728
109026
93568
104143
127560
99916
83774
95738
111419
119488
110458
111792
109183
112133
122982
111446
80968
107574
117570
138894
97639
128277
119278
141110
86493
110734
99237
112508
120998
89721
144152
111743
117477
91620
101778
90443
111694
127968
88240
111793
100056
97822
106145
83634
80064
114668
113169
120810
113808
85238
136776
105164
102588
93506
123909
119633
108771
112111
92294
99924
66082
108339
111716
118627
97226
105451
100363
89638
135852
126209
107460
92323
97708
101548
112238
114282
112400
99377
88003
129812
88634
103733
98262
101427
110588
99461
94222
81220
98461
79327
91495
103725
56202
66448
60002
73745
34237698
