211220
155381
156700
127708
126351
125116
159878
93023
127870
130804
109445
92761
93515
123825
95629
117166
86752
103581
107003
140993
90247
100352
96398
143507
104067
85969
104177
96481
109666
94081
89946
124958
105008
94065
114896
93144
108569
126903
82369
98287
118142
99064
102506
86272
90894
88109
97382
105802
115621
123293
119429
101174
105534
127562
109310
114028
113790
78889
113814
103799
86728
112211
101452
100101
102614
95943
109203
93083
106521
138471
103163
88396
97733
110933
100709
111535
95913
112170
119556
106069
114912
121845
89835
107811
102314
121808
95458
94422
117993
98435
96706
94507
94979
104376
111473
87445
116410
107914
122972
97848
111115
114924
132089
116324
84539
90776
82469
120307
108544
129309
112908
105817
106303
83217
107139
117609
74401
118270
110236
89064
109922
124017
117335
97674
115309
119843
83653
135299
107141
104392
116432
95804
108367
107224
107801
92231
118080
96662
104707
99059
128593
105359
140054
111994
91202
103473
112343
103602
84753
107723
100188
110798
94445
100839
106955
129401
90079
116650
114416
108392
105109
98062
108100
105592
81586
99938
105792
124805
107906
102003
100874
110006
107506
115807
93994
113712
136563
111810
114899
108712
97422
96937
103838
107212
110907
95757
96704
99384
107460
101993
96025
120521
116087
94703
81956
99032
80938
119731
107988
122666
86227
112571
127112
120400
91093
99301
100829
90682
84022
113713
81540
95378
112940
137270
109860
106988
85419
128743
104894
108181
99209
129841
93888
90583
111168
109821
86347
93668
100601
95237
121740
105833
106298
121221
90408
96331
115393
91746
115158
105121
110253
127931
89121
94642
97622
98600
106111
101565
117692
84208
98114
124725
111379
121688
113680
103748
108631
152083
102478
96757
123128
102539
121063
104866
107650
87861
100908
109989
103300
112606
106989
102774
105438
81569
97239
132551
99797
97636
111491
90485
109715
126534
91850
96647
102667
128662
113215
114422
110074
103633
116086
99243
114237
120007
109489
103812
105546
102837
130429
85259
107346
93911
126907
104993
111176
88478
96327
89291
104563
122883
128620
95715
87737
132287
123008
128477
111385
98008
98853
117421
34291232
