61425
70042
65989
53451
67475
76030
61753
70635
62853
65353
59529
66537
68272
57636
56608
67355
67818
62014
71685
65648
60829
60586
56302
62060
78410
54012
70559
56725
67087
57443
63612
60740
70397
63059
58289
65513
61658
58420
61246
64418
67140
61515
49035
62703
59730
56909
67396
65873
65152
60174
57671
53335
60785
50966
56743
55092
71225
55551
53490
67264
63094
60237
59111
60910
57930
66035
82416
91801
70045
67809
74389
57265
60045
62017
64826
57096
75239
62158
64993
65139
68427
80863
65364
68527
62328
53272
69452
71462
63415
73645
56818
72841
83263
61882
59872
56327
63117
63371
59815
61718
60036
71736
69269
67530
64131
61490
78401
62332
64028
61060
63527
48986
66559
63456
58469
69635
61498
58453
59504
60462
57818
52893
66671
57771
66000
58283
61032
75441
68154
62962
71210
60577
62350
65037
65653
68174
58787
54454
59640
50587
63977
59141
65783
55803
66198
74791
59493
59271
69613
73549
65487
61158
62331
51060
75557
61113
72303
62443
53384
64118
68115
53619
66286
58568
62305
65991
59650
64544
72864
63200
65287
71320
65695
73453
60644
64198
65857
60081
57843
62656
58930
62130
55733
57446
55147
52074
62845
62207
72880
53726
70577
66586
57578
59227
66497
69826
63122
58613
50779
61397
67914
58715
75300
56550
72260
55316
55140
64293
60978
60149
70330
68601
66403
59420
51449
57043
59204
69206
67035
56556
70165
56272
82914
47853
71162
50320
85096
59264
67288
70659
56520
61979
51577
89277
54965
68037
54851
62271
61885
56187
72373
59206
57357
65922
56381
63699
63097
60586
64732
59900
53250
47739
61834
62948
57356
67630
75735
65844
63091
51707
62686
67197
73014
58210
62710
61010
71028
60914
64384
62446
65925
62020
63673
57950
71469
57903
61184
65132
58048
65906
57338
78953
50320
66651
62885
52312
79693
78077
61341
68447
63519
74867
73268
60517
64524
50910
53986
58554
70492
50918
62378
62718
62912
49573
64717
66300
66720
54217
66214
57138
59602
68688
61599
60114
61864
63933
62849
67244
61321
65647
70163
78979
55571
69264
64587
58193
59597
54062
72665
63781
73027
66118
68177
56051
70139
58887
48900
57383
61005
65668
63681
64221
65436
53964
60707
70010
60794
66234
75615
55476
67112
56434
57919
67641
65840
51363
64619
59625
57453
56467
71745
59674
75936
61599
72115
53937
58892
74325
56085
58276
62224
64571
60390
67593
68672
69843
60947
68831
67125
72709
63491
54315
56940
61461
64998
57525
71955
54427
62419
48918
60067
58597
61703
63903
63913
63178
63177
65803
67312
63579
58512
63599
56990
66537
56835
63380
63882
66321
68420
60681
67816
58839
66980
50248
59545
60081
57357
63983
67011
64977
58010
70965
59856
53907
60546
73381
65880
64042
64314
68289
68724
60869
61254
63087
60985
59573
64409
57017
74213
63726
56215
56592
66996
59440
71668
66262
63239
74526
73365
61564
65823
54298
54853
64904
58853
52694
69434
59589
53087
51238
62486
71853
64703
84584
70920
64024
59218
73498
62445
73607
63993
59144
62100
76123
50432
65556
61173
60898
65170
73374
57280
69730
50331
73826
61495
67487
64558
64548
59676
57342
56550
66611
58856
62098
67329
57884
65465
57242
62434
66413
70780
68474
64646
64336
58394
65113
54485
65172
75156
66442
67560
72234
63078
66064
67956
68242
55878
63040
70917
58083
77908
62297
59695
63563
58289
72725
68520
56205
65257
60812
62913
58945
59882
61636
74365
65595
68195
64420
81222
51378
63314
59891
76483
63704
72553
62821
50272
61761
62795
52377
67683
52810
62663
57348
62909
77993
62916
64592
65193
64686
65480
78053
67021
57008
45190
56992
69173
57951
63848
54651
58187
66592
62108
67155
64752
61865
59245
79744
53520
56237
65025
55591
64915
54865
70625
62265
58562
64152
73608
58026
54740
60353
48351
63552
64624
69904
66257
57329
58729
59853
64089
52869
66616
64481
59972
71025
66856
72300
69679
51618
51888
63542
68849
60659
50096
59972
70858
67619
68612
59147
49585
62803
78424
61792
77293
62724
67918
53483
65737
58082
58567
49935
63900
54619
58811
55282
63900
65304
63579
63518
40437473
