65975
57015
59019
60160
55530
59626
65702
58838
61483
59359
57965
59213
64554
63977
54910
60954
59646
56062
63562
61885
63659
64271
62189
66632
62728
66368
65374
59538
61816
60405
56947
55746
58995
64218
56689
55891
59730
57708
65087
61397
59219
60921
52718
60389
63626
55260
55753
60841
54312
59682
62933
60618
61520
59205
62737
57996
57960
62056
62884
59713
49722
62994
59624
60247
62984
64036
63153
60281
61387
60351
61075
70802
53530
68318
56963
59429
52056
60067
64548
65744
65439
64369
59413
69525
60806
67039
61373
60631
65920
62825
56317
70334
66520
69170
56897
68092
61640
68628
64763
67778
69291
58937
56465
70236
68148
61486
63700
57672
68747
63981
61274
62332
63775
63641
63650
62313
63695
57341
65732
60282
69254
55484
63110
58542
60237
59376
57498
57914
55592
57596
59233
56393
55737
59577
63901
69184
57736
61638
54773
55947
60999
65978
62596
57766
67780
64277
61008
57713
64985
58900
57002
56092
67313
62088
68755
69445
66676
52842
60418
58864
61277
51171
57665
59406
61276
52535
67833
64335
57404
66692
63401
60202
61933
60740
59035
67082
57564
56629
61012
62693
60402
58195
66660
60454
62492
58496
56143
68473
64754
60023
57170
67221
59518
60126
55951
65342
60023
59283
60327
64464
69524
61681
57091
63267
53773
61334
54701
66018
58155
59772
58120
68178
57836
63686
57539
60899
57949
60371
57880
62782
58744
63107
60018
53035
55456
63612
60784
67886
58933
63662
62917
57311
68206
59628
60999
58920
60412
58943
60264
59652
60139
59770
58227
57732
59151
58445
60797
58473
57374
58962
62390
62679
62626
54413
64845
59931
67892
60787
64570
61117
64101
64844
58775
65042
59757
57771
54849
58374
64453
63742
64763
65331
67868
65383
55803
60406
63428
61536
65212
67202
63769
62225
66646
56906
59042
62839
57140
61072
60342
56311
61472
59444
62539
56131
56987
60461
55834
63271
63124
69778
57950
60598
62090
69086
62147
56791
57486
61580
62394
60833
58260
61238
56782
64444
54814
62118
62393
62567
57639
64282
59132
59977
55303
62872
66232
63839
61169
59398
64482
62642
62589
62044
59884
56170
65961
61485
62912
58208
62034
64355
60387
57055
66305
58656
62600
54105
61393
59429
61953
56231
57295
64712
61224
60607
57735
61470
61635
62306
66137
68841
60843
63818
58982
54626
60840
57148
58030
66973
59548
53789
58471
58704
59347
63291
53942
59403
55542
56522
58840
67778
60277
59125
62076
67051
59576
60257
66133
69954
63702
64727
59830
59004
58842
66190
57217
61106
66966
66424
55856
61010
61160
66792
65033
58918
59111
68587
56539
55832
62797
59824
58265
58866
59413
56577
59943
52768
60438
61618
59632
58858
56405
54815
58732
64660
59292
56240
57651
66136
63564
60611
63847
62190
63211
62147
59955
68278
56103
55555
59520
64578
57106
65363
59968
63821
58985
58492
60724
67713
57479
62019
51830
65496
58776
67836
58709
67746
66387
59783
56659
57648
59513
64538
64778
63428
56966
65557
66058
64366
58000
59017
62143
59846
65993
65917
62181
64212
63188
71736
66797
66814
56911
61698
54840
60354
64861
55785
53843
57213
60104
57290
59763
65935
61466
60690
54856
57197
58634
54047
60033
65363
61573
64201
60729
67830
61088
56333
63640
60164
66516
59446
59668
57134
59173
56437
54785
59049
56642
60856
53376
63061
68795
67351
58395
57077
60524
61847
62155
60688
56476
63709
56585
59116
63963
55581
51665
63138
59266
57471
65585
58920
67898
59431
57641
63695
58083
65107
57885
60734
65129
64927
56540
62068
63864
58818
56502
60558
49296
50894
54269
59665
59459
58973
65121
61242
61958
68139
63425
68716
69484
58010
61079
64995
61030
60554
63228
62655
66460
67596
60115
58679
71524
56359
64462
60941
66532
57759
64685
54910
60990
63036
59374
60409
61267
58995
64884
60626
59475
53255
64026
58349
51552
62911
59521
59362
59876
62456
56360
62225
55387
64925
66465
67277
53125
63046
55380
52621
63986
62668
51379
54964
55332
59698
62589
57790
57950
63682
62924
62543
65192
60849
57357
51867
63468
55017
64088
61406
57942
55360
61752
70822
68122
62372
54736
52260
63343
63464
60707
56254
59914
59810
49123
66454
60307
63505
63646
55093
55296
64911
55221
64607
65283
66432
57239
62590
61191
62866
56824
57485
61836
63161
59909
59387
60806
60289
53666
54176
62818
60763
61771
66337
58041
61369
62042
59595
66409
58510
65792
58701
62358
67260
65637
54808
63774
64569
60663
60432
62238
57457
70385
61200
65518
60315
60937
62620
63595
56890
67855
63163
63651
58430
64567
63687
59136
60414
66638
63786
64893
54082
62276
59886
58098
61493
60862
58676
58085
60438
59932
62523
63265
59731
64849
69125
71315
62594
63118
59066
60675
65901
65545
57636
61330
63019
63814
57501
66576
57015
62542
58125
60007
55493
60203
52252
64491
53289
56085
57230
58353
64020
64216
65021
56521
61452
57621
65053
60829
60968
57754
68531
61616
61428
62321
60476
56348
58051
59116
64834
61495
67386
64747
59039
65364
62190
57975
59714
62619
55342
58937
58447
60874
67269
54844
59226
68121
60770
58883
57353
55067
66845
67732
57764
55753
63546
67021
56369
60899
55741
63570
66431
63493
60219
62529
55390
62331
69097
66588
61757
60663
60321
54269
65828
61552
53356
64950
50852
64696
55481
58193
57554
56168
59203
57893
64994
62340
64097
60673
62485
64040
60211
60552
67921
54739
64723
61850
66418
59193
63722
60660
66314
60514
57866
56847
62235
62024
65352
51737
64702
65200
58329
63287
61703
60943
60752
56037
55070
55643
59081
61272
56103
56765
53803
60239
65642
66197
66322
66296
54565
62522
66392
59412
61827
52129
66971
65859
55591
59278
66007
59705
63818
65707
59877
56929
63209
58406
59067
64315
57943
62399
60374
65670
62988
57027
56358
61872
50119
64508
59432
58522
65985
60416
61201
59175
65200
60231
66929
57477
61812
60899
57602
61267
61283
56286
65657
54841
68206
59042
60579
60984
64121
61344
66139
64171
71974
61374
68616
56155
66201
63065
59311
61497
59044
53585
56963
62242
61644
67797
61642
65638
63474
59143
59125
64723
62526
68761
61232
60282
65238
64189
62403
58620
57179
60329
58419
60907
64800
54788
64082
60046
57436
65164
57251
59107
65271
64388
64344
57899
53953
67513
63638
62539
59927
66836
64659
60801
64623
63431
63799
63661
60174
58828
65643
61258
66347
64552
68158
61574
67200
64072
59115
57616
59389
60985
62853
57557
62222
68476
70249
58865
58679
60123
62929
63850
63210
60034
62522
61065
62981
60739
58994
63662
64026
59728
57594
56532
59162
59299
59022
62041
56710
62050
56639
67261
62724
60209
57482
58795
60940
63252
58223
58297
53495
61039
61160
57760
62089
62178
59325
64248
60117
55650
60504
58401
67225
60086
60506
52875
63332
58159
64882
57355
61549
61430
59641
60957
61131
60430
57702
58036
62369
58499
62419
60443
64744
59335
67087
64578
65436
62979
66350
65123
62013
60889
60532
62205
68241
58976
56231
68473
66085
62725
67240
61456
62616
59590
55147
64820
68526
60041
61047
64039
60608
63727
63753
59557
67845
58708
65983
60959
63900
65279
57531
63331
61356
65056
62824
63190
64014
64691
58129
56385
60625
60457
56984
67130
60155
58491
59776
58028
62594
54082
61797
58636
64405
62135
63476
58741
56338
59296
64188
61444
58131
62402
61857
60349
58362
60045
57893
60908
54075
57063
59563
55405
59476
63612
65978
60136
63990
72893
57006
57237
66483
70169
64030
61127
59499
73779
64016
53666
64529
54930
61636
64361
65428
64411
62106
62693
57779
66299
58081
65247
61490
63050
59326
54831
58719
56467
68789
64244
65464
63815
61093
60773
59744
55067
68424
68548
61271
62876
58854
59514
61037
61434
63635
59340
59620
59388
60137
59570
60847
65733
62165
61808
61923
68583
53970
56258
59330
56343
62757
60616
52671
64449
52789
65054
63940
60205
56030
63700
59209
55155
59701
64836
64427
59006
55918
60449
55982
56751
58717
61366
61901
56712
53428
66160
61422
66332
63724
65300
66823
66322
54630
70677
55857
57332
62480
61139
62548
66756
61060
62364
57826
66068
62711
61595
58423
65256
59652
54558
63432
64892
55940
62604
63127
58067
63619
58301
62032
62990
60745
63726
57752
62581
55794
64896
60391
59325
62900
58584
54326
65776
62439
63692
62486
57979
64969
59825
62180
57902
61776
59989
59074
61121
65983
53430
61532
58951
62976
62518
62282
57416
60692
55270
69422
73130
64473
59196
56831
67205
53073
67976
57289
60062
63247
56738
57310
64769
65324
62500
53584
62299
56590
58429
64617
62505
60086
56513
63860
58746
65119
64332
57050
54168
62685
64052
62097
64075
57049
52064
62847
54253
55395
59239
60612
64856
64252
60314
66578
62731
65213
57676
61754
57918
58979
63801
64728
56669
57061
54587
60085
56719
60110
64412
62870
66832
60422
54405
56616
57464
63055
58395
62017
64513
66700
52621
64887
62078
60532
60832
58000
58625
56117
62098
60973
63317
55690
57631
63790
57525
59338
61227
62751
59952
62133
59587
64776
55660
61914
57619
61178
61135
58703
58821
55061
60434
64588
60668
58479
58784
66783
58717
64900
58805
64865
66175
66171
55497
58148
58388
66512
64049
58685
59052
65272
56112
59140
58309
61297
51997
62998
63216
60720
61416
57882
70553
61859
58972
58987
68743
54221
55700
58467
67664
62957
57216
57301
60163
55920
51668
62045
57908
60877
60677
56526
60942
53329
64560
65542
66730
67027
56669
58501
54862
57532
60475
63100
61376
61217
57837
59029
52828
56768
61577
59905
52284
63066
58748
53930
60209
57500
59945
55180
60597
63601
69850
65328
65050
61332
66571
63567
62474
64485
61327
64218
64282
55792
58919
59307
61969
65697
63492
57852
63666
63851
59429
62373
62120
58500
65779
58786
65864
62990
60421
62454
63641
55665
65930
52634
59690
64620
65226
71000
60414
67130
53432
64490
56281
59815
63898
65369
52246
60896
68127
58234
61916
62762
60580
58044
69633
57679
63334
56598
57931
59126
58047
61977
62059
62671
62763
69031
55408
58308
61416
59983
59887
57083
60518
62391
59511
61372
66848
63700
66042
60206
61512
57826
60805
58546
59961
61250
65252
57365
59844
65549
62301
62776
58928
67804
60213
58239
63271
63608
61121
58993
60074
61071
60063
59242
60959
58924
61195
58189
60371
57454
62655
62258
65829
59072
58763
68171
66979
59306
63079
62640
63015
59162
58858
56376
59189
55042
56831
62179
60818
67632
61743
59352
58606
60964
63449
63351
60632
59276
59535
59235
57187
58420
55846
61432
64363
67366
65905
58846
67666
63076
62762
61998
61317
67819
63049
64580
51765
63438
62078
60169
69682
62033
66115
54866
60637
59221
58030
61954
52399
63650
59835
68530
58549
61268
60640
61308
69086
64420
62047
64973
60352
62545
59540
63744
55543
58936
62304
58611
64235
66720
62833
60547
52128
59633
64732
59925
52129
63313
64620
60499
60880
58545
63159
59378
53000
62426
61461
62179
66239
57576
60873
59965
59936
60981
58908
58912
58872
63519
53888
55118
65551
55891
63054
57157
61197
66913
55666
54739
56339
59763
51964
65554
50886
63361
59788
56652
52439
67895
61182
52896
63179
66170
65742
59651
54570
62727
64692
60504
61045
63857
60390
57407
63954
64712
64502
56749
61282
63115
58328
62374
59121
59974
63718
57004
57589
62408
57818
55698
57825
57949
64075
54829
56917
60072
66913
58956
65658
60629
60139
56132
60573
60682
61056
61088
59040
56905
58676
54387
64098
61143
56276
63670
61728
61159
63454
64410
53946
52643
59113
61232
62772
68417
58882
65227
61732
67351
62755
62314
56273
63984
55618
64497
65086
58781
56884
58523
57694
57529
61205
58212
62273
58308
62779
55723
65537
66345
60169
61400
63010
61610
63541
69217
58114
63168
61211
59885
64966
55039
64995
59213
53474
59676
73608
63499
59129
59270
64448
61867
64875
61009
62824
64632
56709
62823
56262
62472
62829
63110
66710
62510
56616
56097
57973
70031
66079
59238
61329
66368
63379
62461
64945
60911
60588
55988
55547
62683
60349
60844
60579
56409
60616
60597
59341
64914
56652
57777
59277
59626
53485
69830
57513
65741
58713
64642
66974
61082
62202
60054
60404
65747
56502
57619
59811
61473
58462
53833
61073
64040
61484
60061
59281
59908
55915
60042
66143
60339
64138
59645
65452
58573
62584
61407
56161
56074
61876
61585
58934
63308
60254
60123
58411
61828
61629
61648
60008
61460
57661
64550
59905
59603
59826
57309
64439
56678
67973
57117
57782
64772
67238
59245
59546
65221
64971
68185
57138
65678
51343
61618
55035
57829
58127
65176
67251
60031
65366
62142
65755
74428
66481
64295
62900
56866
62462
57963
61700
57757
69028
59344
65703
56531
60504
66969
66570
60191
55247
64163
62044
64885
63201
70026
59568
57676
55992
62323
58845
64772
60465
62578
59565
61728
53649
57750
61193
63159
59913
60477
63227
55874
60768
59468
64907
63315
63280
64556
57873
58141
59288
65252
61045
56269
61402
68477
59218
61906
63629
64842
65022
64329
60278
57651
64251
64905
55485
62476
67514
62384
53383
64005
59327
56391
59122
60410
59304
61969
66193
51697
66085
58499
56898
59163
60389
53784
60389
58774
65568
61835
56254
60774
66264
62114
53902
56239
56729
57256
65938
69490
64721
61422
54564
63728
63141
67146
56755
64671
68445
56489
66405
64910
59409
64665
57629
67670
62472
58479
62634
68906
57299
61192
61572
54524
59295
56207
59829
67491
63197
60087
64415
61359
59332
56676
60493
71030
54927
63355
65335
62904
54877
60392
56754
66575
53343
63656
58382
64002
64672
62036
59146
64452
63413
66107
54527
62131
65318
67120
65021
55522
68976
58853
68183
58986
65461
60807
52114
60489
58941
62095
64648
65243
60942
56466
54221
63809
64188
58590
65233
60315
61518
62303
67959
56707
62001
65859
62604
64147
60432
60005
64798
60589
68415
61627
62387
59112
61799
58207
56374
59449
59943
65915
67388
64861
64188
61376
56651
60992
55556
58540
65065
59203
60358
57090
66140
61842
61950
60227
62866
73865
56596
59766
62238
60815
68600
56942
65483
56313
69237
58686
59670
63199
64208
58745
68555
59010
64128
59507
63657
57968
67424
53080
62658
60024
66182
57253
63019
62320
54025
63354
62595
68904
69094
59539
63125
66776
56671
55603
57186
61289
59375
63756
53258
55993
63366
63514
61800
58511
61614
63960
58282
68437
58850
64702
57477
62730
53940
65876
60854
71803
63819
64468
57930
59883
63706
62570
61805
54348
60735
57578
58905
65290
62681
65899
59424
59983
60026
65521
56642
57876
66971
61187
52941
55031
65886
62015
60643
63120
68068
58668
64827
66396
64833
61682
64998
61038
61452
65316
59042
62033
54069
62959
64564
61835
65173
57684
58752
60145
58790
65929
64454
64607
64013
62058
63382
57306
66104
58812
58339
61140
62826
55941
65336
53388
58656
69170
59962
60423
62847
61570
61542
64626
64604
53741
56134
61460
58965
54303
63251
55632
65258
61009
61416
58351
62000
62901
58960
64155
66369
58001
65931
64218
65543
62682
54692
57227
58129
63482
60346
63359
63654
71610
59597
58023
59077
62017
67116
63465
71667
63537
58493
58795
60793
64298
63032
58010
62368
59387
59933
66723
60391
61740
61177
60579
64656
63370
58156
63291
64057
63797
51543
62301
60768
57685
61548
60751
58423
65315
50135
54086
61193
58735
57135
65096
58775
61473
56616
61700
64025
55145
62676
61954
57806
59426
59572
65269
61318
56797
57823
54868
60787
58221
66515
55239
53610
60531
61430
60993
61819
73335
57900
60816
53867
68215
63158
62334
56347
57179
59112
58415
64509
60338
56494
61321
64105
70593
55196
67871
59102
61771
54305
65519
58512
63367
62007
65148
63879
60311
64652
60679
61121
62404
60667
58380
55526
61347
58567
55863
64326
59375
55994
61058
67202
60172
58925
58975
64287
61076
58483
63145
61682
54405
64306
62968
68372
62057
70004
56326
61074
60602
54129
61865
62081
57528
60008
59655
62048
68464
66020
63246
67978
57156
61986
58817
61022
60831
63834
64515
66738
60211
58126
73105
64965
62212
60015
60679
58779
56228
61093
62410
65271
62300
57489
56570
59542
60126
62041
58824
60029
66101
57560
55988
64973
65190
63141
55766
60729
57746
62445
64262
65493
70987
64733
65462
60999
58765
60552
52804
61878
64151
61495
64533
54889
60968
58233
52153
59087
59354
61840
69524
62206
59322
57491
64799
63628
60041
57981
57926
61354
59593
59492
63943
60002
58300
60353
68467
54967
61103
61978
56952
58610
58986
65126
67324
61313
62556
59184
60903
65275
59601
61111
60159
61325
59547
61381
62098
67898
58552
64119
63541
67746
61352
62276
63611
62332
59235
58660
62903
60812
56112
64887
66131
63176
59582
61639
58586
66122
59940
56049
63491
58639
67346
62414
58184
51073
58461
61398
64588
63973
58561
61980
65675
58257
61014
63264
56582
63843
58810
66468
59904
57480
55565
58497
61360
54770
57542
59520
55012
64159
61699
57381
62057
63755
60692
67300
59200
61548
67986
56258
51999
56889
63931
61681
60796
64557
56120
57705
61610
63518
56912
60795
59881
57254
66691
59338
65879
70316
61060
54829
66305
59608
56471
63927
59633
59007
59957
62649
55320
61586
64430
66765
60665
63573
65901
62856
63220
64125
65752
64900
53573
55470
62377
62356
58841
59084
69085
56726
62598
67915
54165
65140
60089
56556
63423
57746
61873
62667
62121
58772
62741
61931
60893
59659
68123
65849
58498
70429
66838
60211
60188
57361
59300
54895
63027
54696
65859
57910
60995
65479
60234
59427
63408
62197
64000
65123
61364
63146
64010
64940
65853
61915
61224
56504
61393
54853
59187
56547
61544
62654
54921
58116
57494
56384
59850
56559
60291
62446
56737
68350
61374
64870
66060
64058
58990
62301
57731
64808
60095
61542
65371
62429
53955
62442
63282
56445
59365
59465
61580
56039
61276
58999
58192
61370
53577
58341
59700
69678
65438
59957
65872
70461
65372
57002
58743
59076
61159
60107
62076
67699
65507
54338
61193
62202
61031
57852
61479
57988
60411
58991
65871
63089
68488
57822
62597
63063
64066
61708
61972
60082
61636
57290
64223
68134
56313
66100
65413
59893
68456
59148
59278
58712
64316
62842
63199
58192
64908
59497
67169
59082
65315
52711
62872
62199
64193
60175
63374
61084
61996
68362
58513
60006
65907
63708
65419
61272
63140
60191
64967
58198
59354
60336
61596
60335
62716
57854
60688
65138
65468
69009
61100
60831
67436
63954
60211
56057
56590
63268
55470
56175
60825
60968
67698
62526
53422
64056
61768
61596
51955
60130
59154
55756
61367
59888
59653
59748
63991
55240
65116
62357
61466
57482
62021
63107
62356
60093
57949
61418
58863
64807
62387
61389
61453
59651
65649
62295
56686
53404
64646
60323
67300
60915
63598
55348
65105
59093
65973
54980
63756
59929
71226
62660
58752
64172
67696
68229
62878
64932
64227
65091
60175
61231
66599
64475
65123
69634
58966
56150
62079
65640
67809
69257
58057
67538
57672
69955
56800
62713
61623
64192
64662
60583
55213
65300
62411
61067
62312
61297
61718
60361
56097
63579
56313
52187
68837
61182
55841
57569
59620
60939
55934
62836
66593
56208
56231
61439
61474
51689
67105
59399
61915
68890
65520
62923
59639
59965
62432
64284
55646
65730
56482
61684
64395
60722
66164
62352
61346
63045
64927
58423
56722
60587
66159
59356
61021
59644
56076
66275
63683
60247
60614
65686
63378
58930
61186
60417
72226
63408
65471
61301
56840
59877
60035
52254
55974
59565
63887
64010
64416
60929
65222
61735
55890
60713
60165
57816
57360
59886
58975
63436
62697
65366
61826
70707
63682
59416
67923
55645
58563
59488
65267
59754
58045
63540
61742
56533
53407
66438
64605
58435
56385
56756
60608
55798
60062
59324
63029
60811
60127
58795
64734
62162
59063
56762
65580
62823
65416
73434
63112
61261
58863
58421
55770
60342
64467
69421
75822
51910
61676
58450
62605
64624
62664
59734
58377
64478
58885
60610
62847
57870
66795
55344
55770
59142
59977
58155
56823
65057
68892
63111
57387
60551
63771
62049
59231
63131
69000
58267
61167
57534
63605
58180
66027
58218
62292
58161
56561
60863
58858
65289
56375
63363
56621
60836
58489
63792
64897
57891
61180
67040
60282
59040
65101
62307
62108
58432
61556
59413
60648
63699
63038
65427
59501
68467
61598
62210
65825
64545
61872
65976
63876
57663
63567
70261
66313
57117
60541
58114
59425
60741
58206
63046
58855
60601
61824
64736
56812
55679
59331
59502
60191
71549
54828
71208
60532
53721
57760
58259
59024
58071
62547
59231
64189
62344
63463
67490
59090
55385
60149
62450
64321
60034
58544
60701
60137
61827
68788
59485
59175
60594
66357
67238
64892
61445
64215
62005
63903
64207
62197
56775
56101
64811
63282
61824
56618
57483
65338
60571
61238
65800
62816
55025
56596
64305
58409
59571
58370
53325
65076
56519
56553
58640
61473
63242
63837
59667
60655
58768
57921
57748
63309
56018
56451
61053
61163
56070
64844
57339
59079
59259
66282
59402
58205
70134
65114
62814
58514
69704
57836
60070
67764
65542
61901
58095
64667
58319
54014
53160
60727
62212
61402
56310
59524
57425
67530
56600
67161
54344
66655
56226
62441
63160
56714
66232
62889
58709
52103
67623
69379
60917
56330
61546
61240
62375
51123
61411
62825
65112
66602
61242
55049
67364
61027
58566
62915
57681
56754
61954
55857
63131
62884
60534
67494
62113
61074
70244
60882
67513
64471
61583
59029
63660
59729
59517
59772
63758
68149
58141
62565
60082
56578
63659
63088
62800
68789
62944
65174
64116
66248
63994
60687
58684
54351
60568
64087
55058
57019
64356
61339
64476
66825
62103
58055
60148
66179
63284
62132
67478
60061
71593
58052
57043
65404
62327
60204
55004
58178
62633
60804
60532
68692
55910
60145
59150
64050
66956
59621
58678
62524
63000
61272
55853
55337
63366
65481
58267
65627
63058
58235
52777
56341
57361
65065
60243
61011
63367
59839
59601
67103
58080
60590
55021
58885
54723
67986
60494
58952
60625
58846
67187
60939
61477
58043
54410
63418
61251
54135
57046
55506
62754
57960
56985
67473
71789
59570
59747
58317
62245
59520
63281
57289
59035
57165
59611
65280
65559
63100
65421
67695
63190
62309
63911
62313
57427
53950
70890
61980
59900
61881
67546
59956
70884
61126
56448
63648
72706
56265
65249
62313
63696
57130
52827
63774
55309
57182
62926
62350
59647
66485
60541
59876
65990
61658
61238
65952
61516
65420
54259
62179
61305
67868
58940
61393
64046
67715
59389
56842
61525
62479
56274
57087
58980
61735
56074
62251
59535
60100
63888
66090
61651
62897
58874
54726
62847
61374
60904
65294
58761
53616
54992
60007
70892
61091
64580
67322
66807
60096
62479
68266
62815
55584
55581
64012
58160
64953
63431
57376
64606
58592
65790
64701
63342
59268
58905
64158
57718
58700
61862
58102
55981
55943
70944
58477
63407
55740
62265
53006
59689
55281
64190
60087
63351
67213
56475
65026
64830
61185
61331
62155
55934
63345
60262
55867
53365
64204
60862
61082
56808
59751
57887
60025
64826
62683
60082
61151
63482
55397
56086
61670
55539
60406
65062
58518
62181
63976
63062
56850
63562
66871
61568
67101
59014
61939
61629
60205
53450
62367
66438
54978
62334
62809
60572
49814
59325
54065
60037
61732
59190
60834
67053
64543
62233
62537
64279
62738
71106
58153
59038
58166
56130
53833
63866
55014
63422
61478
60442
57428
64766
58530
58612
58101
60839
56508
64589
61236
59982
59310
64334
60901
69566
60407
59445
65556
57035
62262
60545
53196
61162
68020
59154
58373
55830
73236
57881
61855
56187
63385
60644
65521
61445
60686
57964
62881
56228
56993
58621
68574
62042
60056
68706
59474
55954
61250
58293
68056
63401
61786
62454
60867
63007
52076
64026
58838
59146
63819
70506
65832
61306
52549
61905
62686
64349
60880
60959
68540
61826
54240
68181
55851
60597
56600
60849
65884
63219
59922
62776
57166
65285
61398
63904
55819
65577
57586
62109
58540
56848
58131
59380
59795
64062
63140
62807
66833
59616
54895
58025
57134
63250
62541
62309
66783
61433
58960
58941
62133
59105
57778
61789
51525
62799
60900
59962
65324
60588
58159
58854
60973
61833
68529
60874
60457
60661
59232
63366
73484
63827
56435
63859
66248
62699
59594
61317
55548
56709
55090
65315
65180
60402
61118
63493
65906
60537
60025
60724
53457
67036
57561
68151
62219
62895
63312
56662
55989
62646
58036
60557
57531
55040
59828
66481
52657
55364
60110
61388
63182
63275
61524
60709
57177
56266
58708
59441
64047
58395
63004
59661
65712
61866
55076
66984
66877
65736
60857
60728
66308
59745
63116
59850
57050
58616
64073
60439
59281
61466
59520
64452
62863
64658
59485
60433
68917
57609
62234
59223
59780
60124
66513
62040
68584
64281
56715
70005
58870
67338
61923
56737
55660
62369
57783
57320
62265
55992
61265
64501
60512
56797
61116
68309
62289
68072
56496
59669
59045
59904
61064
61891
60084
58248
64774
63335
58469
66075
67345
61498
59644
63684
61600
57658
59006
63074
59300
63650
62888
63091
65607
65718
57393
69446
61774
55150
63604
62275
65052
60687
63973
58056
53862
64508
66103
56918
59054
59899
54396
53874
61053
59111
61152
63392
64676
61573
65840
64857
64136
58093
57551
65745
62708
61770
55707
64291
59750
64313
61501
69372
62274
54397
67755
58932
61862
61525
62235
64461
60745
61383
61314
69300
64252
68769
57073
53461
54747
63157
61971
58154
60222
66605
62787
57328
57986
57063
59321
59027
57335
62341
54349
65352
62232
55995
63538
55440
57208
60160
56084
64786
61519
64460
63061
64786
59864
56551
54437
60823
58965
66545
57398
57635
54995
58810
57788
58798
57415
52557
59450
65240
70735
59751
60350
66854
61307
63031
57292
65389
56874
57299
61579
62204
58612
56387
58817
56392
70605
62026
61467
60047
69818
57818
61951
62799
63984
63441
58484
60934
59134
59601
63687
58975
58612
60903
70584
57089
63632
61657
59741
63259
55879
55653
62512
58149
59391
61155
57474
57752
56268
61076
63738
64040
62222
67189
58352
64693
58722
63613
66545
62997
64718
55464
58812
54268
58511
65854
58366
62805
60962
56589
61838
62191
60854
59582
57223
66329
64288
59323
56147
71218
64959
55559
58791
63763
67792
56522
53512
65717
59643
62241
60329
62111
62772
63084
57988
57951
64649
66342
63121
53453
55300
59667
65192
62186
59336
63486
60665
58968
62561
64472
58339
62743
51326
56166
62792
63237
66064
55808
58830
66577
62733
67008
61331
59382
55047
62478
62881
60629
57573
67645
54107
59433
54450
58792
52547
62294
59347
59189
59328
58732
59902
55237
62474
59560
63846
61190
59567
58830
65756
66674
60521
57419
65001
61090
63761
57689
64392
61437
58106
65740
52707
59767
57170
60088
61395
60810
62289
55100
60416
65309
59782
55325
59754
62492
65230
54922
55870
61329
51019
60965
59106
61226
64632
60184
54048
56129
63905
59691
63869
63681
61530
66159
62712
70627
58508
63043
57892
59287
58192
65817
55753
64062
64561
61313
58761
63574
59876
59322
52734
53968
62032
66923
59780
63547
61130
62368
63134
63624
61185
59850
63545
57914
69895
57062
55323
59366
60637
59400
61716
62419
60754
64072
65163
58426
67868
63764
56558
59597
58749
61688
57378
60217
61719
70176
66364
60839
65454
56363
65085
63879
55516
54465
55819
61026
55943
54876
62264
62278
59524
62530
64671
59724
62617
58615
56265
53515
63612
63710
52257
58136
55872
62043
61513
65152
55094
70332
55361
58887
57815
59516
60417
60844
62850
63549
66604
64942
58227
57483
63126
61171
64578
62474
60232
61012
65159
52687
64236
58146
65424
59230
59166
62275
65992
60961
61888
58597
64227
52973
61476
59017
58259
67160
64886
60041
64377
56150
60401
56561
56894
60678
61691
59216
59860
64437
56067
55833
60688
60478
58040
59889
52798
67717
50798
62711
62733
58943
59799
60571
63445
60822
58992
69997
57950
68142
59044
59038
66517
59081
66371
63349
53882
64746
55828
55283
56870
68672
60285
62327
56206
65508
53783
65262
64151
54508
58686
57997
63492
61045
57570
62700
58449
59736
60837
60412
59335
62117
62320
56959
57156
52952
61846
68427
53637
59303
65513
51738
65303
58050
64086
63046
58702
63692
66495
64130
59133
60643
60556
61190
62930
63778
60511
63975
60845
65498
60190
56340
53367
63730
53801
65422
58399
61422
60705
63149
61713
66608
67828
66465
61289
70466
51855
61428
61552
63735
57638
55280
58682
68747
60070
61245
66186
62746
54631
62623
63852
60582
60916
68874
59749
63301
56976
58185
65644
58536
60380
52663
60326
61494
68334
54499
59070
56424
58959
58677
62035
58472
60548
59767
63346
59599
58826
61116
61607
54866
61876
60084
60518
56985
58442
54099
65769
62653
59746
60725
59401
58778
67715
59999
58124
61067
59872
63846
62243
63367
60305
64049
65317
64045
59548
61491
55225
61746
55501
57623
58871
62237
64098
59969
59736
61491
59575
64345
58587
57235
60789
65979
63166
59007
64889
61112
62098
58479
57886
57859
65207
60453
63400
69458
57954
58295
62789
56969
65291
60993
60770
55557
57589
58520
62687
60162
61018
63268
63629
55499
58709
66810
60603
57489
69499
57357
59722
52727
61562
62847
67393
53365
62347
60465
58335
74301
59993
65790
56001
60566
66897
54445
66081
61904
60662
56214
63546
64964
57965
60519
58142
61206
60827
58452
60493
58191
67525
55665
58600
68362
65261
62773
60213
65778
57953
67188
64289
61383
57605
67312
61672
63989
59624
64719
53665
61155
62705
66357
60034
62902
59475
57677
60738
66255
60656
61967
64437
60093
57672
64852
62922
57455
62351
56561
62852
63038
62377
59441
61132
64507
62420
63252
61171
67849
61118
56942
70479
64370
68205
59502
60052
68778
54256
54963
56183
54909
59371
57696
60613
61410
60871
59414
59980
64920
60675
65396
67790
55818
57324
66035
69823
63696
56858
60644
58676
60602
58737
64033
61287
62180
63816
63377
58204
59134
60357
58734
65104
63740
64107
69781
61086
51492
65553
57031
60182
68990
65019
61067
64329
62587
64372
61419
62627
54550
60291
55116
67464
60773
65471
65511
58712
61461
61615
64389
61394
65164
62155
53815
66008
61043
59445
55358
57299
59944
59747
58818
57499
62506
58497
63688
60051
55332
63229
70209
60361
62183
61600
59601
59833
66341
64751
63112
58063
67227
60982
67474
62229
60873
58208
59172
61312
63599
63171
62867
60718
65532
54360
59699
62271
62551
61079
63015
64452
61359
61803
62360
60174
53935
63931
66784
63440
68960
67144
67421
67068
60424
66846
61730
50520
62281
62661
57749
58686
66387
62893
60662
66066
66628
60325
61467
63577
66948
63154
61977
66904
67109
57463
63832
59269
66387
63630
66192
61250
54136
58326
55746
63844
60268
54794
58496
62956
59612
58535
53506
59762
62590
56272
59684
69101
61954
62697
59711
55584
59632
68334
60459
61654
57767
60876
59717
57382
62060
67289
55623
56921
58353
59325
62713
65540
61135
65794
61792
57259
51968
58637
65655
60506
57136
62664
65680
61251
58898
65509
61771
57238
53319
57487
65304
53758
56893
60096
63430
60175
56894
63298
66524
57237
54622
60177
56513
53875
61400
64137
64431
67374
64902
63933
65432
60208
63607
65209
60805
63435
57343
53198
65952
55430
57804
61873
61827
63531
57292
62228
58080
64125
56517
57960
57893
65040
58586
55973
61038
60736
65778
65937
60602
59442
59704
61691
64512
51272
63142
58525
59065
55963
58859
59821
54599
61952
65646
60899
57946
64238
62445
63845
57461
59797
60858
57254
69487
62451
65826
60443
59525
58702
62371
57716
67235
63843
61663
59524
57208
59760
71370
50899
59530
63812
52795
68912
61557
67525
59127
68588
55211
62000
62741
62271
55260
63807
60473
61206
61021
63243
55726
58075
61253
58491
74494
67698
70104
61737
65535
60907
61892
62540
60845
60621
58679
60910
60818
61756
68123
50859
57381
61935
67434
64797
67918
66540
58289
59269
63174
54757
58583
63006
63203
64200
61716
61103
61248
59771
58548
60864
57844
58060
63993
58400
55466
58732
61173
59147
59665
62052
59878
55960
63471
63494
65140
65119
63784
59484
67024
58679
65974
57362
56096
60627
56371
65635
63398
59229
66080
59267
64225
57153
60927
61894
60471
68027
60597
55564
62389
60636
64220
56967
63548
58572
57667
54194
58127
59940
66355
60834
60049
59289
64798
65042
60054
66519
54729
63692
59739
63599
57434
57956
63971
60385
63879
66243
54287
66673
67537
60691
63244
62968
64391
59212
58187
60697
55884
61167
58204
57524
59699
65597
59651
61718
57619
60189
57469
59233
60437
61069
51626
56155
61517
63187
64354
55791
60330
61469
60827
66900
69802
59139
57054
57041
58615
63938
67598
61300
63805
65729
58728
56658
66476
69677
58840
61153
59286
62661
67022
60533
58697
54998
62101
62452
61654
63440
70383
68339
58643
57369
59777
61418
61719
56672
68184
60619
66155
56251
62747
63933
63775
60856
68183
64226
57564
62889
59739
68453
58181
60751
71721
68103
313005876
