65308
59085
71314
82015
56544
56856
52002
58071
62642
65685
59985
55946
62810
73095
68061
57276
58860
71067
59315
69751
58471
60889
54902
65154
66225
58772
65475
61168
58210
58213
57637
56617
58163
62963
58467
55247
53133
69654
54826
55878
56607
53585
54845
60231
57456
57937
83370
57852
63759
59256
66304
64578
59674
63735
65932
62006
64152
57702
62024
59779
68956
61633
61150
57335
59777
64205
55753
68740
56539
60100
59289
62241
49775
57252
71265
55686
57665
68802
57818
54887
68135
51308
69017
57936
67712
62257
62408
53753
66834
53253
55590
58283
78400
51108
53027
59634
53368
67836
61607
61178
56538
69298
61461
72070
61447
58844
66384
62718
66702
68500
64720
65314
52362
65365
54566
61891
66187
54445
66540
68516
49542
60697
70813
53011
63603
60879
54884
60559
61269
56025
51405
60569
75503
71203
60805
73128
56908
69531
52138
61695
60023
69312
53876
58549
64498
69106
66388
66926
53406
56179
56886
57782
58975
57680
66125
56759
62010
67558
65094
52612
58685
74162
60530
66118
57446
68257
66327
51449
61294
51138
71850
59551
63135
51010
68400
62589
56858
53751
80237
54641
59946
59877
70812
69134
61162
60851
61274
55379
65735
55310
53543
67472
57474
61710
64148
53437
62427
65714
59278
67763
57019
69581
47649
63949
60183
59483
65314
71493
55803
62858
58443
74738
61568
62437
53501
60429
58591
66256
69439
61021
57972
60337
58209
61639
57026
73940
66670
52448
69856
65741
61450
49614
52966
68734
71959
63856
57528
60546
59317
60647
53780
80497
55930
61817
71106
59258
49104
59114
70531
62432
69446
57323
70063
79381
64404
58958
70170
64954
66575
51727
59289
53245
74340
65351
65348
54862
60916
64592
58900
65279
68745
61430
65576
66697
73190
66880
60196
71257
59073
59623
58525
64958
60814
55269
62972
65130
55182
58673
71422
61842
61219
66385
79672
53166
61059
59892
54383
70847
62952
61842
60986
74280
60969
59341
65460
71037
63651
54353
72915
65669
85500
72923
60912
63590
50384
64874
71515
57117
63178
63521
69147
58320
70811
54616
57837
63767
48120
61570
72292
62357
57741
53455
62716
58835
65618
56889
54543
47448
59806
58872
56339
59680
56687
68995
59708
71688
60613
61718
54943
55385
65035
56746
58937
64451
65045
65919
58483
58551
68198
62157
56563
72587
62142
70600
59784
49272
81038
61698
70480
63430
66353
61457
52675
65914
54464
66186
66123
80670
60105
60261
63452
65618
61006
60832
60588
66392
53353
60313
71766
62945
50045
81205
77249
59226
63571
69229
57001
62146
64085
57778
64609
65887
59336
78950
55748
64420
66375
66824
59983
59312
56674
61484
65279
57365
58506
69084
54308
64030
58960
58374
63269
74892
60071
56386
58835
70427
66091
57607
70351
45925
66205
57803
70296
50799
50931
62657
75783
63054
50938
61451
66936
69440
60500
56844
58405
55832
57635
62079
61225
52765
65158
72654
58010
70812
65267
63697
62418
67463
60383
57121
56164
59493
52615
58788
56670
64686
58859
54434
71622
58165
58557
63964
60536
68712
62709
65089
58882
62527
65611
64817
54941
61051
50199
59978
58773
58074
58529
67537
57455
70012
63623
51444
53800
63005
52296
77236
72873
63043
61478
75682
68037
60478
59820
63926
61152
55713
67852
71753
58916
61623
62512
59121
63550
59044
55920
66391
58871
58144
61425
53999
56394
65355
63999
53838
61424
55800
55938
61048
78113
56450
57962
48453
51909
54293
63538
63303
63463
58676
74278
57816
57371
57365
66153
62777
65941
63953
62037
52996
63860
63957
61533
65881
56158
68977
54739
55110
50620
72272
53800
58356
51187
66056
60374
68057
58652
64967
61801
63298
62354
51441
68823
65904
63488
63605
57047
60150
65138
56267
66729
60987
58649
57230
66509
64297
69863
67736
54647
67080
65084
54661
60075
67968
56379
62594
61803
67263
54089
56673
68403
74520
57994
57923
57287
65883
57560
55303
53453
66156
60690
69776
67914
55156
62639
54797
64250
55872
58014
52298
68753
60004
61138
70245
44440
56239
55147
62058
74066
60830
56909
58134
59925
53811
73136
80842
73817
52412
56713
59721
65373
64600
39584420
