64238
65472
61439
67393
57449
50629
59784
57578
57311
54789
64082
56292
60471
63201
60903
60411
60343
64929
72199
65763
73768
68381
52865
81913
62501
59666
62003
63055
61425
63601
60485
74939
59185
63764
66401
64247
57282
67583
58848
57320
68804
60267
55705
51842
86571
67568
73607
64197
54228
65416
55110
71066
62054
58719
63512
59008
60315
62322
61672
54267
69206
71473
63333
71134
63847
55831
62536
54520
59428
59186
58562
53569
66126
63501
61040
53103
59288
64248
68647
62536
60037
50673
65459
57485
69893
60881
63523
70320
64861
66648
67116
58292
55962
57857
62242
60605
53717
57357
56545
60659
62128
62281
60316
54524
65840
53230
63381
64109
59827
54024
78356
73878
58487
67840
52612
54114
60602
56591
75263
64852
59951
79874
60194
59016
62247
58506
64460
68586
64238
81341
73681
63947
47779
64154
52373
69307
53171
82938
75669
54502
60692
59073
61782
64810
55273
73678
57788
60563
56965
60926
53402
65551
56479
61980
64627
64122
59430
63926
78206
58127
65073
56329
59965
59911
60876
57194
63328
60423
61233
72570
65516
63021
73742
52018
56369
56422
59453
69048
56738
66178
68396
56426
58128
71063
56670
64594
63518
59299
65100
53123
62785
62974
59130
71810
57109
62920
59219
61325
67756
70394
51190
62527
77927
62394
59603
58445
55960
58957
57220
59419
59273
50599
65310
51649
55229
54456
55795
58639
59460
66831
53679
71209
62035
56414
59608
65098
53348
70474
66156
63633
60217
60059
58702
64468
58209
70793
57777
53086
71337
72517
56217
64694
55722
66256
65111
53796
72209
63659
58984
50969
50374
68551
61584
57757
61168
60895
53185
72206
58679
67990
72659
62799
61198
63174
51382
78550
63954
63190
64480
61115
64119
64406
73104
54787
52191
63348
62474
59170
67857
56761
65167
53036
70077
57851
54986
56928
57481
66540
58313
65210
62878
72852
64129
59567
64190
54574
56405
54184
65179
69649
63794
55031
64753
62012
56013
61705
53195
60440
61136
67085
51086
57583
61936
72539
55589
53293
63734
63005
55852
63152
58902
50555
68508
60596
70857
52548
69765
58951
55835
54850
57796
60801
49884
62615
66498
58538
61729
59754
80768
59918
51807
70348
69142
52710
55904
55965
72149
65964
64108
64611
53993
63437
59850
70416
53176
62245
83439
93226
61464
59853
59104
57947
64447
69747
57211
74539
62517
57056
64648
60263
49685
54858
63865
55537
58867
58230
61539
58267
51826
49993
70417
66837
62220
62905
59435
55943
60109
67120
49180
67967
55871
65896
75622
56241
65243
73502
59350
53820
64039
60626
64057
59287
64649
51617
53795
70068
56566
60880
73428
59596
70717
62166
65902
59605
60574
48989
75008
46252
56329
60881
69337
59067
63406
56495
59670
60449
55426
74829
59909
55785
64689
55926
65784
56085
57239
67162
58941
63200
68120
60665
59517
69323
59498
82457
60590
66230
57021
61844
62975
63336
69178
66960
54374
58852
54371
61464
61068
60649
73059
53340
69435
61519
60268
61768
68477
69240
66747
57535
60230
65718
58896
55517
68260
73916
51366
63955
67144
60082
72001
54963
58396
64720
63385
63850
54661
54287
51029
69358
61944
62919
51502
59860
73665
55017
58680
68406
100491
64554
72182
77516
48803
60693
64708
70367
52241
57781
54507
60621
54649
79974
60234
67186
54000
56435
62219
53595
55624
59356
62883
59147
57643
58807
59725
66387
54926
66374
66969
70249
61126
62724
58687
63161
63861
62186
66848
54636
54043
61918
71095
67897
56452
69131
56942
65366
68265
61987
62241
64751
56978
60499
60739
57836
53915
55368
56249
60628
57374
51745
67567
61651
67007
64055
78410
68648
57969
66284
62542
75354
60762
61497
61284
65377
59750
66151
54922
55550
63912
54862
68228
66267
64010
61360
54317
54389
57942
53218
49006
59179
73233
53863
65864
61199
61981
68544
70500
58294
70456
66664
65210
63446
67341
64520
63225
55838
69204
63073
61171
66222
62879
76542
62847
60950
68141
55130
59990
67800
53166
66033
57158
64191
55167
59467
59433
58850
62348
53567
59626
79727
60977
67321
73817
72955
60516
61522
65862
70282
58029
61392
77980
64873
39745380
