132651
98551
121029
70030
123038
104287
89200
92940
90976
98983
122957
82588
106163
98556
93801
91516
113135
114449
139494
114689
97251
92493
102974
78123
99938
117202
108929
103852
100634
117100
96257
118870
94109
129055
108185
96839
112802
101523
87248
105233
76130
109316
88623
94268
92897
130582
85660
131297
131938
111803
110995
122801
100904
99131
98986
92222
113018
115473
91809
100375
97392
91414
103082
113797
83452
106117
114551
113333
113716
99749
94640
100388
112807
115994
99401
103647
86726
95233
99825
111410
118932
114280
126543
116435
109402
80194
107345
88858
109878
108463
84212
114680
110695
101816
97046
101347
98047
82585
104636
108569
126347
96465
88320
120250
145093
108597
110180
85382
104685
91629
76565
115176
87177
92831
92607
98083
83409
114349
76105
108223
100634
120130
95961
93065
97060
116717
113391
146894
122065
102677
106473
124948
99603
143450
102788
93931
107113
97252
95886
107570
112905
117330
116923
102283
105625
116747
116692
118948
120878
101521
102036
133303
101027
120629
84569
135652
126024
97130
100076
133043
99689
81033
128175
117454
108390
104804
140965
94723
103437
93880
132116
110882
114257
90738
116914
100292
125100
83436
109653
106102
107558
97077
111936
93680
91647
93376
93690
90957
106253
92220
114319
95538
103177
125455
101589
95667
118455
97250
111710
80167
112333
100838
117463
95332
108888
85741
96106
105624
103128
105014
107489
105425
118287
108036
99460
130108
88514
92156
119803
109689
133233
97198
143018
102197
113547
101926
103102
104398
86572
102197
76287
80951
134440
92241
97193
93086
113209
89671
124971
92355
103607
130692
88168
96683
118257
119904
108831
96576
94184
116750
118562
101913
115098
119151
131650
109622
121670
92573
122390
153542
105796
78626
98569
91569
114906
96951
96934
130268
114834
106666
88195
97123
124350
102906
94452
109728
111702
92212
113995
86902
83305
115521
115046
93937
110110
109440
93898
131150
77389
91214
99193
121380
113960
93372
118666
76382
122591
111156
86377
121154
125465
97827
95378
92145
95357
106785
106735
118296
103650
93100
105634
94925
120562
123000
108743
109879
102229
109046
96910
98473
33759811
