67260
61131
62286
69580
70544
67152
54850
59243
52372
75470
64164
64592
68789
65845
53833
60245
63072
62095
57509
67310
62248
55705
81091
62199
69154
59097
65133
71441
89037
57519
61187
62150
58900
54914
68282
57500
62257
70641
67082
50942
58889
57465
65724
60335
62791
65720
56002
61353
48661
67578
77005
61392
55158
71541
63933
65095
57916
64602
69676
71312
62870
77567
60043
77480
50747
51349
54198
79376
55441
59105
58160
55344
72851
59782
63280
61757
65799
61878
64366
58657
64635
57673
57569
71515
60697
54477
60846
75511
73952
56425
57120
52032
60469
48887
77744
59777
61617
55666
58584
62538
67132
63621
71119
75798
55366
61717
77691
58010
62930
62301
56499
55788
63746
65325
52025
64313
61967
58284
56619
72910
69942
69293
56265
57132
71543
62817
51939
64453
61808
54002
51363
63529
63201
65082
64163
66109
63872
54210
61655
72139
51080
64200
66944
53690
62907
63065
73760
65626
56104
60036
59460
75187
58442
63282
59080
54453
65507
58882
56059
75803
77141
61535
80242
56415
58240
57660
60421
61664
54733
57329
67458
59022
59210
61815
73838
70885
64032
59945
66699
60793
54711
61457
61564
58538
64234
54712
62357
57837
66506
51721
70682
58450
63317
58996
60656
57664
62693
68465
59051
58877
69172
67969
71017
60754
74667
65245
65457
69504
56337
60350
64970
61929
69252
58457
65974
56625
73124
74098
54532
73667
62826
69429
65998
73716
72558
61503
54166
63463
63280
66121
63896
71533
58647
61383
63035
74451
62007
72276
64096
54897
55718
63099
70114
62373
59394
60031
66326
74025
67814
56220
68370
64778
58516
64493
61185
56801
71185
67243
67111
65399
77910
61189
81761
63470
69559
51511
68222
55919
69247
68411
64431
56345
64684
66083
89449
70202
58280
72479
64085
53832
52670
69289
68688
62005
66232
61751
61256
57117
68363
74354
72871
71083
66313
54160
68412
64784
62655
60755
65062
81670
68933
57074
69339
55101
65267
60945
61162
59335
58360
60991
58953
62011
57407
60289
71836
62388
54744
54215
67911
54914
56339
65962
56772
61952
54349
51513
61343
56902
65307
56732
65370
68944
53398
70364
70985
63845
53558
61493
73163
63546
61434
62184
67582
73651
58099
68928
66113
59876
72736
62784
61412
66258
65775
48723
51959
79323
67087
64189
65857
59643
68983
67023
73633
70508
52869
65013
58668
58870
52605
68411
59006
61230
57943
64244
49598
58892
49243
71453
62163
57502
72732
77551
64354
57306
55382
62353
56523
75260
70412
55328
60044
50930
62159
62713
57331
60005
77010
56516
65218
68417
65573
56192
48994
68005
57668
63398
56157
65092
49764
61961
69400
52793
61613
66175
73294
52928
52432
51606
59699
60844
71841
56953
60781
56751
65941
57134
77725
66056
52590
66191
78521
53995
58301
59085
59974
70898
52964
52454
67136
60290
60584
58203
55697
55348
58609
65598
51135
57785
54190
54666
66530
74865
61387
60024
71637
63013
61254
60232
70010
63166
67052
67021
66598
50218
61160
51020
72373
50252
56349
50979
73169
57405
67655
57618
75947
63309
49272
75024
61366
80592
68992
64714
63876
62021
60608
47787
65375
59549
70669
61179
62886
78099
61850
66351
65054
68762
60624
54957
63394
61196
54283
64393
64419
56471
59242
67895
57687
66988
65456
64660
59905
70546
56531
59553
62004
71199
58467
56800
77146
67641
61492
67431
74498
62632
59231
59517
60661
61482
66353
72429
57534
55161
69617
65627
66763
65905
68729
56539
60722
62857
83491
56825
58608
63426
76628
65719
59187
59452
61780
60246
61335
55884
68170
58071
58389
68101
60608
67583
71344
70500
59278
59128
63889
62522
56085
62986
59958
63405
66575
66271
70079
58730
65253
69030
52620
49943
63168
66338
51604
69759
61202
64717
50651
65640
64150
53651
57647
64399
55342
48350
70760
67887
57973
61193
61346
63891
72254
60183
58719
68432
61657
65316
51332
74748
54940
67619
62442
50379
59603
54980
65341
75508
57395
55086
63931
68071
56251
61085
55967
58720
61185
65518
62249
82425
61753
59228
75054
61579
65610
63726
59371
62035
44985
58850
50208
59015
47801
51081
54088
49672
40175773
