67600
41127
48503
50218
54757
48680
53582
52592
47218
45945
53467
53933
48983
49392
53975
51645
50305
51517
56199
57697
49357
49225
51093
48103
47183
55140
49962
48571
50232
54743
47797
49553
52837
48234
50430
50553
45903
46481
52859
54884
52958
48747
48691
52094
50861
46675
52141
56734
54226
50427
47900
49736
51944
58583
51754
51707
51955
54073
45267
54461
43157
49157
49648
50802
44913
53301
48846
51132
51565
56540
46783
52340
56742
53941
55668
49021
53764
48988
54041
47820
52010
47276
55507
54988
46182
49461
50074
50224
55396
50066
44741
55578
47404
51647
48748
47367
47345
49373
50797
54462
52469
60084
54728
51917
50571
52388
51476
46611
47626
45294
45767
50239
49217
60003
47660
47040
53376
51116
51076
62671
53868
46204
45796
56212
42718
55549
53808
53979
46716
53920
51224
46913
44176
59006
60234
47120
50339
50259
57899
58857
53395
45960
51523
54744
49492
49015
46509
49476
48326
49974
62261
48135
48359
48681
52435
49092
49673
53752
48152
54108
47306
46194
56093
43720
56160
46563
53914
52868
58383
52248
43819
44498
44240
48215
50578
45026
53524
42882
47782
55275
48727
51799
50308
48006
48103
50988
58449
52300
46022
52232
53328
57291
54221
47444
51690
51741
45492
46993
52752
47155
50883
48793
51250
46745
55540
45921
51723
52892
55842
49775
45500
54675
52248
47305
53122
45321
52210
56488
52382
54073
55935
51482
46456
57576
54730
45173
48320
53315
49940
51951
48193
48016
48965
51460
56589
52052
44124
52665
57297
53829
51818
49416
47346
46836
45564
46717
48489
48598
48763
54341
46801
54197
53025
59485
54052
50099
49769
43643
53632
45182
48075
50042
49726
46138
52164
48261
43249
48261
59168
47974
56605
61821
48739
48672
54725
51269
41950
48778
53887
50826
49558
48367
47929
49934
51435
44679
52567
44416
50682
46455
50876
45699
46733
56942
50050
48480
48126
55067
49337
55814
50565
50634
49633
50941
54291
57390
49463
48176
55248
48511
58302
55388
51049
47561
49597
50054
51021
44964
51761
51896
53865
48135
50346
49349
57460
55317
57212
58120
43778
48074
48668
53770
47270
49415
51607
51871
46469
53113
40787
47484
58261
48377
58742
46478
57283
53270
59172
52303
49877
57374
57277
74279
46163
49215
49379
52486
48475
49630
47633
48837
45432
44338
52593
53568
58333
44455
58670
67822
53997
47660
59053
49718
42955
50731
46488
50676
46625
46692
46430
49258
50436
57606
54676
48628
50562
46552
47801
50885
54338
48318
49250
48066
48797
44842
54116
54071
54752
52782
49948
46720
46723
47637
48345
59760
49935
50461
55955
49022
56823
60284
57316
49693
49303
49674
46886
56352
53611
47819
50497
53498
54345
53072
48634
47170
51288
52423
51860
43714
47607
52275
52404
43997
47612
48178
53153
56378
46660
52156
56132
47049
51765
47701
49455
51527
44141
55155
44887
56411
53558
54390
58386
54579
50110
43373
53028
48600
54464
49117
46576
45109
57974
49308
52357
45118
49805
55389
51071
54222
50443
58113
53110
48338
44448
50265
51487
56205
50937
49346
47169
50663
48281
54508
52511
53434
48995
48037
48340
48287
49498
49194
61948
43094
45438
53557
54078
47756
50949
46439
56143
58800
48576
55992
52362
49081
49921
52972
56798
52913
51904
46428
52718
47782
50589
46140
45786
55246
46117
49482
49171
52766
55636
52586
45574
47950
60647
61370
44345
52238
55530
50345
46451
61792
48394
50547
55365
47925
48597
46189
61108
50131
55123
50985
49909
43841
53686
48252
50309
59283
56791
45855
55610
54088
50647
49133
51012
50857
46382
52656
44508
51202
48107
45891
54627
53538
49077
49439
54265
49046
51420
60779
47957
52406
45161
44926
45764
44859
52846
52133
59130
54196
52003
51844
59890
43932
52224
56504
46681
51122
47028
45295
48296
52573
56186
56093
47107
48196
47931
49336
43997
58518
53719
55072
47013
47611
48156
52539
52316
45837
53540
52021
50672
48070
46578
53324
58795
48722
47074
54143
60244
58293
53377
49330
54912
56661
56212
56036
46587
48847
45714
47236
52619
57901
57601
52663
42842
50592
55931
48257
50242
47503
57050
47501
51553
47596
56972
57926
49351
51794
43798
50478
51132
47100
46267
49413
51637
60288
46684
55387
50128
49534
56196
48761
50116
59623
51211
58384
42642
56761
51259
63154
55492
63125
50814
51208
46951
50542
43806
47708
52703
53603
45687
53350
55458
48082
47789
47522
58310
52305
52801
43205
47669
49056
51231
52338
47731
57059
47611
48909
48915
43077
53458
46699
44050
53023
50424
43390
52694
56245
53301
46111
45593
48849
50265
48517
44888
54381
49771
50123
44653
45957
50491
53604
44369
52508
58706
46216
48956
48449
61784
52279
49911
50051
47260
49012
53148
50393
49424
49595
49017
53940
46144
49990
50555
48504
56161
56592
46345
61593
48114
48251
50787
53257
45481
61087
50171
59577
66067
46645
45426
53989
51486
54442
45525
55512
47101
53051
51165
45574
50869
48907
47032
51616
46585
49728
56500
54171
49080
54437
49363
42417
46964
47332
54295
44650
52655
49566
54296
53648
52096
46960
54689
44329
47309
49820
47547
51948
50581
56481
49423
52230
58017
47278
66324
50309
55052
48866
54251
48166
53488
51114
43513
49516
59326
52328
50424
49268
54355
44204
51514
52227
60869
54585
50739
55699
46819
50598
50814
52982
56995
49254
46083
53237
47931
48547
56121
41140
56005
52685
54147
51722
52363
57227
53952
48515
46089
51347
50299
47138
44564
52728
43632
50713
47448
48628
52227
54583
52959
61001
49210
51123
46653
46086
52431
46585
51387
46111
51468
47840
55426
55514
47587
49094
45201
46987
56811
58247
52446
49851
54652
54092
56569
44460
50500
50909
46459
53625
48066
50773
50592
44159
52398
53027
47873
48415
44262
57263
52560
48288
55602
49151
45761
50370
45381
52517
47190
53599
44333
52112
49194
58622
55339
43143
47354
50717
51118
47007
45856
47275
45351
58829
50119
51549
44139
48366
55710
58120
50657
48664
49631
42174
48545
45962
43004
47197
42152
46124
61042
43853
51457
42872
51489
56595
49467
46507
53174
53799
52490
42779
52211
51507
48231
54089
54024
49983
46757
52482
42673
51079
50987
49240
47781
60189
48763
58330
52211
53217
47772
48684
52518
44373
54173
46708
49575
50331
53371
45745
49247
47524
53751
48562
57061
50021
48839
56978
47750
50203
47354
50750
45481
53461
58306
50453
54498
51055
46058
51648
53112
51451
54221
49787
49671
47713
48243
45250
52086
50052
44993
50179
45146
51708
51460
45806
49366
46899
50620
59367
59219
50126
48666
44684
58044
59286
53845
46052
51404
52053
50049
46527
45652
55269
50806
57326
51754
48469
52172
48825
44615
48128
52633
53793
46596
48092
47833
47411
51555
49825
47138
52396
48595
44870
46950
43477
43358
56666
47291
49695
46348
56775
48496
48802
52502
50974
52990
55150
51144
58056
44188
45293
49959
49542
47747
53273
50666
45656
50043
45682
52846
52843
45072
44432
56717
52111
48270
51935
55689
54928
43905
50276
50241
45117
54349
45743
48461
50337
43608
55013
57632
50663
50350
52698
60013
55850
51353
53280
52307
45042
50332
61900
48722
52450
42491
52024
54676
52834
53752
45611
58650
44277
46415
44490
50258
51187
47651
53315
52538
44211
45289
47547
54472
56522
49709
46130
44793
51350
52892
46494
55493
61396
45887
53649
55412
57272
50050
48320
58946
50076
51975
45094
52544
64213
45800
53278
46703
48016
52529
47644
50378
49814
57264
47875
50213
48137
46363
50611
47677
52408
49625
52678
50865
48090
47280
53229
47599
50751
43354
52714
53668
51264
49401
48245
47754
47644
44689
48504
48517
47971
50127
46883
46491
47568
46567
56286
43990
52569
50547
51923
46028
45557
49855
53710
53368
50880
52631
47517
47026
49557
55288
48295
49533
58903
49502
47184
46814
53162
57510
42996
50883
46013
56953
48984
52131
55295
46430
48467
53835
53591
43822
48446
50154
46137
45345
49243
52139
51427
64212
47637
50737
65172
58506
53837
49214
50928
49082
45679
44265
48407
46280
51918
50359
50189
58817
45757
47916
51514
46596
45128
47586
53326
44244
49315
46868
50232
53241
54052
53207
54579
60954
47319
57078
55681
55873
49758
55424
50594
52390
48947
50804
47327
56643
60201
65026877
