74932
50489
45740
49952
48440
45029
51737
43031
45513
50770
48027
45781
51756
52656
50320
57910
52516
47181
49877
50575
51992
48895
49912
54365
54381
51111
44258
54587
47250
51917
50289
54526
57219
48834
47410
43885
51195
46357
51950
42333
55470
51270
49962
50067
50865
47123
46533
54773
55744
44631
46759
51723
56055
56273
46973
53632
44278
49351
48029
50389
50390
45343
49217
54857
53814
49913
47613
57774
47369
49665
51163
51448
43996
47047
54818
51536
46100
57753
48422
44774
57060
50221
45957
54141
44060
47221
51675
45095
52320
53222
45287
47482
51322
53125
47361
56049
49399
53317
47119
48933
48584
49122
47769
56208
48234
47479
48338
51558
45931
45325
54642
46109
52405
43989
51412
54910
51419
52621
47350
56256
48860
56969
52506
47268
50843
56128
50717
56326
46777
52028
49287
45730
51726
47240
48210
53262
58096
52863
57561
48348
50369
57967
54088
49826
49912
58178
48023
47269
47201
47322
44335
48135
57989
52497
44942
54835
55616
46065
49246
43161
53099
51328
46682
48102
52298
44338
51207
51793
51029
48540
46141
57419
48045
49030
56697
52003
52673
46524
52699
44552
49741
46821
52343
53155
52953
51502
45410
45564
46786
50730
46606
53036
56049
46349
55098
54232
56487
46499
48873
65764
51860
48547
47028
57392
50406
49922
47542
53252
48046
44122
52250
57338
49761
50689
56831
50834
47384
56236
47916
46958
49494
50874
49785
48340
49899
55883
54750
58129
50124
53280
55472
47820
46102
47264
56290
50807
50615
50793
52135
60983
55979
51373
45882
44282
42655
50062
46690
50424
50538
48234
58174
53409
55741
50693
52769
50867
48859
45916
48864
45999
47843
53675
52046
48197
58626
48824
47825
49631
50694
65522
50850
52424
45382
52616
47099
44467
48901
49965
50278
56114
45378
50754
45549
45421
55617
63565
55547
51305
49712
58796
48970
52004
46040
54245
50038
52757
49811
57856
52247
47692
48346
59002
46533
52438
48311
48544
49952
46866
47454
47200
48747
48007
48457
60203
53289
48472
46650
46706
55251
46244
48286
43069
51951
53592
56239
43019
55497
52532
56898
45635
47527
51493
51544
52437
54194
56454
48139
47861
56795
44322
48147
44192
44068
49563
53837
49725
53824
45498
52606
50227
45657
58067
52479
48969
55078
45701
52022
47372
51112
51086
45331
51814
51696
50437
49490
50333
54183
48512
53155
53598
49603
58082
60275
50380
50578
53934
48381
47932
48834
50752
50836
46537
50253
48295
65186
52215
50349
45671
46931
54103
46582
49872
49578
46184
49243
50801
59225
52042
45711
50386
53824
48449
50064
45438
58808
58281
44822
53198
49627
50208
63972
42634
53943
50024
58755
51133
45768
47195
46141
47144
51312
54330
56599
51097
58920
52992
50114
51508
44235
58971
47072
47410
56950
48172
49092
50012
52204
51959
46903
51866
48655
49193
48674
50123
54401
53643
48441
51656
48916
48853
54111
50418
46767
49614
54422
53062
44766
50361
51574
52654
50683
51879
49030
57746
52244
50078
50619
51993
53845
51846
56508
52342
45634
49991
47242
48578
48015
48116
55468
50767
47265
51167
46962
61465
49351
46861
56871
50191
56544
51972
52234
50765
47032
52003
51404
51941
49385
41800
48005
51474
47520
54392
58889
51459
47391
48168
52683
42543
55447
58455
58554
48468
50458
54066
48138
47501
48542
45630
50678
49676
50775
49237
45396
51563
54306
54619
50104
57195
50093
47674
53074
46683
55974
56500
47838
46825
51886
50817
50591
46836
50433
52027
49857
48995
48217
52583
58149
63149
47066
48535
57494
45167
46932
45777
57974
60052
57029
47919
47629
51465
50432
48973
50139
52210
47706
48870
52965
44974
51412
50404
48073
55673
48749
54864
46867
50444
45543
50750
49152
55822
49602
58107
50033
50577
52757
46320
62329
51774
51083
47650
55587
54106
47083
44645
56884
50885
52118
58147
49348
48968
43530
62977
44906
47043
62380
46226
51092
49503
56603
55500
55110
47324
49225
50033
41398
51529
46362
49724
53153
57442
53550
52509
58468
46300
46542
50622
43038
57721
51571
48879
48477
54083
51132
47268
50124
48309
52721
53184
56578
49261
50885
46945
53012
48693
45647
55409
50105
54184
52113
47784
53665
45604
47748
61599
48097
46121
48521
47022
56494
56344
55756
53965
58850
55632
51923
50703
50596
55651
55701
62058
53940
45232
56209
54344
47961
51529
58499
52561
54539
47692
64101
55815
42989
58203
48420
47471
43150
50112
45872
59294
47127
53246
45093
54394
46392
47973
51239
45941
57031
43492
60717
43340
49241
46288
50427
60505
49687
45605
51458
47420
47100
51799
48943
57512
52399
47059
44128
52465
54002
51214
49983
56047
53769
62261
57548
53305
44071
48493
54880
43750
52665
51279
49055
51698
52308
48723
50782
51157
49224
52763
50424
51562
51394
54852
43472
43550
50584
46985
51293
47657
56698
43910
46504
48947
49999
48909
48329
57865
55334
48062
56151
57168
52521
51859
46319
53964
52895
53646
57331
51270
45345
48581
51800
44710
44140
47516
52944
52834
44810
54887
46093
46544
48032
49527
48825
51361
50133
45048
44387
44971
54082
44238
54722
54364
45579
50440
50540
46660
50945
48803
54210
53117
53659
51037
52897
49608
52311
49588
42503
49672
57542
48545
57738
48211
59349
58227
45588
49001
43070
54716
56486
45814
47842
60396
57887
54575
52241
47672
49712
51755
49852
52918
50610
56892
45119
52510
48166
47272
49647
51721
47847
54995
47230
46576
61576
54948
53788
43421
52271
50699
49274
52233
49092
52942
45534
50997
53169
53861
51028
44312
55555
52373
46669
53104
45806
48333
55996
45735
56776
51024
51386
60278
46359
49434
42609
50056
54675
60730
58229
52133
55869
51611
52650
46967
51459
49693
49608
50168
48698
41488
50917
48242
53148
49109
49358
49727
48251
49534
55574
43484
50693
51126
48128
48473
50291
54498
45709
59618
48931
49870
61207
48994
53538
51664
48013
52067
54017
50387
45210
57616
54047
45824
56593
45838
52059
47384
49041
46700
41452
46983
53034
43268
48956
54403
44794
46000
49368
48100
55579
45011
47244
43716
51167
50364
49995
55738
51594
50141
47510
46930
51391
44383
48713
48185
44274
49379
47543
53687
46170
52812
48919
50596
46506
47745
47700
45996
54001
48519
49803
48350
52066
53535
44120
45487
43329
49403
55180
47468
53466
51445
52652
57991
44888
46619
44319
52334
59613
47778
46483
53513
46617
44468
46918
49360
52180
59115
47214
54200
51871
53729
44977
47850
55918
49459
47240
51900
54657
48905
52581
50475
51978
48452
44910
57549
53740
49540
45624
42956
57317
50936
50179
45828
52513
57137
57559
49074
45599
50878
48482
48625
63891
52666
52961
49168
55376
53554
46436
45544
54175
47039
49050
51296
54867
51921
56243
49367
50922
54810
55775
45788
52630
47305
48648
45893
44394
52756
50924
47687
53632
46348
53293
53060
49684
45994
60183
60202
51211
43707
47981
56008
47323
47477
49816
54875
46353
48789
46215
48653
45387
49704
46050
54619
49380
49072
52532
50317
45358
54162
53774
43968
50163
45728
49779
45655
46331
54009
55355
62422
51578
54191
50278
57432
52581
47102
59752
45211
55170
48723
60437
57393
44646
51367
51318
52181
51716
43683
51873
56017
60557
50007
49071
48121
53192
54647
53421
52453
44125
49355
47573
58334
44974
45201
56904
46779
43984
57896
48388
55286
57796
60853
47516
50061
53116
55478
42926
57632
45739
50763
46806
52643
61306
52940
50975
47116
53205
53494
49460
50353
51438
45840
49811
55431
47408
46376
45061
51330
51155
51239
50729
45368
45013
54080
52794
46439
51259
51722
52616
51602
47493
58172
48975
47322
54192
45009
46481
58340
52147
48537
51038
44404
44606
53583
51504
43730
52592
51330
48616
47478
58784
53202
48622
51726
53588
53720
42962
51090
53133
53604
42986
46053
43676
47067
60611
50533
51230
49475
50840
50973
51349
50862
50782
56370
52814
47516
45329
60789
51203
48351
56960
45868
42520
52042
50826
44022
55590
61488
45347
54914
52518
62940
53766
51336
52888
52526
49598
49894
46345
52016
51367
46828
59529
58928
47146
53002
52907
55792
52215
56565
52258
45697
50615
57465
49933
52549
46135
51340
51484
47681
49496
50739
51176
46829
49780
56169
52816
50092
56447
62340
57024
47826
65014503
