131479
104477
100178
101527
95922
113279
109809
97030
97018
106167
116133
117518
99585
114656
86112
95141
119928
98967
91257
91856
98304
101985
124998
86762
92576
105801
94323
99915
120105
97673
101873
100116
118741
126781
90596
117467
101124
107294
94125
114899
137081
128038
95845
128062
88255
103160
92836
83737
103827
83202
112675
71137
125868
142772
153711
100143
95617
104661
122275
93589
133607
125016
97898
102972
131982
104245
97299
141385
121340
137448
99867
110556
95742
90639
124240
135416
107457
107390
87558
126284
105775
123107
119206
91161
94668
109043
101184
128943
87202
97293
107004
88270
111728
105023
105430
101817
100819
132209
148011
115131
133416
102055
127759
94446
106785
94048
113093
92257
105014
89856
114164
93207
99114
79155
99934
101564
104897
105550
102986
91505
116521
113714
97728
131173
97110
149574
114484
83210
128583
108750
134343
90993
116278
111150
105288
112474
98071
110262
74823
135871
104335
89787
86732
115918
94823
95992
102069
109908
102544
136596
88311
122206
97475
107632
81448
81244
99603
113130
96716
101620
112049
100405
136092
126107
114308
128404
111253
116126
105885
112880
99722
94905
117025
115544
105370
109217
92959
84944
97184
108327
97658
78109
127130
104628
107197
79769
93695
89866
97207
89013
122854
112836
114432
118189
110435
107656
117006
117341
94802
91866
125329
111798
104006
106473
117957
129498
96594
98859
123210
127502
92847
131525
97863
113891
143425
145568
140886
106469
116368
101234
91845
110480
111455
102775
104323
102068
104395
98440
90124
109646
102796
111615
95002
124176
101717
138797
104109
100352
78562
100129
109518
99695
95684
128375
91094
113381
96466
124662
116180
111494
108493
107092
116517
121430
101401
108587
99083
91231
108943
100485
148686
85309
90435
106285
112853
113957
103456
131106
95129
92273
119487
101966
109154
112856
113047
91395
103550
124970
115534
127040
101175
92838
93999
89950
102456
99357
99254
129183
104519
105776
133795
94630
101975
124479
127155
107017
119015
91344
83504
115584
107534
93300
117940
101663
108604
96293
112315
111897
89024
116305
81470
109648
86397
102577
103506
90981
80518
76324
61977
49448
34148175
