97978
106051
105354
99145
88911
96035
103717
97261
96530
104751
91942
94409
112824
103480
178758
162713
113202
119966
96177
102322
100172
109641
95499
141825
108605
89787
100346
121017
104060
120916
93836
128859
115389
126456
119472
106119
97634
121579
121861
92696
92790
97957
86809
129018
96212
105476
120293
115882
105131
105439
106203
110143
113226
129551
129157
118577
101082
141539
98229
85491
117303
103783
98727
108006
115855
100334
119497
86021
109978
130624
89233
112158
104312
104696
99864
92930
97226
98565
114509
126350
107506
115280
89105
103584
117416
87308
118027
96383
94560
126223
114015
103025
93286
90014
91620
90473
99244
107408
118989
108512
95714
130434
113497
104225
139091
97902
95121
81383
114959
112512
116542
108120
127546
101182
113682
97142
98616
82216
102688
125724
111140
91733
102280
105912
75886
117006
114696
108340
96671
102295
84767
108326
94616
107060
133217
90433
92347
119174
121666
119003
87551
90046
124098
92920
114500
116890
114166
96668
128331
105639
102526
136750
74808
134679
121037
88118
98915
114457
84635
113458
97840
110179
111194
132246
114579
103668
90997
103525
116295
105030
97891
106009
102058
119806
103357
94524
102336
117118
112095
103954
135687
132103
121083
105745
107220
118021
101127
96672
116575
96089
136362
110206
89915
88700
111238
91669
110674
102357
105404
97814
113461
88013
96561
118032
87655
128773
93832
80329
89750
99561
75434
107723
106128
84783
98687
92353
93466
113908
113455
136894
102138
94376
136216
107572
106830
119767
106612
133382
117489
100090
111875
129901
95065
100271
110426
127391
102951
119757
116769
135842
84568
109046
130262
119243
95053
118759
81459
99849
92710
136640
101473
95611
112252
120348
105136
100535
118623
100900
110612
104252
111759
103495
90481
129351
102154
113100
103400
108338
126890
113447
117496
100008
102919
76540
105330
90953
111730
99816
106158
87934
105444
86380
104516
89339
111741
106842
99725
105207
117792
91009
91712
116227
98092
112462
89867
93107
124330
106230
96823
95812
103694
110477
87604
93109
105272
122736
115126
107951
115743
73770
82853
89649
128857
83740
99258
62314
58884
52774
52881
50023
33863387
