63705
52048
43162
48630
44413
43801
44731
47844
53830
46209
54515
49057
53849
48701
49763
59141
45872
47422
48312
53121
51974
49096
51281
56676
50474
51040
48762
54322
45698
49436
51341
47200
47914
57992
48804
47527
53326
46482
47026
45255
51767
42914
56778
53955
55552
49529
47171
56702
52050
58386
52965
44838
50752
47761
53523
56667
49443
45972
45167
50875
46397
46334
48731
45593
47228
54608
49361
46422
55168
47579
46848
49932
49424
49533
48974
50896
58105
59878
45366
46041
57991
50084
44179
47286
51118
51097
55375
51047
49596
50137
45820
48123
52717
48887
47075
52859
50942
54612
47938
46243
49039
44060
59839
56837
53000
44181
48824
46883
50004
47561
48007
51933
51100
50512
57741
49345
45846
56922
59210
51417
50978
53535
50442
46959
53733
51474
47294
57821
50105
53762
48788
50048
55387
48208
48209
55088
52525
50435
42229
57446
64343
64688
48876
49926
47789
49689
48693
55692
46491
47861
58458
56620
48617
49566
47993
45319
51869
47018
51898
52170
51138
54123
53942
57374
44335
53316
48966
53982
54233
60740
52957
47060
47283
56318
47452
53414
44955
48976
48115
48830
51570
43943
51791
51099
48415
49452
44311
48881
49908
45487
52363
54928
55120
54943
52499
52637
53783
48764
48534
49741
57180
49396
52652
55423
49228
49884
49718
58839
50766
49178
50038
51559
48354
48312
47664
53149
46506
47185
47473
50322
48940
51996
46169
53613
51108
46277
47757
50610
44971
50041
48901
52198
49020
51115
47088
49380
57997
49702
47196
52850
52263
58411
51810
52271
48064
44833
43103
50996
59227
50823
44157
52637
55765
49764
52065
50763
48352
46128
49446
50170
53820
46733
52434
48810
46999
53877
50372
55156
46457
52194
46475
51755
50395
57992
44124
46440
54570
48704
49001
55418
49479
49661
50207
57414
50485
55882
54250
48269
49888
47791
43185
48829
47978
48388
51874
53619
50574
46164
57341
47182
56363
55102
52232
49212
57493
53101
53953
49150
51396
44216
53604
46022
50665
55538
47174
49561
57358
55277
47681
46051
40960
60107
50223
53267
47115
53433
48273
56047
51789
45352
48512
48128
54356
51916
53253
47570
57989
49308
46145
43686
49607
47555
47505
56244
52330
45843
45300
48245
44165
48316
55338
54133
59464
56278
49795
50163
48922
59268
56883
54906
52457
48804
44715
48214
48641
50418
59304
54520
70534
61769
42087
54029
49423
50109
49942
48513
53463
45225
51168
52805
51696
43665
52750
52217
48789
50819
48926
51150
51860
52934
50872
47649
49771
45981
55587
52365
49185
51377
55885
48099
47024
49131
49822
51124
46407
52947
53632
57687
46880
53787
49966
52145
51343
53145
55787
51392
49900
54554
45051
50667
53677
51680
53237
61118
53788
47213
50670
43084
47983
48131
53138
56107
44325
49577
46076
51946
50056
50492
44615
62402
46391
50014
52547
48692
52069
56178
54111
46904
49616
46651
47724
53672
63559
59011
49802
57812
50616
55926
54372
47783
42938
61699
48187
48676
49932
45664
44261
52649
50435
44403
52326
50493
60421
46858
53488
49429
45700
47594
45028
46841
49302
47888
49064
56168
45600
46907
51891
53150
55981
51411
56768
46622
61176
55101
48484
45895
53729
60403
47000
62079
60678
50241
46663
46377
46371
50122
44777
51842
50249
47862
53446
51020
50053
46644
49199
51163
49933
54307
46796
50732
56738
45249
66643
45337
50637
47514
53307
52366
46856
51896
54274
46971
52208
60889
59993
64701
48240
53079
47867
48176
46240
50707
51204
46545
45780
52838
47293
60521
50421
46647
51681
50838
62480
54508
58213
53037
53463
51095
53778
45606
54957
51112
49500
58458
46542
50095
48701
53417
52521
51346
49733
49196
48429
47727
47900
48089
57795
49598
47957
48769
53785
47807
51372
51743
44887
55212
48596
49253
51344
48905
46256
48102
53058
45773
49334
53413
47995
43196
48456
51794
65640
48090
45948
51692
49416
50357
55702
53487
44599
49519
57024
46410
51139
50480
50664
45339
51172
56788
56038
57355
48842
59013
48493
54329
53254
50860
53462
45510
44612
52074
45285
51305
56046
43084
51299
54181
51090
50313
48086
50170
52095
60471
44032
51368
50974
48139
53954
54183
48928
54906
49192
47388
57052
55084
52225
50489
48218
50292
54613
50298
54021
53957
60291
53539
52391
43893
50761
53497
60866
46660
50313
56058
67446
56094
46717
49144
52937
48851
51836
56605
49331
45876
55701
49483
48070
43390
44060
56054
52640
48176
46825
47722
49412
56025
52071
49438
52029
53759
46286
52125
45846
41555
52660
52779
49021
50310
56062
48021
46265
52008
50246
43300
52940
47982
49873
50244
49954
50345
46976
52944
52187
53210
48298
46305
64366
47306
42580
51467
46962
48507
53862
53972
51270
45708
53190
49373
49825
53132
56723
52522
46575
47226
51374
50518
52591
53899
42457
53161
48521
56322
49525
48846
50594
51039
43892
53841
45575
51033
55031
49890
49201
53011
50250
57530
48378
51211
48753
50318
45658
46117
55028
46557
47617
49662
53819
47592
49225
55978
49646
54568
49986
47463
48157
52988
51849
47564
45216
48917
50934
49679
45915
49425
56711
44750
45430
50313
43630
52221
40563
55296
51492
47653
55529
46508
54321
48500
55192
54575
48739
52928
57039
56226
42904
47423
49705
55608
47865
53685
49114
50408
47322
47225
44005
55011
53321
51327
49607
53636
46731
51084
51766
48466
45226
53894
46037
49303
54547
54802
50560
56204
50247
54957
51181
47837
51533
48727
53687
50024
51286
42033
51979
55579
63654
45943
51739
55541
50727
58349
52243
47549
54682
54664
47553
48247
52652
46069
52954
47341
48068
47713
47776
51313
50378
53371
48480
46670
51887
67569
58272
48206
56447
50691
58960
53974
40765
57415
50381
49670
49871
48218
48009
47571
54481
53085
50423
47428
50217
50405
51592
44443
45429
50769
53979
56021
46617
61780
52515
61211
44040
58077
49829
54388
54175
52226
49865
44918
46442
49221
60760
56902
50632
50165
45851
50104
47163
54622
50814
52931
48663
43569
41590
50500
52540
50210
51756
48747
53725
51926
47435
43879
48062
47393
49024
49803
46950
53481
48685
53077
49170
47822
54545
46634
46934
47478
51631
46263
48301
49908
53533
45531
43714
48776
47889
55404
53410
51718
52045
51451
51018
46296
58062
55492
49994
44915
50049
58922
56934
53362
52258
50679
44900
49912
45914
47777
58551
51254
52013
51974
52231
48412
47950
48863
56254
54131
56333
49659
56134
45508
46088
44465
52026
50545
41600
53794
49866
48874
46418
52214
50338
58545
44794
54036
43745
54618
48948
45638
51143
47067
48145
47082
51163
50070
62566
55151
50007
49515
51210
46887
49509
50790
50971
59489
43459
56071
44908
46827
50563
54919
49671
49944
51074
49017
58554
47685
44086
51026
51443
46963
46973
58293
55173
50659
48558
48201
48276
46663
52300
43964
58561
54989
49026
46462
45895
50620
44708
53511
51121
47962
45938
51246
51227
50869
46929
49731
48390
54451
55284
45129
48972
51905
48077
50231
45074
45974
51833
43960
52699
50025
46178
52853
46712
47385
49212
46288
53786
58160
60212
55353
48735
50432
59530
48295
49630
53380
48536
55130
49833
45634
49219
45686
56868
50021
48077
50548
45470
51201
56703
45300
50675
45741
49669
48446
48910
47469
54473
45378
51575
47631
50458
42919
51410
48357
46761
53160
44023
47575
48707
43933
53146
48516
60272
52075
41935
50812
54826
45141
60898
59026
51157
57098
51642
45036
54417
54779
52442
49391
46837
44793
48292
47779
50349
63802
42826
47246
46245
49962
48582
46972
49606
43023
52723
50123
47050
51918
46543
44938
53762
48434
46964
47512
49536
54967
54556
54362
45452
43790
46633
53157
48630
49145
46459
51877
53890
47427
46614
47249
54610
53298
53117
49123
47067
53695
43313
49694
50400
48909
48778
49586
45217
45080
48508
48936
51016
54066
49088
47361
47572
57693
46312
62065
51347
49432
57569
54045
50153
45973
51553
51366
42688
51923
45941
48348
46861
49980
54894
53287
57586
47506
42675
54295
48364
53418
47459
55389
50908
47329
45853
43768
45575
47881
51920
50750
44913
50472
60592
52653
54109
45361
46473
53405
46133
45766
49975
44379
55702
59527
48953
51499
50570
46706
51301
47843
53229
43574
46865
45827
55360
50084
51093
55454
64814967
