72568
61439
65440
65220
67134
62720
67425
67455
69695
64874
67166
65759
64105
66415
67627
61070
66881
65790
56409
62925
69232
67933
60960
65486
61980
62969
62596
67090
61254
64548
63489
65122
63398
62106
62902
70744
64433
68734
66059
68057
61138
66261
64073
65971
59964
64417
66977
68094
63726
63203
56917
65131
68296
71722
65652
65897
70033
61313
67071
64101
63443
66820
71671
68111
62449
64492
62995
68700
60795
62709
71682
65921
67622
64986
64923
70054
69995
67469
63505
62913
67648
63732
63825
60288
73421
63045
67398
67318
60749
68660
68747
64534
61602
67433
61024
66172
68154
63312
63439
66172
70357
68130
65372
67795
71574
72145
68659
70151
63904
65978
65307
69523
62063
66776
61097
71043
66344
62627
69719
69260
61874
70444
63976
63607
67922
69543
63434
66194
62383
60435
66271
72176
71740
68293
62971
57709
65300
60458
64281
66761
68737
67312
68341
65602
67020
66835
61564
64063
69579
69583
58817
71191
64336
66782
65646
65701
69567
67494
63536
66700
66524
59731
65779
65426
65040
74781
67868
63851
61432
72555
66270
66396
58807
63667
70325
64962
64478
71249
65804
65865
56821
66215
69753
67100
62829
66724
59173
65751
60598
65431
69922
68085
65262
68375
65645
62995
70942
62492
69197
66250
68263
67144
72365
63488
64383
66769
69113
68820
62511
72780
63777
61104
55742
68120
65312
69580
64674
70693
69494
72313
57605
67308
63076
64255
67500
64496
58754
64087
66226
66741
71661
64107
62315
61543
63119
65014
66359
66553
69564
76420
71467
64283
64152
70977
63412
60930
62810
70552
63848
56191
68416
63437
66411
66841
55685
70748
67886
65427
65669
60361
67001
70137
60231
66926
64187
66179
67080
70777
71687
66248
64653
66978
71305
70982
63764
63603
66041
66878
61909
66390
70325
65193
60031
67826
67927
65608
60423
63397
64856
62403
61441
68903
63650
66797
67003
65426
60138
69465
65623
67329
59776
64745
65546
70081
62857
61292
59434
66791
65611
62450
63181
67081
62848
67276
67535
65497
62563
61518
69071
60795
67967
69257
65991
64807
63862
59958
71394
64480
68541
71392
67307
71900
63736
65946
68874
60457
62042
67221
63263
67624
61908
68942
63051
66607
66812
65127
69141
62826
65667
66315
65165
60518
66119
64421
59214
61839
64531
66490
69919
65553
81550
60222
71220
59444
60315
62241
67542
67536
69130
64961
63764
67161
59318
59944
71452
74114
59511
66275
61651
65751
63489
68859
63079
66721
64245
67488
64755
66272
63662
68403
63961
71084
67948
65532
61850
66327
69755
68696
65148
63666
64131
64390
64711
64333
67606
68644
63629
69217
65029
63546
62683
64768
70322
63786
58553
65745
71333
68521
68070
62985
69066
64348
64234
67020
62374
63647
67252
63078
64444
66179
68078
64098
64753
70280
64987
61291
61559
62620
62841
65637
63055
60310
64675
62829
66384
65065
63584
61059
70560
60825
59166
60611
71869
63074
67729
67234
66041
65326
60737
66847
66231
73899
64329
69707
61571
66855
64711
69963
63095
65145
67212
68745
65911
66528
65045
63803
59527
61599
70167
65717
68398
70436
67879
66009
65466
70002
68329
66883
74152
67582
61379
60045
64689
63869
67591
68273
66050
65245
66536
70247
62727
67313
62438
68251
61794
55334
60160
65765
63917
67500
68875
70087
61879
67988
62719
65970
67143
70424
68589
65832
66384
74193
66906
71156
62190
65596
64223
67299
65713
64669
67299
64888
63544
69114
69009
66978
66385
67045
58614
68014
64921
72937
64559
68572
63695
71674
65490
60732
66633
69993
66520
64996
62906
63947
65118
64661
72774
65651
65249
62487
65307
68012
67351
58561
62831
65330
65005
67038
70714
65208
63205
68740
64221
67431
66591
68461
66692
66559
62162
65449
64223
63511
64288
67566
57627
59897
63761
62521
64572
65897
63693
61274
72808
67685
65367
71065
67489
62420
68689
67018
66310
66023
66770
61762
64740
60479
67344
65419
66789
67764
65192
65677
73269
64303
66016
67964
69093
68648
69546
68070
71821
63711
67031
64514
65791
65477
65100
67731
65729
72663
62920
61729
61312
63026
60929
63929
69191
65359
65569
66059
62789
68284
69775
64107
63720
63629
69361
59649
70289
64511
67303
65715
70777
63486
61954
66191
66356
62206
65568
64366
64167
66509
63317
70710
63852
67644
69126
69094
64311
61491
66217
71890
70182
71221
64811
58185
65913
63736
69397
64646
68220
69301
69318
64815
60924
61920
64754
70536
56680
61718
66004
69599
69896
71003
71001
70844
59575
63789
62697
67842
68712
66271
66547
68171
69176
68858
65732
66631
62500
64020
67274
72767
62432
63333
66865
64696
67795
66848
68924
68946
71037
64310
65456
63917
71207
64515
67878
62776
69147
61907
62990
72290
65813
63938
70282
68312
65490
68268
63732
61810
66751
68108
74784
70698
66139
65772
59397
63326
64714
71029
62248
62565
67998
67532
67746
62525
65500
60834
65330
68146
64344
65297
64131
65704
71479
63768
67628
64136
62277
65054
71036
57489
69654
57859
69721
56481
60337
60502
68717
61893
68363
64274
66499
65661
69070
62786
69669
67644
66676
67713
64867
63533
60960
61703
72170
63601
70339
65722
62326
61759
62666
59433
63393
66808
63449
64604
67744
69757
64389
61876
72406
69862
59946
60085
64772
65883
61977
63094
64087
62872
66090
63059
64165
59847
61353
61663
68295
64086
64014
65202
65914
66997
66591
56441
70495
63103
69592
58248
67378
64381
59133
60566
70008
61473
62724
65134
69685
69205
67211
64225
69309
69806
71471
65931
58932
65275
69889
61956
66923
65280
66638
70891
66373
66969
64773
62412
64269
62499
70120
64233
67107
62066
72900
66529
70744
61413
64034
60739
68467
66588
71524
65043
64295
69846
66742
66733
68324
72020
62186
64917
65886
62013
65644
65425
66950
62059
66827
67567
64043
69231
67387
61202
69900
58853
71420
64469
66255
70178
59406
62846
63886
71707
69554
68413
61157
71820
69484
63643
69012
67060
68641
68018
65062
66171
57717
64122
65820
64498
66759
67461
63490
65847
64337
67656
65592
61400
68663
68979
64340
66593
65138
61369
64894
62058
67263
63377
64461
69326
72006
64169
65143
70116
71083
66343
66586
54139
61185
64456
68362
67558
61666
71113
65761
66211
68612
55683
64350
68449
69969
64152
68218
67947
68450
69377
66855
64480
67825
67847
71437
64421
62443
62306
68976
68192
60075
62467
63331
64370
69717
68850
66248
61012
63411
65281
57970
69287
64144
61336
68618
65057
58469
60591
70090
69733
71208
66243
66790
61567
63989
65116
65043
64753
64353
66088
62706
63387
68532
69887
66273
65317
72638
67157
73693
63025
60785
61827
73297
63066
72931
59469
62665
66575
66297
67483
65012
68488
66766
64871
69729
63412
64971
63188
62708
59523
65119
64936
64491
70083
70100
64361
62670
73438
63099
66921
68280
65463
61259
62120
62477
67435
65362
66310
66503
69072
71296
61511
64445
66218
60905
62624
73739
66477
63781
66980
69420
71081
63635
73432
69842
72417
62598
66063
71895
70771
63501
63924
63803
65271
61534
66005
57809
64457
71631
66859
68747
62527
65544
66203
59692
66883
64172
69212
62421
69088
67636
67717
66377
67756
68947
67003
59865
65914
68735
60871
65470
64602
64052
64956
66197
67910
61977
63530
63447
64742
62440
67349
73102
65260
70458
64380
63811
65761
67605
62625
67204
66406
70330
65504
66884
67297
61839
70384
75539
64521
69435
67284
65487
60859
63875
62335
69146
62738
61897
62335
68858
64139
65363
66261
65832
61606
63377
69683
62891
67426
72507
61525
70602
69321
66763
66317
70373
58315
73526
66052
70780
67272
62436
62744
62791
62484
70350
65470
60072
65183
69512
65187
59796
65141
67424
72136
58409
70741
65285
69364
63001
65105
64849
61993
66102
59450
64566
62691
65309
61655
67112
67143
63644
61150
67649
66728
64277
60922
72964
68552
66653
62695
63030
62833
67035
67049
68347
64710
66571
64090
62558
64051
65327
65370
62805
66251
60947
74631
71930
61887
71246
69651
63703
66192
71118
63890
65363
66441
67530
66991
64264
65026
64865
65939
63268
68929
64429
63665
67571
60370
66063
61107
66658
61487
65686
59893
70190
63315
67121
54713
68556
59883
64646
69075
65693
64607
60534
67332
67679
71137
62216
68834
63021
65133
64344
72181
69179
70578
64594
63174
67282
63800
66194
54351
62133
61096
66989
65663
72228
62482
60947
62975
64041
60775
69574
64494
65522
64226
67905
59099
60258
70256
64303
62336
66225
71349
68637
64045
63084
64199
64158
68148
54656
67561
65593
60820
63594
66103
63989
63314
63489
59616
65179
58727
63274
70768
67986
69269
64111
67210
66601
65742
64423
59569
68769
62471
68824
64976
74304
62542
66369
63511
69853
62259
64022
59623
71152
64070
65034
65709
66875
63939
61565
65049
60989
68333
64771
60575
64370
65537
68412
64965
70905
59859
68253
59044
60886
65928
66526
66982
70227
72383
61705
70399
66897
66586
61521
68455
63148
62620
64299
63393
64885
68475
65109
58060
61323
64028
68464
62740
60737
66963
70686
64076
63903
64688
69444
64609
62778
71416
66463
67168
69723
66135
60918
66399
66544
67897
63891
69673
62384
61390
62782
70268
67098
60612
58828
65552
64601
63645
67721
63838
66085
73231
65930
65329
65303
60309
65018
62077
63637
58268
65118
64674
68268
64524
65775
62970
71032
67339
64697
66757
75145
63995
67060
65685
66813
65544
66106
57724
62703
66457
68936
60623
65801
66322
71041
68557
69384
67946
69413
63009
62538
68163
66999
69706
64797
66664
67310
64043
59925
62520
69740
62827
60957
66341
66108
70944
65007
66607
64701
66818
62580
68759
64726
70912
70861
71934
65091
61406
64116
62501
68989
68031
56871
72400
57053
66728
61956
64526
71071
71195
67359
66535
69027
62400
65683
59196
58616
61355
63949
61829
62251
66154
70672
57904
65407
62507
68548
63502
68321
67283
68694
67108
62666
67533
67895
70802
64997
68490
66946
60899
66044
61872
64282
65506
67316
68656
67552
68573
67794
68165
63323
65351
63199
62146
66303
63991
62075
64908
67312
64644
65289
61977
62921
64555
65710
61109
63690
60421
63603
58628
66736
67588
65350
66849
64976
67124
67432
64092
75021
65802
63054
61499
62092
62319
66240
71396
61070
65706
67751
64071
67963
68291
72813
67012
70643
58839
69235
67602
57864
69424
61049
65922
61260
68329
66840
69507
73347
62516
65502
63293
68188
69937
68678
67436
65046
67810
63934
74813
66002
67255
67562
71475
67866
70299
70394
69231
73547
63081
66770
70571
68412
71358
61927
62839
74293
69003
68469
74266
64487
64454
65687
67410
66315
70300
67859
65744
61686
67052
73139
63108
67407
60477
64574
67983
68203
61480
69169
63567
62781
59216
66882
69168
66983
64691
67628
66039
66060
64000
73272
66425
65047
62394
62900
60896
62262
66244
69877
70511
63967
68675
67385
64917
66896
65602
67823
65584
63198
64231
64586
65999
65016
62926
61447
63752
66122
66553
64746
60547
69100
67922
73106
67692
69082
64335
69109
63873
67751
62228
69787
62731
65145
59331
68287
75774
70003
65457
64411
69568
64505
64654
64853
66852
64917
64139
65882
65462
62240
66596
63050
63607
62445
64206
64976
69330
67681
67746
60829
61600
64828
60359
64924
61483
69651
61684
63407
60367
70039
69252
65772
73702
61741
71771
61588
61664
68929
70560
64118
56341
66818
65538
65901
67171
69593
63119
63109
67203
65113
70048
65966
64337
59192
63342
62280
61157
58897
67666
60306
70303
60289
62288
62006
66567
65115
62412
63006
60238
60745
71850
63711
58900
62225
64579
68477
64705
70363
73369
67678
66187
68572
60539
66342
68508
65044
59379
72133
69510
67291
63792
68484
62370
66685
66800
56851
65599
63624
64694
64087
63574
62708
70491
64657
60922
62348
63093
64923
65496
61753
67858
61227
65493
64080
66672
68233
64616
70507
65106
72510
60403
67473
61999
64636
65776
70209
68023
60045
65751
66764
58012
69809
58809
72203
60557
67873
62393
71501
67885
65545
67064
63685
61777
65656
66043
66612
65894
65974
67476
68126
62746
63504
72099
66644
68322
71901
63230
63107
66762
64303
61136
61822
66994
67235
66302
70105
67400
67062
58942
69187
63476
59410
61659
69743
64999
68282
66894
66731
70541
66542
66320
62716
68227
59784
64617
68638
71559
66381
71144
66939
61537
64595
63072
68168
69205
64512
65638
62280
63886
72848
67152
67905
69795
61551
51737
67105
66205
73412
72292
66598
59250
61469
61077
64701
64459
66994
67210
67845
62185
68025
72049
64013
69500
65492
67178
65158
63425
68365
57571
61282
59842
70688
60541
66578
57586
72480
63900
61530
63712
70184
65742
69974
64792
66337
65689
67535
65999
70291
67421
67136
61635
66916
68433
66297
59953
57234
66677
65880
68060
59131
62295
71552
67432
65384
64794
60193
68462
62475
68872
64464
69397
68977
64199
68683
60800
63424
64664
69785
63058
62010
61971
66588
65717
64136
63799
68681
65930
62601
66957
67772
65556
64782
72487
73119
63567
69166
64182
59800
68921
63325
66449
61424
67128
65295
65887
65467
62661
68979
65878
71845
59362
66954
69210
66101
67512
64211
71568
66414
65825
66492
66472
58486
68346
65929
70897
76439
68264
69217
63397
68684
62728
69432
60677
63078
71551
62487
72675
63363
62511
70113
62051
64934
69175
70756
65053
71592
62333
71848
65930
67049
71018
65100
68472
71813
68125
58274
67592
68504
68157
72255
64615
67253
68222
64309
66506
70194
58752
72805
62416
69097
74107
65220
64192
67748
56640
59660
60204
55813
66471
69691
68040
69407
68837
65512
63711
65824
72180
65039
71278
62986
70380
66696
67740
62786
63131
62809
64888
63352
59796
67602
70327
63728
69802
69188
64159
64986
62324
73131
66215
72666
68851
64605
64455
70511
68286
67704
66620
64374
62990
67304
65249
72189
61671
63839
64340
65100
60669
66433
56693
67420
69603
66048
66226
69041
61685
67584
70942
68956
70715
72863
61516
70743
64147
63575
66926
62032
65010
69797
60463
66061
65013
67453
70658
65525
67507
60751
63373
66766
69646
67979
61028
59595
63533
62536
62303
66331
68323
67971
63822
63420
66445
64487
62364
64274
68480
66574
63915
64836
66949
68290
63784
66636
57163
66647
65169
65908
64790
70092
63287
66772
67367
71249
68746
69158
61510
68479
67702
71623
63276
64568
66280
64104
64216
64010
61453
67002
66347
65443
66101
71890
63800
63246
67496
68440
56424
67692
64639
65431
66237
68070
66293
65112
61952
63989
65418
62510
67904
62460
69089
64279
59612
63001
66252
69530
61860
63671
64780
67943
67300
66973
68642
64156
67103
67662
64177
59038
66944
64176
59744
65388
64259
63682
65787
62807
67951
64797
52948
61551
65511
61244
69140
68769
68167
62333
70467
66795
66432
68952
69677
68507
63008
63737
68141
62216
68636
62960
63262
63461
63147
69163
69931
71541
61493
67675
63597
64694
66583
60525
63365
59085
63934
64664
63328
70162
64135
65809
72658
72297
70755
66732
67864
60929
64835
64188
66539
61226
68424
64933
66108
67501
61595
63793
68897
67735
65449
65164
62959
72507
66479
66385
67442
62193
62083
63977
67940
63212
64623
70747
59364
60548
59509
71172
63077
61395
65959
66026
71844
66510
63131
59424
67281
63055
61715
64732
64143
61776
64560
62525
68565
62151
64150
67633
60337
67305
59863
68470
64746
68338
66013
72528
64930
63717
66904
66138
61719
68456
65552
62508
59766
68108
63969
70507
69599
64385
61422
66396
63850
62876
66120
63294
64731
67533
68250
60992
64527
62715
59544
63964
69375
66866
64188
63385
63749
64759
59745
63248
64433
60423
68285
67845
69183
68989
67429
70522
70297
67996
66624
68617
66921
62400
68477
62848
69921
64263
62932
70067
68149
64987
70748
63523
61679
62986
66561
69485
64468
64022
66771
64115
61255
70720
72177
60938
67775
65097
66432
63985
68508
69341
62898
70797
66294
65891
66121
64486
58663
65492
64954
66354
64146
70549
68551
63285
68396
67217
65548
72005
70987
65611
70931
60512
60646
66165
70185
65157
69102
70487
71697
67623
70400
68803
65931
63845
60684
72382
61749
68052
64762
68841
62536
66733
63734
68704
57405
69474
74752
66532
61761
65758
66155
71606
63278
64704
63533
70530
68251
67401
72850
67186
66383
62568
64980
70851
64248
62742
64200
67692
61216
64728
63790
64585
66583
64849
59672
68356
70357
63996
65551
62315
69162
70059
67300
66295
67590
59430
70481
62972
68894
64620
72101
65312
72358
64305
57422
63186
65935
67685
70728
63600
67375
66261
71158
67857
64672
68927
66059
66689
67144
68845
73806
63637
61187
66698
68454
61217
65371
64843
59559
65181
65991
54580
62533
60849
71917
63212
67072
68616
68515
63429
65658
67934
58577
65526
63027
65925
62506
65605
64076
66599
59194
68616
62149
66639
64232
65789
62716
63689
64291
64942
57540
67506
66971
63559
55103
65464
64334
67242
58935
60302
59570
58458
60806
61724
66932
64977
69107
62754
55214
62025
66184
71495
65853
68045
64088
67718
68511
69542
69948
70386
64501
62163
63699
66544
72107
61908
69408
68826
64968
69297
65870
59711
68085
57790
66095
64654
63778
67129
63472
68498
68575
67109
62819
65389
71384
72138
63171
66276
67283
68348
66189
62218
65574
69657
71063
65816
67163
65791
60905
64049
65683
67495
67225
62752
67163
70828
60234
68496
66381
68112
63232
67202
68429
71312
64393
70018
68962
65744
66302
65950
64572
64692
63703
63990
66578
61987
60399
63614
65157
61662
67713
62389
67726
65057
66445
63161
69286
64249
64498
61947
60462
69773
69192
68551
68221
65047
71487
70816
69049
63614
66728
62064
63844
66087
60636
70423
65423
63219
67936
67338
66806
63150
66544
66880
64576
66851
63788
67781
64494
62344
61749
62650
67696
61713
68155
60257
63286
62764
67111
63263
68171
66793
69968
61733
64246
63177
66166
70349
60989
72758
69410
66747
66653
64864
66817
67083
64505
73890
69676
67243
67474
57777
74012
69436
64848
61931
64564
64994
61421
70463
67925
65492
64368
66211
69734
65769
66599
64646
65154
68161
64406
56209
67791
67469
71347
68044
71341
56829
63866
60601
66674
70850
61091
65842
66336
66386
67798
64515
67590
63058
67312
66006
66108
62830
65812
62027
67270
65858
64277
63676
68357
68704
67222
58970
64381
60410
66786
58624
72291
70279
65191
64354
68549
62745
63409
64831
65199
59680
62105
68827
63172
65717
65971
67375
67354
69052
68493
62968
64637
70072
65079
62189
63043
63175
66219
66296
66413
67624
66017
60272
68353
62455
66447
63406
67726
65687
68657
55920
68012
67028
63140
71225
62634
66792
66328
66925
65507
63145
63924
62822
64597
67622
68542
58512
62212
65017
58501
61088
58389
66446
61392
64494
65544
57947
64179
67341
61135
64735
69112
70588
65242
66805
64181
70679
66120
63454
63539
64574
65624
67385
70913
58983
69519
64019
64297
64690
66466
68308
67604
61537
65659
68008
70834
64773
61396
64264
67545
65447
66080
64488
70625
59606
70126
72114
69093
66054
67764
65068
64726
64836
70115
65210
64417
61933
66002
62897
66456
67041
70888
65916
72976
67187
66994
65955
69934
63840
65568
64292
62175
69929
63301
64718
62315
66270
66775
65368
66244
65926
66545
64486
71445
65376
62482
68343
66983
62878
65790
61153
59062
64934
61456
69968
66907
61183
66328
66662
69493
66966
69121
59772
61615
72476
65520
70293
60343
59685
73857
65752
67597
69947
66573
61254
65544
65086
59903
63026
62736
65199
64099
59257
63443
68318
65540
64467
69472
67396
73075
68869
63482
68099
66672
59058
66647
64967
72528
66142
66051
62262
66490
67812
61407
66267
65271
68526
63244
59746
69086
66778
68080
68423
67771
66321
71928
70843
63097
66684
63433
62557
68471
63320
60830
65356
69083
59517
61413
64896
67280
67126
67904
64659
66683
67040
64543
64361
66412
59522
64914
70349
60108
69762
61261
62875
65004
69932
63968
65548
65242
68939
62720
71464
58596
64268
65724
68084
70212
64849
61727
69669
60609
62036
63319
68192
60315
63500
61771
62500
75945
65184
62934
70984
61510
65295
72673
64457
66453
64793
67019
69495
62116
60342
63723
64674
63286
64896
73205
67870
61105
72363
64452
63909
62838
60139
64179
68673
69353
60060
66553
64999
64589
62528
66351
65797
71349
69711
63028
66166
67957
65006
70043
66792
67832
60224
59671
60624
68659
67691
69447
58009
74292
70798
67487
56200
68267
59539
70695
62819
66352
65376
62456
59610
64245
72041
63592
68563
59408
74130
63876
70612
64558
66271
65992
63004
64787
62873
65232
67266
65526
67882
66644
54988
69041
60148
68373
63244
65464
68010
68025
63486
71399
69229
61811
59424
61828
66903
67596
68481
66875
70262
65698
63271
68605
65211
71633
62267
65276
62550
61349
69726
60822
67814
68426
70898
61957
65524
63330
69240
74340
66161
66132
65472
72622
61798
68308
69702
62084
64584
70500
68539
70026
64595
65008
59118
65923
59165
67781
65317
59764
61693
71271
64969
70905
62789
62097
66015
61210
69440
66465
69534
64604
70307
62888
63133
63570
67857
72053
65330
64499
62458
61085
66120
65237
59431
60946
65778
68597
63274
69600
66269
67362
65490
68416
61571
63463
57774
63446
63258
61519
70648
65450
64851
65064
71017
64158
64796
65066
69236
54784
69151
63921
70273
69677
69963
66888
65381
59288
64143
70413
71631
67453
65368
64638
63066
58819
63832
65746
62993
66347
63354
61648
68157
66920
67579
68201
62003
68686
75818
69128
73648
64942
70015
59322
66523
59525
67782
65345
70829
64979
66324
66211
64403
69688
70625
72379
65362
66855
63571
73275
64478
68893
63289
71708
66062
61585
67020
69513
62842
61901
71192
64476
66781
67627
71471
62637
66980
65854
65896
67255
64865
64209
67883
60365
66105
62482
68053
61367
72341
69895
68101
63742
62224
70665
61978
63701
59683
70246
71025
65230
68489
69705
66330
63880
66648
60195
64265
61212
63161
69669
70553
66995
58247
64925
63740
67241
60986
62672
59373
68053
67052
67000
63011
63087
70094
63156
59504
66012
61304
62743
66180
64196
73040
66998
63331
64477
66546
61079
63613
67497
59589
71978
65968
69725
69235
61563
67383
66880
67591
65292
60362
67320
59530
61862
60500
63338
57157
63702
62421
63849
62261
63618
66567
63126
63775
69622
64547
65151
67746
63151
62877
61522
72033
61547
62585
68286
60427
63877
62652
59287
68492
68544
66270
70657
65798
64973
64975
67307
69799
67044
62510
68636
63873
65381
73226
66815
64280
66728
63179
64687
66727
67419
65094
63672
70793
66972
66811
63287
68239
64030
71199
66663
68095
63982
64988
68017
68922
65489
61265
66167
60041
60211
56429
68450
66943
70845
62051
68520
70985
70463
64753
71040
67877
64940
67046
61370
62837
61296
65227
62665
68758
64698
68232
63912
63721
63718
64893
64862
66172
64634
73494
62677
65018
63752
68739
62909
66213
67115
62421
69107
64185
66129
59216
56632
61138
64207
69529
71612
67181
65912
67370
65144
64400
67384
64522
72456
70004
71171
66569
66818
60173
65529
56237
68146
64087
65683
63927
66745
61201
68697
67843
65062
65325
66771
69820
63248
69277
67356
74912
61480
64727
68294
70931
64719
63993
63976
63848
68245
64181
66379
64331
63701
73950
61968
67355
71158
62710
72722
64348
66510
67141
69352
71881
67121
58474
66684
67376
61291
73239
65648
64880
70357
64203
64186
63007
66591
63089
56080
66794
57833
66976
68456
63263
65817
66232
64637
62228
66042
66946
63002
63234
65554
61502
63289
59964
63831
64596
71315
63698
72310
63237
65764
66994
63763
67172
66807
70615
59119
61282
66374
62724
69331
66551
65279
71030
58890
63338
65224
66295
64944
65851
70755
66235
66901
64517
71453
68389
70044
66008
64628
63989
64426
67364
72874
67886
68416
63080
64888
72459
63039
65447
66176
68494
65938
69016
67978
60690
61595
63406
71074
61094
65204
61491
61394
65995
60257
65642
66922
65340
64185
67623
62480
66176
64277
66883
70282
67275
63036
62657
67358
64569
66790
58717
66103
60349
58994
63759
64643
66315
63725
62902
63174
62519
67823
70861
66388
63544
69348
68756
68456
66572
61082
59348
58973
60640
60715
64511
61806
68166
69595
63512
65127
67129
65227
65451
56111
64555
65023
70529
68762
62808
58890
62890
61810
61094
61619
65231
66162
65101
64572
63067
70350
68111
70726
66195
67358
67825
63715
64243
70094
65474
70656
63986
62949
65869
61491
60773
68887
65716
64117
67148
59952
65007
60418
61366
66493
70458
62959
65690
58649
74404
62533
61739
69407
64084
66125
64963
58505
69881
64513
66251
66548
63347
67969
62887
65952
65750
62201
68059
66510
65399
66415
67475
70598
66447
64270
64940
64351
66369
69619
69781
65347
67741
64712
66391
63866
68699
68738
65702
66766
71959
59953
64266
66665
61178
66219
67687
65679
61302
66126
62428
67092
67163
66532
61174
68950
62501
68870
62425
66005
59285
67952
67728
68647
67437
69043
69197
68259
67396
63153
68629
59645
59601
67539
69428
66390
52074
71112
68256
64149
60863
65012
62600
65113
72055
57846
66260
69747
55176
64648
66923
65329
60898
58822
69319
69126
66886
63249
64951
73394
60818
65373
66336
64768
66025
67185
65802
64074
70188
71766
64276
65559
65368
58351
59945
64311
65503
63356
64689
60144
69384
61591
58972
62406
68994
62310
64947
65048
68240
67333
66143
61369
71481
63229
63048
56834
66981
73379
64575
59020
66851
69803
66256
73493
65734
61159
66539
67280
69855
72136
65853
65795
68236
63360
63323
64061
64112
67275
63040
68936
71183
63363
71818
60227
67972
65007
62587
72223
63411
68555
62921
68105
67564
67832
70410
59373
69053
66791
63589
60925
65043
63627
63462
68946
58837
67533
70413
65976
60453
62587
71910
67580
63407
74288
60448
70000
65024
63595
68511
64273
71926
71253
62281
64145
64698
69739
75111
67261
69262
70352
69615
68717
64384
70617
69356
67454
64178
64799
71387
65721
66190
79655
64405
68229
63457
59961
60539
63861
70948
65036
60044
65446
62402
66245
69388
70949
65056
69329
72195
68200
61537
60812
61398
63095
61722
63972
64074
70050
67435
65390
63072
68907
63652
68367
65819
67255
72697
65313
64952
66600
73188
69791
65100
64278
66490
64902
68639
71183
64528
66735
64493
69377
59034
68154
64339
70134
66559
71001
64709
71541
69568
67370
62205
66221
71967
60274
71067
65338
70874
70882
70168
66028
67697
66296
67616
68397
64204
62119
64134
63545
63232
71131
64986
67619
63061
66617
66948
66266
66557
62556
60521
68761
68848
61931
63647
61886
62145
65146
70234
66476
67584
60188
65288
67398
71045
61982
63677
66635
66032
66994
66962
61263
65346
61258
70532
65648
63503
67416
67482
66369
60212
67770
66032
65601
64483
68711
67385
59383
63696
65234
65217
68302
61170
64259
61944
66961
66313
65587
67927
64741
62363
67927
61621
72680
67279
69089
67954
67856
66479
62790
63484
69508
65963
67869
58728
64109
63740
59649
64809
63962
73626
63413
66392
61532
66867
69002
65512
67600
58673
73674
66980
66527
71864
69256
65018
63174
65477
63175
65875
62806
67324
70255
64221
61013
68032
64247
60201
62197
68265
61940
67668
67680
69420
64375
68765
68448
64829
67791
64681
62784
61776
63008
66003
64677
69915
61191
69620
68968
65927
64479
65961
64123
70826
66715
66727
66939
60599
58704
63123
65423
62374
68445
67437
71234
69135
68966
64707
65643
63349
64549
67070
68364
65920
65258
72425
68716
63902
66414
72789
71182
60906
70844
63948
63902
60562
65181
67959
67767
64272
68707
63240
62711
64328
63623
68817
61708
65413
62104
67719
65610
66605
65852
70514
62814
61445
63371
67609
67092
62370
64924
67217
68200
65262
63583
64722
59973
61844
62939
65753
69152
66459
63795
64204
62565
66108
67314
59574
67546
72818
60918
64114
66199
64820
68084
63703
67910
70423
67526
61861
65429
67455
63619
68755
69475
63128
65711
68630
63013
65030
71710
68145
64649
63946
66468
64645
65896
62680
63877
68926
71830
66318
67741
62133
61944
67386
63482
70599
71234
63321
67069
70167
64952
64770
61447
66152
67955
70517
64783
68854
65765
62366
58671
65094
67813
62116
70115
67202
65635
67285
66859
70271
65546
67916
66231
65051
68503
62473
66411
70944
67833
69745
66012
70060
61148
69277
73255
63749
64546
61907
65092
62985
63703
65631
62412
63581
63601
68324
56354
65199
60574
67015
64122
68349
62946
65514
61012
66941
71816
62116
66676
68792
66832
67236
65444
67693
61858
65062
61004
67225
69327
64862
61468
62230
68059
70158
65072
68074
60222
66302
69274
66454
67374
72123
64650
70783
62422
63366
71617
67649
67936
65031
63370
65482
69648
65947
70806
63951
69338
70074
66382
59476
68049
63033
71031
60859
73170
68929
65940
64308
64098
69212
66018
59544
68607
67126
60285
73562
63543
73158
64684
65268
67076
65409
64679
65303
68592
56835
64393
63656
72480
66291
67928
66383
66179
63730
69200
66547
69448
67335
60234
63980
63871
66382
63469
72899
65505
64607
60212
68980
62745
65915
71963
75340
74501
55048
64372
67854
66454
60641
69696
64804
58559
66473
63335
70095
68837
61700
67209
68705
63316
65495
60326
64128
64831
64959
66815
70006
65039
65067
61973
61907
64422
63333
67340
65774
69017
64262
68222
66947
71692
60915
65852
69279
70919
64288
69328
71015
67623
67495
70906
64391
72557
69063
66045
66136
72584
62394
60514
66674
60027
62939
61878
67393
63114
69124
67844
70391
63677
66644
64890
65645
67366
71954
66285
65723
65658
67783
63698
65005
66572
60746
66877
64701
65866
60383
68215
60849
70560
62321
64521
62465
65843
58608
61435
69793
71266
72103
67911
64301
60312
68992
73235
61679
69849
65238
62305
66282
69006
67846
60788
65543
64830
65854
68783
64341
69071
63415
62851
71286
75966
68518
60470
67855
67175
64814
69512
62429
67455
71473
68526
65769
63956
69207
64791
63997
64305
68654
61864
64059
62102
69986
63962
72044
65135
65129
69705
65646
67623
63821
70406
70678
61681
65882
70650
61848
60571
68525
74126
65663
66903
70640
70939
70197
60301
65717
66154
74206
61767
59600
69488
60740
69835
68335
62894
68654
66687
64900
64186
63387
66345
59732
68406
65902
68388
60873
63274
62915
63982
63655
69123
62678
69262
70847
67199
68436
63544
61690
63207
67921
67920
60571
68736
65097
63546
66009
60535
64450
59436
66594
68028
65284
62894
65463
64206
68139
63233
64421
59829
65365
68984
62102
67994
65351
63146
63637
68968
64831
66532
69982
62023
64580
66383
63047
60922
63790
67813
65956
65880
69249
67469
57209
70466
68118
68940
70298
63406
64186
63368
64258
64075
72295
65891
61433
60261
61427
67039
65100
66120
73886
66256
69470
65868
64099
64831
61039
63630
69964
64722
64507
69977
64033
72221
70214
69416
64151
64747
64111
67165
62405
72283
65430
69327
65220
65469
65403
66991
68633
63584
72955
69132
67158
62416
69704
67007
62335
67641
63114
63502
62645
62225
66711
63003
65094
70454
64148
61477
69835
67467
64831
62044
67376
60195
62402
65924
63148
66861
63646
72592
66816
61240
69378
66226
65724
65726
65950
65065
71778
61351
70761
64537
66693
66200
68027
66818
64203
66295
66993
64505
64797
70826
58690
63913
60238
61115
65395
64584
67379
66404
71570
69137
66521
69597
65761
64877
60644
65910
62920
70070
61700
64315
63422
65414
70059
63441
69053
65067
68143
66346
64084
65591
61282
63498
66646
63618
69510
66329
58194
68165
64724
62848
65083
68062
64089
71672
72159
62541
64430
74257
65908
65429
64666
63672
58994
65161
65873
67602
62076
63460
68051
67370
62327
69151
67737
64841
66097
63385
66896
64641
60254
65279
65353
63300
71572
63836
68808
64697
69633
65005
65949
65715
69657
66148
70591
72467
68124
71783
72172
65993
68382
65972
64783
67386
70016
68523
69606
66088
66622
66754
64463
67131
62962
68466
59680
67328
66402
71310
58994
65783
66015
66594
69651
60660
68861
66243
66233
67843
65526
66611
65296
71104
71527
65204
61986
67525
64037
73400
65976
63993
60461
65283
63736
64841
70828
66851
59354
66221
65778
65242
64553
69621
65556
59405
61184
67287
70036
62709
65257
61319
61968
61848
63881
65097
69180
69160
67286
67166
62741
68859
60186
67559
67346
63193
65002
64340
68155
63566
68685
61845
64960
66485
70036
66346
67892
64510
65263
64145
62791
70002
63550
59977
65672
65243
71028
69064
65598
58978
70836
73182
62331
68739
66198
70755
61192
65774
63083
69643
71759
63670
59437
64802
57821
71877
65572
60623
61775
70335
59545
68874
60263
69624
65651
69993
66491
70436
71705
66004
68108
68652
70258
68475
68039
64515
63911
67196
65597
68086
68931
66061
68171
66814
68548
64968
71084
64203
64549
65848
69071
65782
62655
64868
67241
59171
65051
69903
65384
67261
69607
72561
68984
66148
67020
68253
65657
63141
63998
62977
65740
65469
65200
65936
65688
65811
66738
61760
69968
66501
61236
68467
66949
64975
69288
68186
61531
65223
68420
63907
64909
66882
66613
66761
63063
66614
64809
65534
69715
71657
72649
71623
69721
68150
65237
66277
69647
59634
65392
62693
65063
65265
65969
62708
67665
73243
65313
67996
58623
64235
68416
66095
67938
61753
66364
64706
65211
65586
68939
63794
61626
71325
61439
68424
63703
65986
71517
64315
63467
65303
59530
64811
61445
69159
57274
62930
67425
68347
62794
61515
63313
62630
67467
65322
68756
67482
69698
67247
67098
62817
68512
65288
67473
66310
65955
65901
65091
69161
63285
66416
67885
63868
71025
69907
59731
64738
67070
67996
64621
68436
67447
61625
66613
68318
68144
67241
61472
62925
63203
64108
65952
65363
67481
63504
69201
62868
70462
68931
62687
70300
65352
64498
61697
64060
67154
61962
66734
70529
63412
72461
63925
63382
57417
66821
65617
59668
70251
64032
67101
60953
64434
67113
63484
67777
67979
65475
69830
65472
65105
67732
63705
70594
63287
64900
72583
63309
63773
65922
67704
66909
62024
60842
66945
62255
62387
62299
66420
63342
63416
64856
64489
70524
66267
69345
72193
68674
60644
69014
61419
60579
63504
69261
75018
69133
68584
74186
65667
69398
68226
63104
72642
62461
64783
69037
67600
72625
65085
68814
65455
65829
62266
68266
67947
71594
62585
72878
60870
65252
72753
68185
72255
60148
71914
67590
59952
64717
64031
63832
60863
60131
68020
68420
65086
65886
64734
64676
58652
63230
66588
62476
60028
63988
64580
61422
64934
74805
70773
66152
66445
59617
67340
66951
66343
66090
65155
64401
67045
64288
67209
70548
66549
64267
59581
70976
68494
63938
64693
66765
68969
66116
64800
65556
64632
67047
65282
66610
59063
68381
66483
69166
63038
73871
62308
71336
62424
67214
69157
65088
68951
63598
69525
67872
68026
61238
62872
64483
65038
65462
66085
71807
66500
69000
67623
62850
70338
58702
64932
61762
66594
64833
65868
62271
73644
62373
61809
65322
65009
65596
65427
62500
68794
66111
66225
68970
61889
64868
64524
67339
65889
70213
60955
60551
57661
65450
64491
63161
69448
70200
67648
70650
67616
64695
66546
64964
66827
62676
68009
63320
70120
69681
68768
64586
64387
70700
65478
67220
60121
63352
71325
67201
61865
60582
69517
64783
62316
68073
61983
63962
58465
62898
68583
65677
58565
68217
72583
65690
68703
68943
65672
71704
67211
73403
67290
68648
72477
65670
61453
71307
58041
67453
59826
64785
67170
67536
67293
66274
68542
66126
65429
62571
64922
65545
64481
66731
56950
64752
62994
68041
72541
64615
66134
65878
61681
62170
65478
65213
69403
62595
63325
64469
69305
58717
56786
67771
65275
70006
67320
59754
67809
68660
64868
68623
63035
62393
61647
67588
60653
62150
65863
68603
66147
70900
64311
62120
66443
61034
65750
68810
63508
67707
61837
70138
64008
63443
61839
63708
64177
66415
61082
63033
59466
67577
69538
61809
69131
64009
68980
67122
66133
67993
68936
68144
64203
58720
63249
74265
64479
64930
64202
69522
67005
66597
63540
66641
65621
68368
68039
66296
61937
67569
66857
68535
61208
70096
67451
62962
65642
68402
68509
64538
67194
59101
72634
69157
71065
60534
73268
66272
66725
69136
64988
70029
67584
65985
65488
65756
63340
66518
58625
67881
59841
66331
65814
64509
71318
61486
71576
57693
66994
63068
65120
64892
69759
65307
70995
60654
66372
62054
66400
71078
73540
62666
66575
63408
62547
70519
68890
69332
60691
62482
64027
63214
68521
64935
69116
65354
59468
69322
60038
64548
62681
66844
64164
68590
65963
66932
68794
63431
72148
67659
63852
67651
62085
65588
65211
69410
68239
72011
67101
73854
63104
65780
61220
64385
65037
72035
69546
57656
64463
67887
64371
65419
69887
73792
63132
67720
66323
64716
68356
66225
67759
66640
65710
64163
69254
67777
65762
61926
66356
63507
64730
64986
64164
63376
64772
72871
65437
63808
66377
63158
71802
64114
64363
62780
64415
67579
61718
67318
72160
67173
70754
72900
64781
67705
70321
61412
62200
69656
63918
68225
72955
67342
71054
63655
68720
68175
60098
63960
68340
68280
63657
61586
70565
64878
66190
70634
64563
60316
73885
61348
66805
58937
63580
65961
62130
66076
61466
57774
66076
61045
65512
66055
67387
59180
57367
66986
63331
65596
63701
67620
68999
64830
64447
64886
67726
66841
67942
62880
62124
70585
74342
65290
66380
61528
65393
64498
69569
67593
64254
64835
64686
65751
65097
68585
60592
67141
70225
68505
59777
72248
69180
67726
64313
67161
61802
65827
63661
65975
70450
66463
67962
65240
63448
68250
62640
67187
63637
68791
68193
65655
73327
72068
63900
64964
65847
64076
65030
67868
66011
59946
69069
73196
63494
70889
69585
64671
63302
64527
68483
59439
65273
68902
67028
65896
85101
59676
58359
60304
63492
68717
68495
68261
66388
68485
63895
62230
66492
60355
65737
60006
70912
76061
63272
58116
70178
60130
64927
71088
66020
58564
62831
71966
68105
71806
71297
65816
62753
62999
67893
65277
67009
70155
68297
66678
64839
67830
67947
66949
68399
65053
64109
62520
71047
70256
62280
67259
65093
67933
62695
58845
63869
65431
66587
64397
69736
68207
64699
59504
59784
60201
66447
59587
66525
63695
71061
64929
73177
59817
70713
61149
63428
69922
69653
63105
63508
67422
71219
68995
65968
61871
66299
68662
64953
65067
70144
63745
68807
66696
56180
56618
63003
68234
61977
57774
65763
66952
69243
65466
63822
64553
63663
67944
64436
59502
63964
59472
65747
62685
65583
71238
66450
65404
67378
64227
67113
66128
68610
57787
72434
71913
70161
67450
63171
67470
67503
68157
69117
64226
63735
63179
66697
61285
70848
68029
65151
71667
65017
57615
62957
65484
64249
65985
73999
59665
66986
63237
60628
66853
69038
62360
69434
68205
69875
66497
62828
70099
69552
62302
61452
68920
60470
66590
66727
73649
56692
67548
68195
66199
68103
67717
62560
69899
65568
67657
60996
62497
65791
62701
63896
66713
63606
66233
73757
73831
66049
67949
62146
71061
70584
66326
59123
64823
61809
70435
68383
63756
61213
65485
64173
68186
65193
67657
62796
64237
68987
69763
58980
57922
66292
65976
59232
65180
64967
69315
66152
63350
59793
63394
70444
65056
65173
67743
67061
66408
64611
61574
69799
67252
58847
64718
61126
63432
64231
65445
69877
63586
59758
63554
70687
65637
64432
66657
69187
67693
63404
66062
67273
60344
69593
68314
64514
67694
62380
69191
72036
71558
56632
64072
63283
70164
65506
64482
60404
63559
69556
65011
63056
66675
62924
60401
69533
61430
66341
68107
70376
68349
64538
64983
65334
67574
65254
61194
62145
63422
67441
68235
60872
70613
60644
66457
64122
70861
62018
68816
62311
66418
61098
64119
66871
65910
69246
62299
62173
66353
62802
63896
59083
67946
63841
67124
66108
64275
69337
67860
68564
69719
65367
68801
64240
66369
63973
72205
65544
59026
63663
65831
69522
69442
60970
70517
64027
63848
65772
71351
66298
61323
64064
68199
68771
70621
68178
64352
73647
65571
66862
64798
62819
63736
63618
63586
67643
69094
70415
66989
66825
67116
67734
69137
66248
67206
65834
65535
63796
71288
66283
68202
69455
62507
68271
63218
67680
71403
65497
62449
67782
66544
71728
64318
70722
66955
63682
66024
64552
66663
65053
72558
57292
65685
64961
64356
69397
58806
64717
66563
63971
66564
65386
72453
68737
70792
62131
63157
68820
66093
64825
56983
67796
61732
69733
61387
68216
66588
63899
67419
67209
65728
63970
60605
62310
67103
62551
65676
63191
63506
68774
63073
70356
66156
63512
66128
66864
63021
62417
65733
70214
64902
66549
57296
70707
64314
67356
63162
64780
62397
64405
67216
69841
65649
62600
64047
65851
64172
63743
57320
65016
70189
63086
66268
63395
64575
64502
64819
63690
67732
64970
67590
68065
66412
64654
57730
67835
71604
58341
64856
69223
67564
66502
64681
58978
66876
66179
65855
60885
67484
63874
65462
59812
68261
61636
67995
63199
68191
68230
63027
67434
66751
63120
65510
62494
71997
71222
54887
70086
62362
64212
65040
72873
68190
62846
66471
63556
66126
63579
62907
60095
60475
66811
65664
65961
69513
60327
64317
59104
60222
65893
69226
67977
71416
63925
64872
61600
73458
67740
73343
64248
64610
69381
71668
71649
65733
61977
64371
59890
65529
56628
63203
68118
68844
66871
64348
63223
59827
60697
65180
69744
56968
62694
67246
68500
67717
66273
65041
63398
66406
66720
66686
69107
59329
69335
65475
63121
68761
59673
68975
60147
60151
63236
70367
62936
69613
60459
63388
63442
70764
62467
70930
62369
66479
62206
68789
64319
62815
63196
65875
66244
58566
64080
64134
64379
63260
64241
66289
68823
68720
63251
67290
64687
66544
66210
67852
61298
66015
61461
68501
66555
63486
65719
66260
71822
67813
65072
63217
64636
69464
64343
59454
64615
65643
70226
61478
68049
67252
67457
66647
66686
68599
68257
70822
66830
69764
65173
62471
66900
62126
62827
67668
63455
70830
64344
66630
70196
66630
62716
66342
66913
65583
62517
69017
71813
60721
68484
61121
67851
62579
66196
65989
67058
67386
61906
67546
63237
66769
58582
60962
71196
67491
62593
66712
67508
63509
61399
59572
66313
67490
70672
66180
68341
64729
64248
71939
67319
66500
65523
65328
67272
65087
67857
66892
62495
64922
67175
67502
72893
62100
64112
67907
66228
66273
69852
64631
62957
68356
65286
69766
64106
64210
67886
69064
62390
65176
65679
62862
66079
67200
66784
63725
63580
67753
57096
63914
70010
64271
68895
67439
58429
61668
59806
66650
59437
62033
63587
67173
65675
66910
62533
67964
70656
60140
65782
65401
66758
68070
65135
66370
62454
62782
61653
59883
69938
62142
69080
61627
67741
68021
70068
69462
61899
62954
61863
57678
62086
68278
65831
65615
59334
59299
63555
67145
65774
72104
60256
61417
68396
66763
65746
62643
63470
64602
68271
66352
68209
66835
68978
66814
64760
63884
68249
65242
63250
65940
64514
70547
61374
70367
67189
70042
58665
64626
65113
62456
68099
64695
64490
66224
64548
69504
60966
68660
62807
59511
67701
61513
70305
71793
69774
66671
59493
71954
65814
68159
63629
65563
66816
71424
64338
63565
72304
71550
65032
68139
65023
68723
63102
65418
60730
61977
72635
67279
66155
63287
67439
65360
68467
66490
64558
72691
62153
61679
67041
67759
61822
61047
62474
68798
67205
69025
57805
64832
59353
68435
60969
67700
61404
61696
62743
64118
71178
62509
63643
62110
68240
62353
62787
60609
68717
62660
69756
68264
64455
60027
69175
70351
66948
70701
65279
69193
62687
69422
64978
62952
71111
66937
60306
69321
61416
64481
67676
63687
67994
64994
67709
63178
61371
62607
61895
71254
63691
67582
62214
60298
65235
63819
66007
67119
66655
65483
65207
66028
65869
59634
62742
69156
57052
66190
59591
60054
72011
67126
65739
64327
67768
67904
65538
62723
65939
61736
70010
68345
67933
60494
68337
62379
55557
60658
69758
67371
67436
61314
65965
65423
67155
70572
66699
69841
75882
60656
65750
70659
64712
70499
60794
65725
68751
69418
65353
69126
67344
64884
63558
63264
67573
59937
65170
66900
67744
63978
65430
63610
68877
67599
64685
72951
63989
62613
65412
65256
67161
66174
63243
66774
65361
66724
62723
67105
63446
66171
59909
62821
70568
67966
63917
60899
61243
65588
64756
66602
68031
69756
61934
71073
62602
66212
69411
63305
64776
68264
66810
66713
64918
64876
58585
59101
61916
56466
67880
66161
65959
70542
68191
67215
65013
61961
67155
65352
69917
68933
67758
60819
65636
65818
66169
63953
69301
66531
63370
64237
63023
69212
66942
68471
57087
73380
67883
68113
59905
64424
64537
69995
65899
63790
71887
63745
62205
65846
64057
61887
65899
66578
69245
64731
68243
65277
68534
59806
65203
66208
68482
69253
63733
63377
73503
69576
62775
67450
67349
65770
74513
59333
67302
67726
65680
69003
63731
64203
63774
63592
60043
62320
65866
71009
63106
60150
68539
64380
64455
57997
63883
69473
67601
61820
64566
61619
61896
69113
66530
65598
58857
64669
67302
69653
66126
64728
66224
64538
62229
62056
63725
54578
65743
69862
65362
60992
62424
64628
63035
60087
72710
71385
68664
63454
65008
65273
72623
65491
65056
72072
65518
65171
62000
61635
65185
63058
65841
70547
63895
68414
63662
64593
64235
62047
66018
69388
71244
56859
66296
62289
72193
70679
57278
65562
62560
62771
67995
66759
65590
68576
68856
67955
65856
66296
63670
68009
64031
61726
57346
65402
68171
62991
68522
71019
62522
66018
65994
61987
67441
65398
60226
62995
67216
65473
67141
62699
64428
64238
67839
65210
64568
67379
69245
65891
61376
62310
63727
69469
65863
64352
69711
67499
69513
70549
63912
64990
62933
72258
64120
65148
60762
55852
70514
71902
67733
62417
65194
66448
65821
61718
63586
66317
66425
69083
64770
72491
73503
70416
63535
62507
73794
63824
63566
71922
69205
65447
66011
66998
72584
63377
60818
66536
71715
67697
67195
68076
58723
59470
65732
63693
68134
68654
70597
63462
65168
60982
65058
60506
65293
63726
72145
62659
68627
73291
63480
62935
68470
64220
64968
65827
65514
62449
61775
66724
58339
69545
62480
69889
65008
71376
65992
62671
69270
70222
58528
67308
62190
68693
69491
69597
59282
68988
66435
64525
72783
65523
62421
63004
66869
60384
65896
67808
65072
64564
66004
70114
64255
61893
68398
64158
64709
63552
68637
64094
60241
65274
68391
66242
73400
66663
65257
63371
70440
63313
61689
65900
67942
66821
74311
63652
68047
64460
72544
63475
67572
62501
61908
71249
72402
65211
58363
65631
68826
63920
67388
66690
64623
62286
63314
65583
65090
72503
63963
67591
64694
71979
72811
65482
69586
65249
66289
60857
66063
65799
66342
65652
66345
71304
62473
60257
60986
63257
61720
71261
60479
66788
69136
67222
67431
65434
62896
59725
64683
67245
62871
61121
66571
62156
69360
67322
68147
57117
67186
65041
67585
63406
70701
59935
63894
63485
65755
64410
70171
65127
65976
65357
67760
68738
64257
58572
66787
63164
62831
64421
68182
70770
58822
69970
61961
69736
63882
60797
74699
61246
57415
63249
65660
74645
67590
62116
66972
61681
65875
61888
63040
64388
70919
65722
60179
62384
70252
71477
65635
59481
69473
69801
60241
67670
71931
65883
66000
70801
63947
65603
66977
60103
64615
67741
71527
64360
71103
69044
72194
64834
67374
66803
65956
61886
68829
68914
67979
57442
68073
65984
69046
65770
64962
66149
68930
67029
66724
63039
68660
61172
69042
62654
69836
65727
62646
66872
68619
65758
66225
59804
63632
70435
61810
62938
61233
63749
62407
61987
72415
65298
63583
62836
67949
68007
65933
62865
65770
65265
65661
66390
63579
67194
69420
67425
63400
75148
61928
68255
64234
62146
67173
68027
71225
60954
69936
66297
65675
61450
68961
64211
68583
64368
61929
64238
66156
66547
65865
63448
61033
63749
62680
65610
63735
73163
67794
67913
67205
63597
66219
70149
68388
62249
73752
66539
68124
66388
58649
63116
69301
63043
59919
64789
65099
66471
63440
66021
62500
66180
74141
66785
69072
70471
61499
70582
66651
68900
66431
69955
67120
67452
66776
67232
67788
67247
61694
68373
63188
67372
63013
67411
66690
62285
67132
69663
70719
67733
63073
69078
73919
59324
57296
70931
69454
69490
63611
74714
71442
66880
64350
63112
68110
68168
65107
67564
60626
62829
66147
66939
66237
69836
68204
57406
65208
63002
64698
64582
68632
63680
65782
68005
63474
65447
61558
62023
63821
65428
72291
61437
70621
68785
67810
66348
64514
68647
67738
70580
67679
69002
63026
67495
65404
66438
60893
61116
59542
64668
66405
65349
70402
71589
60943
61979
62776
67473
72399
65788
67699
58537
64369
67755
67303
60087
66069
68292
75711
67512
61528
64891
64355
64545
68151
65781
69496
64594
59918
67004
60159
68112
71257
65356
73752
61205
64523
69325
65645
65312
63821
69413
63351
67459
72577
64794
65231
69413
65673
71692
67133
67949
64567
67245
65185
70972
71083
65499
65810
64738
65507
66064
60899
61103
59449
70821
68082
58749
69016
63280
67599
65842
67454
60933
67686
64840
67572
67484
70325
72057
63255
70459
72654
69080
62299
64173
60780
59426
64763
68222
62963
59660
60341
61140
62986
60746
62783
71184
64624
58793
60437
67334
67695
63126
66523
64104
62977
61809
66994
68528
70360
65488
71278
61515
68943
66231
63622
71124
70865
66229
65339
58930
65188
62613
65989
60740
59726
63099
61771
66542
65414
68444
62224
68298
67232
65833
65493
68786
66779
64865
61171
66936
66183
71478
67797
58962
66882
61991
65324
72453
72998
61753
68979
67372
66753
62514
63483
64171
64684
62374
59577
68064
66902
61896
67149
68379
62531
57596
63545
61609
67623
68084
61986
65974
68811
62491
60974
72196
64492
71918
64397
63517
61145
71196
66309
63083
62234
66474
64210
68307
64466
67947
64609
65960
64848
66161
65950
67922
63872
66999
61705
65017
67883
69929
67642
64725
65117
70962
65378
65688
67670
67127
65325
61988
62440
58635
62089
69047
65548
69498
64003
69859
70709
64914
69193
64447
60962
62860
60989
71309
63597
67457
64108
68235
69238
64761
67145
66834
65891
60497
69089
60536
61598
65161
64442
72308
57896
60809
69371
69786
64652
67608
70020
65637
62725
65748
62965
59615
63908
59456
71597
64285
69140
62124
65401
69965
66892
66448
60984
64295
64364
61867
66772
67032
66785
62048
53703
63026
66556
71282
59140
62821
66304
67368
61719
63068
66764
67118
68992
71299
65345
66522
68089
62664
63283
68027
72982
72345
71199
59695
65928
65621
60484
66042
64771
71183
65026
70540
61264
68738
61687
65796
65078
60659
59324
66129
65050
64777
65797
68728
68504
64184
62982
66652
68281
65854
68284
67570
66524
65419
65617
68514
62758
63812
62753
63338
69382
62906
64632
69105
65080
62471
58836
63275
65534
61959
65896
65473
64896
67409
67223
71297
69356
64388
63326
66856
61128
72013
65980
63154
63698
67295
70743
69960
65727
61739
62256
67151
66300
60106
65562
61637
66680
59038
68955
65507
56065
67002
67224
68364
64773
63128
64310
68053
66506
65030
60828
60432
67227
72000
69869
66507
72121
69024
65714
62290
66825
64283
65845
67297
67159
69719
60646
66881
62286
62870
59289
68798
71093
67421
64858
69088
60299
65878
62598
66086
69882
63884
67050
64408
64649
63761
66048
67400
69339
66591
72964
72659
66045
70310
64272
65892
62142
70763
65631
62448
69522
66592
67300
69888
67918
60551
61680
66968
61342
65164
65984
66703
63991
63609
62361
56336
64864
67238
62733
63110
62504
65576
62534
63892
62092
59836
68737
66305
63220
62819
68892
71252
70695
65618
64281
70478
65627
65131
57268
69067
65727
66891
66380
68765
65158
68315
61221
66745
65131
69409
72937
67580
64611
66521
72966
64196
67464
67609
66938
64027
62436
65937
62764
63093
62832
65170
69607
70219
65126
65519
61111
58927
57850
70915
61643
67402
66399
66017
64658
63134
64087
64562
67624
74170
66480
61792
61898
67133
64359
66458
66935
64353
71349
66004
63161
65133
71746
63930
71027
68091
65921
72072
68041
68309
63306
68534
62706
69450
69395
63398
67707
66072
68954
66460
65846
73939
69963
63624
71460
66900
60638
65673
67872
69915
58327
62297
65646
62416
68844
54608
63833
65369
59820
63327
63698
72221
65748
72767
61232
64408
68737
64424
61179
65996
63962
65230
68817
62274
67423
66544
70771
71436
60617
65962
59920
66065
60228
69778
62313
71204
67267
62813
56783
63672
68297
68614
63126
64193
69715
63226
59229
63876
71401
55095
64766
58935
65989
63486
67740
69370
65892
66572
67584
67595
61077
67128
64978
66465
64650
63414
65456
67112
63735
65430
64959
71241
66609
69185
62151
65407
66669
63035
59853
68639
75349
68030
63626
69313
63773
62659
70279
63364
64640
60615
66856
70268
60242
58013
59801
62337
58954
65830
69166
67126
73522
60071
62081
