64208
66263
57169
60214
70951
64808
64145
62588
60114
64471
54234
63402
59661
61847
62823
66666
49019
65190
56621
64087
64534
65925
58149
62866
63433
64650
58770
73442
67336
59101
50057
56296
61889
56540
63164
57954
57555
64764
64806
70775
60987
58084
70225
67074
55134
63637
66705
62434
64382
74228
68039
46236
59219
53027
51509
52606
67296
64885
63961
71192
60538
64457
55331
61433
76347
71159
49135
62741
56262
61330
76476
52487
55803
53994
56657
59949
62453
62983
57067
54086
60223
56675
76154
54614
57606
60799
67447
56718
76952
60613
61789
62234
57410
68237
69837
59112
59566
66297
60884
63804
56832
47317
60604
68770
58810
55257
67527
68567
62561
58635
60708
68613
68964
72790
54634
62514
70651
63676
62939
54255
63690
69031
80210
59226
62530
68563
51618
67640
60680
59858
56152
55625
77657
49321
62224
59540
60142
59996
54169
51754
62568
63211
66691
52278
56765
57023
75581
64005
70772
55541
66394
57814
62156
64809
65281
53493
60870
55661
66041
57447
67748
72913
68613
52322
64362
56876
61095
67167
47007
59586
56064
62157
81943
63659
66118
61967
52663
56458
74124
77275
87341
49111
57994
61270
53912
59726
58641
61106
50883
57921
75889
66145
64589
63476
86978
58088
55144
54052
69211
58509
64117
55593
62884
58336
61992
61474
63388
65727
52708
73606
73931
62858
65234
64423
65158
73050
62426
52796
65823
59925
71099
53611
79126
51726
65140
52831
73572
60638
68660
57877
65335
55397
70644
69251
63206
53254
63176
68250
67374
61731
60923
61669
69236
59852
63279
52820
61342
61997
59303
70579
68673
52393
66041
55853
54774
61274
57530
65545
70641
55371
80422
60931
63460
63819
65299
59472
56350
63490
45805
64722
71057
60799
64417
59269
65269
75469
61539
57674
73990
56464
56256
57430
70595
61659
57890
64416
62225
61891
67078
63615
71282
68205
69922
65850
62813
53291
60524
54399
59093
55687
65383
57795
65332
55964
59637
59121
64980
55296
66415
71895
53835
72910
59718
58024
57209
59839
62018
56846
59708
51748
69715
51586
59744
62408
77204
66917
65209
65579
55060
64244
66609
55803
62066
57379
68703
61467
62345
65264
59350
51973
69189
56749
66825
62150
52257
66503
55084
58815
52769
61491
54775
65420
63640
59614
68551
61540
57913
69197
53993
60901
67688
69022
51290
68406
49334
62190
64959
57722
58537
69027
61789
57677
71052
54923
69925
49933
76588
61915
61268
62479
78511
58962
62022
65381
62006
58339
73578
60120
63617
50616
59292
67665
62584
63192
48785
75736
62477
59030
61170
64728
58478
61814
55810
59743
64341
59949
60467
60207
61596
55685
63508
62688
53989
57383
70976
67632
67569
53133
61535
85954
50483
65135
63287
60296
66745
89518
57532
80698
62475
52837
69291
59829
48128
61023
59666
52595
73164
60084
55980
67452
82939
53621
54453
56881
65875
56848
57509
57922
49113
63174
53309
48272
57814
63676
59317
48981
74259
60321
68210
59015
61100
64578
56606
67691
58816
62130
57682
53220
72190
58063
59070
72241
71335
50845
64960
53531
56273
59491
59252
53003
68753
69123
65540
59167
57859
52987
60540
65961
60425
60829
54525
55521
50830
77675
54922
63191
64748
43826
64270
65236
56800
54133
65244
67751
54195
60310
60246
68765
60951
77010
62011
52470
51846
69906
53023
59527
60744
66956
62930
70131
51027
56433
65199
68191
61356
57230
55861
61382
66520
57954
69738
84020
61259
53837
60838
64950
70688
66517
61968
70792
71830
60253
54751
71133
63883
62208
63862
59763
58542
71842
57695
79139
64218
72024
51785
54356
57556
61264
65271
65418
55314
69667
61337
53524
68443
62980
74007
62668
63728
53333
59592
61861
53652
61644
56535
60758
56017
56799
58694
50760
61873
56347
54341
51005
55731
67218
65427
59249
65209
52105
62394
63644
61619
56692
67759
67618
56703
61246
57692
56857
64696
59900
58641
63390
65279
60276
68316
52753
58930
64734
71863
63259
61774
53484
61057
60743
68402
54413
64056
65818
55723
63750
60061
64640
66197
56004
58647
69164
63913
59811
67187
71030
65925
50067
64584
73709
63702
65813
69031
71504
39691228
