60333
53547
44233
42626
48387
46679
46776
47704
46185
47127
47671
50604
56243
49698
50955
48658
49592
55452
43074
43179
55507
54946
60647
52858
48271
49754
51587
59000
45636
45936
51451
50877
53184
45549
48190
50726
45170
46429
49365
50900
51705
47603
51519
49341
47971
53740
52122
47618
51667
52508
58766
54523
55706
52677
51411
56722
49726
51761
45742
52429
52966
50816
48955
50360
45871
52119
47100
54381
46441
50733
47840
51900
50116
50802
53887
51019
52994
48310
44422
54870
60249
47361
54805
50072
47301
50872
65960
51825
48669
50661
49134
45656
50735
45307
47738
48745
51664
51017
48319
52213
53467
54701
51374
51087
50576
45238
48184
45296
47008
49190
46293
51127
53700
50018
62548
48441
58380
46097
58690
47729
54437
64115
55973
53735
53548
57958
53063
45768
57527
53970
59626
51305
47849
54927
60114
48674
54018
51032
53076
59993
53044
47714
46653
44353
49575
58320
47460
46448
60023
64936
52126
49961
49349
48985
45440
56931
49643
50507
56621
54102
42246
49375
47137
45520
50967
48730
48695
59138
55833
49126
44925
48980
51320
45344
55240
49880
55542
46420
49339
44476
50329
52433
50294
48692
45338
51469
47604
47414
47286
55286
46073
55602
58112
45797
49576
53635
56001
45579
50113
48848
48827
62690
55331
51244
45736
52342
55695
52419
51061
56882
44565
51586
53409
47087
44093
46843
57965
46600
53463
45808
46211
53894
54852
51052
49128
49703
54929
45729
48546
50374
46984
48009
58594
47147
47390
46813
46968
49072
54178
52906
47817
56411
48363
48580
45722
54860
45593
48260
53408
48681
51663
48158
48167
52041
51196
51140
49919
52833
43694
48947
45561
50784
47620
54263
49705
47788
47632
46181
51130
45010
47010
53764
44732
42643
52608
60820
46412
50605
45430
50162
52772
47924
51295
51427
53061
52025
46656
43940
48485
46477
48851
49603
48315
52518
53667
47429
51708
60911
50378
53105
59883
59162
48117
48861
55555
47742
54431
45500
47904
53784
44333
52710
47183
48479
46740
49794
48416
50328
56230
50052
49138
44395
47451
58600
51192
51112
54594
45729
57116
43155
49359
46992
53597
56869
48104
49210
52168
52200
51777
48187
50568
54755
46504
49262
48416
50292
45255
48663
46181
43318
44404
55256
57075
69617
56137
60423
58077
59230
47831
44964
49842
45884
48291
51231
50988
58023
44147
49608
60181
47721
50623
57655
47621
47340
42917
52365
49040
50084
48990
47026
45500
54042
56082
60611
55830
48132
40495
49166
52111
49986
47125
44160
50731
46796
46488
45908
51479
47522
53638
49505
45013
52908
51167
47671
48565
54756
47449
53832
49662
43769
56974
49121
55245
52771
54667
61586
45955
45735
54768
50182
54667
48600
48062
50348
57505
51165
48191
50581
44418
48672
44843
47005
52298
48547
58207
47710
47409
53221
51125
45439
53823
42968
53316
58698
55967
57917
51194
48377
50537
50113
47287
48395
45882
54140
57983
49532
46362
53177
53918
53920
46317
49583
48414
47427
47772
47600
47039
52459
56909
52523
56154
57132
49775
59105
44680
58691
48528
48001
52362
48626
48173
47211
45797
57700
45660
49748
52982
43673
52672
50275
48136
55534
50553
55853
55968
52900
46348
47774
51244
52396
55856
51787
53388
54130
49657
48596
49904
44167
52350
43756
46886
49370
54491
48826
47892
43906
52806
46554
48742
44816
48726
47933
49225
67184
46317
46033
50178
48904
52584
44829
50709
52087
49716
48693
45781
56056
43893
58736
52644
49989
54761
48780
47524
52720
51516
45797
47895
53907
56881
51135
48911
60138
54967
47321
48767
48646
55224
57787
53232
45666
55269
48723
54133
49595
50278
49550
56629
52962
45797
57482
43783
50343
61385
48395
48235
44896
49791
47407
50658
61649
62752
56838
49601
53087
48607
50968
55085
47585
49845
46680
46795
53215
47674
46621
52550
50544
44437
53502
48197
54132
52889
54515
51870
49347
58770
59463
54083
46317
53307
52730
52674
60595
44986
48603
51207
42260
51127
47062
49576
53596
55093
62263
58851
51302
49316
56848
45278
55179
47181
49443
48403
49924
53121
47561
51123
45849
45742
48678
54335
60899
47485
43523
50007
52675
47698
53291
49912
61114
51885
48134
46927
48475
57801
56217
49827
45700
45537
45858
46916
51992
50656
50281
44887
52629
58001
51252
55051
44360
50951
55422
55998
45646
53911
54283
48218
53245
51376
49763
53796
50386
48385
51243
52489
44796
49759
48467
48064
55629
43760
44093
50944
46337
49575
53170
46488
53162
51933
52630
47962
52399
53891
51497
50600
52754
45924
50065
57071
58747
49306
46786
43032
56877
48232
44830
47492
51666
50947
47655
49618
55488
46648
52808
43199
54289
51833
53072
42924
56506
47193
47784
47204
53680
46740
49135
58063
48883
50343
58207
49496
44970
48486
47730
51511
43275
50880
58283
49859
50006
47217
52507
55305
52121
56204
51645
53394
47156
44770
51867
49124
50263
51782
49318
50611
50905
53553
44570
55293
46434
52563
51668
50482
52061
50939
46891
51183
45252
53123
46607
44109
53020
57720
56659
44292
44693
49410
48210
44755
53538
52650
51810
45670
47547
57101
50441
61975
50333
48943
53972
50262
51425
49369
59828
52161
47017
60204
48274
56792
46038
51232
47904
44757
55595
55237
49226
48480
47648
48747
52524
55327
46090
45174
53423
48424
46539
59142
52917
50904
58060
50959
44548
50769
47871
56685
56988
50567
49693
54286
55625
73303
50972
56842
50376
51877
49779
45864
49364
47431
49524
51598
51151
46435
50908
52258
54474
47389
51082
53402
44823
49439
56415
51642
55155
53297
42938
48866
50353
50602
50717
50077
48269
45649
47207
53043
45791
48777
52458
44554
50779
57157
55319
47712
46081
52908
47993
43857
50179
45493
59613
46830
46175
47506
53794
48652
45995
47988
50597
51729
51220
47363
49199
46933
54621
49110
46399
44392
48005
50440
61286
49018
51199
50366
49253
52364
57502
57668
51193
49684
47263
47374
51966
50633
47667
53908
52267
53133
54190
45293
52086
52733
48675
44251
53055
51595
47504
45379
55564
46805
51654
51558
54334
49023
46265
45368
53232
54155
47044
52082
49095
48568
49960
52467
44946
49911
48987
46089
44821
44860
51355
49268
46125
54565
46608
49850
50836
50619
48315
47490
47012
46575
49849
52053
54622
53144
43743
42270
46164
48799
44204
51871
59880
53711
53674
49057
53754
49251
52826
49435
57229
50997
50256
44247
54199
55774
46621
55513
57882
53177
56560
50839
53122
50054
51104
51759
46802
47735
47934
53242
48214
47948
47224
47740
51840
56401
53592
52537
50740
55028
48029
46755
51170
46112
46119
47327
52183
46671
54085
58771
43196
51047
50012
61277
54836
48666
60413
52092
49103
49769
40674
50282
51659
50400
46365
48094
51938
46052
55270
47767
52922
51255
47526
52201
46682
52831
45718
46724
52059
48098
49764
45039
53996
46576
58419
52059
50084
46774
45351
58018
57261
49717
60014
50010
45826
47932
52138
45569
47144
46766
46712
48158
55842
44906
51327
51928
47251
48703
51348
52282
49220
54410
50369
49860
48134
49977
49204
52055
43672
47959
55337
62892
56027
48175
54058
52793
61425
55702
51664
52208
50343
53698
44047
57642
55290
54477
51792
46875
51002
53218
45014
45118
44684
53171
46968
45393
51184
45433
53124
44172
45174
53447
49659
48139
44986
56351
49755
47399
53134
48359
51708
51739
52748
53874
51385
57687
55141
43697
52242
51429
46954
57645
46008
48667
47545
55240
49591
49849
52266
52921
47394
48296
51722
60896
49178
54025
45925
53449
45728
56460
50387
45945
52764
51382
47601
49804
57689
57309
43915
44152
57161
49688
49141
52259
51864
43754
51763
56355
49431
42199
49045
46820
49803
51921
47811
58570
48644
52615
45614
47765
46077
48089
54302
52048
45805
60610
52892
51813
45821
49713
53585
45370
50230
44964
45617
50044
51797
53709
48604
44135
53434
49582
57244
48576
44440
48825
54215
54537
53274
47818
49460
59574
48928
45845
50448
45390
53054
50567
47238
47759
61187
47565
47992
54262
52601
48384
51365
47592
46775
52511
45475
50446
49594
47648
47728
49482
47443
51487
47022
54403
51378
56130
50339
49000
42621
51246
47232
47370
53171
44531
55071
46723
50483
53218
49868
52860
50854
51533
51413
44504
48632
52980
45331
64772500
