143813
127777
69552
105627
106699
98644
124856
108182
116473
115370
119494
114582
113761
115701
114358
99058
107546
95280
122654
103364
112184
104470
136390
106882
96230
121266
115247
108120
115789
112743
116494
130645
93565
90501
91208
100399
127233
132704
100298
112633
119624
102410
104583
107909
131143
117546
108152
132500
99573
87529
112003
103082
101409
101056
118093
118315
93794
115096
104924
102725
125712
102716
106273
84652
80927
134629
92362
87269
108852
107493
113118
91638
101564
90935
118529
121606
105935
108320
101296
91330
122876
106776
99230
102221
91532
98642
112093
89773
140706
121370
112566
96314
104154
108179
97428
95131
98572
148250
113724
111196
110013
106182
98816
96460
91621
99133
122968
120912
90522
110791
104920
107047
114808
118593
98600
108358
104943
111142
97278
99568
142245
107399
93723
83030
94538
120386
100089
114720
99873
117309
91665
113032
116653
83843
119674
116018
101843
98836
93652
77410
78486
124731
102483
84843
107313
114010
107662
119672
106938
107811
118467
113654
128785
125769
113319
112269
110879
96297
109020
120695
108996
96365
85099
96438
102707
114798
102689
110575
101825
91076
143393
102348
111073
93447
79674
105311
124220
106204
105671
89248
103235
102960
126580
121554
117896
94451
114392
120038
95455
107076
141970
89287
142749
108432
97064
115961
152646
102254
118203
110314
121512
104021
111597
99269
98402
102662
119622
87965
86753
105897
150467
108757
111472
87778
114374
87066
78177
95998
128465
136509
151216
121483
119224
92622
105213
122583
94110
104034
94462
121601
88115
141226
85537
113545
106713
122099
105760
125261
106272
97354
124104
91861
111103
113983
93431
101495
116812
119876
88112
104806
101676
132958
100362
110348
117148
82436
96673
87632
121359
112868
107016
137460
111573
115392
165602
100365
117319
108919
104324
84576
103422
101726
88686
116894
119780
111860
97952
113063
101701
96265
104445
129627
97941
108017
105313
101466
94179
113986
125481
104915
113564
112091
99421
88508
121387
108382
104789
96915
113003
125417
98688
73789
125289
108534
93676
125941
98978
113582
101829
106757
121773
113469
112369
87655
119909
101183
106312
68667
60389
63498
34489802
