83521
57122
56080
65951
66407
60701
70934
49048
75780
50123
62023
67683
69699
58379
59570
64645
67473
55834
68666
60754
58258
65630
63674
48929
56007
66983
61744
64494
60614
57217
60822
58839
66183
44177
71986
72778
78293
57760
61111
72095
59609
52021
52169
52935
59021
58928
60574
67997
67466
56301
66169
65032
63391
69401
56843
54553
53037
66718
54122
64582
62903
59013
65651
70994
73430
63754
61779
55512
85131
63660
78267
84601
58285
67539
54760
56106
64128
60515
62248
65686
68034
50735
64181
71010
60025
57697
58667
48069
54187
85844
65164
55538
68271
70498
66261
67136
61061
57876
63865
58899
54138
70702
57826
68673
52265
61767
55118
56531
67175
65099
49624
59454
59160
60515
58654
58851
62924
52777
57126
62545
72009
60975
52434
63453
57001
59400
74050
55092
52300
59247
72508
60424
58940
58026
58830
62982
71854
69612
62280
60057
72786
65361
59347
60720
68028
59961
56284
70285
75466
60017
72178
60101
56984
54243
66842
49858
64980
59747
62556
66514
63176
61386
66246
68261
65145
56450
59069
55465
56452
62891
52873
62600
59632
52347
73311
62123
52846
54782
77962
57453
72765
56541
66596
73852
65121
70125
56630
66570
61531
51678
50236
52494
65411
58785
66319
62257
63132
62319
54691
67363
51564
80894
58183
55177
57891
53980
57880
60882
61646
53901
62236
59623
64024
55992
64912
79692
72814
46209
76506
57189
66063
60026
66138
75703
50818
75658
63853
68762
54685
62178
60656
54796
52392
59108
61935
67497
66428
64774
62832
67735
60168
58142
59828
63514
62327
62796
60264
76810
49071
62396
66111
55713
59566
60250
59754
55673
66067
63463
70277
58313
72452
62345
62074
71243
56187
72338
55764
58610
62155
72463
71129
56801
55499
58907
67183
68100
52172
81822
54144
57065
52346
63366
54005
62761
62390
67834
62646
70721
64160
68178
55085
73858
61939
61896
56862
54568
57328
77556
60519
61061
62619
62207
58126
50771
64780
65064
65117
71395
54029
58842
60965
70672
57234
57575
70145
60525
68693
67019
74766
65153
53812
56661
60692
55031
78551
65255
66677
58362
55806
58682
65120
53852
71797
54615
65893
63662
57192
80996
58039
73575
59015
67583
60530
71795
55104
70378
59747
64051
61655
50767
61209
61059
67217
59364
62207
65957
46634
75555
63070
59657
65579
53906
66058
68789
66243
52562
67868
70777
63191
64560
54419
72034
62309
56594
62532
74550
64031
77009
69747
60470
59094
65175
76802
64874
66382
58440
82896
54280
65794
71299
65187
59544
62452
61615
62377
59441
53775
55303
65793
57818
67809
68396
51912
72924
65747
64454
71230
65735
59587
70605
54100
80823
57950
61422
69179
63524
55043
59766
60529
66072
63414
55259
55423
71891
66561
65429
64986
68511
69169
65345
56147
64132
64930
54008
54965
63455
56849
64700
82774
53840
61743
57926
52064
68386
66167
63301
66164
53881
67666
55169
66371
56857
58067
65324
68844
62513
65987
57362
59649
52270
62929
60675
52435
67152
68503
56584
73027
68491
74273
60701
67720
72480
73883
58035
58678
54448
57315
79998
56509
67426
59484
56967
62130
65308
57115
73660
62012
62236
66237
76131
65530
55294
60229
59264
72613
58703
58338
72927
64804
66957
60885
64272
58744
73247
57462
66527
51239
71941
63899
63234
64025
62611
58551
52012
65758
52241
70591
57464
59976
68723
59805
62843
58723
67951
64116
66129
54385
65057
66943
69713
52494
74397
63486
57498
62077
64992
54640
62985
63308
57779
59720
62304
59594
66017
69498
54536
61309
66083
68236
49415
55195
51989
58730
76544
58516
52053
52844
63864
56871
68666
46588
59840
55528
63697
55995
60003
62554
63708
53058
71058
60835
45322
68401
62852
54061
59993
56665
60025
65203
69531
59161
50267
70186
61680
59093
58282
65810
63036
68518
67356
58075
70570
63476
56664
60791
56514
58906
58712
50738
77359
67536
54780
73543
72521
62490
61807
59770
67549
58129
59912
62020
59194
60505
60008
61621
63535
65375
69008
75888
60013
51643
75638
61282
75150
61283
63007
55487
63617
56929
60151
59704
52341
57675
51016
59628
68243
60452
51971
61849
52227
39961557
