155258
151614
124414
112651
118942
101479
142104
113947
106915
116657
141932
100606
105774
120119
114529
99893
108415
97571
105448
89129
97537
137609
105785
114020
119516
113488
103091
100425
103089
103329
110526
105278
84495
90720
118268
96680
97106
95327
109296
111367
112442
116624
101340
131752
120002
120372
84481
105607
119658
112730
95291
110640
111970
94882
112712
93513
112240
121337
116105
95181
129558
114520
106306
96012
85879
118970
98681
119265
94371
111506
113543
90911
104641
88298
102740
140490
129769
123465
86837
91282
126516
125220
90808
81325
98044
106803
104392
98261
115867
110487
110566
99280
103357
107447
164298
109431
108433
112584
87541
116280
108943
102824
109753
81342
108729
129581
104929
109591
106724
105415
114458
124788
119986
105029
102454
105090
99902
98970
107268
83996
111295
103708
106254
108178
99312
102990
100408
112144
91807
114350
99991
129144
109544
122438
102848
91613
131746
106371
109297
94682
103853
121211
87931
127414
105323
90478
103982
107333
113252
115405
115756
121347
105562
109357
99973
115105
95396
100510
120844
122465
118639
105117
98587
137587
104290
112926
112592
116782
114816
102033
114077
140424
106239
105269
116231
114558
106174
123166
108847
114792
122288
93618
123891
82985
90346
99329
110597
121481
109727
131192
112118
90051
98722
89421
108393
105859
106250
121928
107495
92181
86013
100218
95894
104749
116051
103420
121243
110104
109775
107956
95484
124266
110414
87373
104764
127457
117436
98321
112811
112184
94635
110045
104451
91651
93923
115102
113783
100064
136143
128452
96196
130936
107720
138444
107467
94530
94149
103499
98706
127703
108883
133064
104484
127380
120512
101706
122086
121539
121653
82062
101529
97610
121621
100424
102069
82124
117916
133735
113721
83506
104127
90280
89217
100377
108492
105460
115925
86374
116398
125316
91045
142659
131066
115665
111301
95610
119202
93282
114107
114848
111805
103908
95996
94407
102450
129317
114112
100263
111321
122344
96378
110152
117493
104038
116765
94035
101102
93850
102864
79929
101461
106685
110651
97455
112552
104918
103445
102187
132410
96214
115935
114367
121311
120543
86148
112187
86997
102410
90781
94774
34726486
