56760
45826
42585
47581
50841
50788
55342
45433
50527
53229
44640
59303
51226
50061
47759
48297
47328
56557
53607
52865
48614
43860
45934
46696
49926
50568
53844
49224
50053
49198
43371
52079
48943
49270
42309
51623
54972
45283
55910
52432
51270
52077
54136
55750
50573
51256
47857
49547
55226
45078
51791
42860
47108
47362
49737
51446
51177
43889
46332
53610
47759
50156
49853
47336
47879
57861
48945
47582
58439
49523
57657
46552
54518
50316
52852
55730
47180
50506
55894
55418
44709
46470
52208
50933
46664
50656
43217
54959
48572
46250
53355
48022
46895
48516
46664
47828
47169
51581
50535
47947
52111
56086
47351
48850
45397
52530
51005
56732
46204
47786
53838
47749
47937
42611
47419
46376
51736
45346
61153
57409
52255
46019
48044
51228
41920
49987
50519
53523
50923
48388
46318
47544
51881
50998
53162
46742
49146
48421
49820
50587
52438
55651
56288
49258
45817
53414
42712
56778
53303
55073
54756
48598
52491
54041
53747
47200
47570
58364
54647
60652
59125
48362
47718
52362
48178
48382
45696
54522
46964
51905
50021
49001
56390
45853
44954
47446
45303
48149
46198
44596
52554
50074
43429
49892
57841
51295
44805
47753
55046
44909
57651
45496
49630
45968
48597
55190
51334
48343
43814
44307
46726
47053
48056
55444
55952
47728
47880
46799
51991
48447
49905
45730
53314
47947
51326
51529
43615
44498
47856
43365
54577
54622
47488
50137
50780
60295
62592
63991
54788
50094
57477
59476
58280
55303
53346
44138
49789
55941
53814
51265
55165
54406
47867
51902
57500
51971
49926
50508
48285
50209
53534
46354
45506
45042
56692
49540
49864
53627
47519
53478
56767
54458
43867
56776
44434
48966
58636
49737
52246
54249
50354
54333
49206
56700
44278
51959
59502
46141
48796
55367
54014
47232
49343
47488
46478
54444
63111
45151
50357
46573
49087
56018
58429
48856
45583
47292
49438
49744
59084
45582
51878
48910
47905
46344
50607
54085
48015
46230
47771
53069
49300
51105
42982
55336
46040
45224
47277
41364
55704
49568
54633
45775
51194
53147
54455
59290
49962
48673
49503
53073
46213
45853
48072
48870
45838
48959
52669
55476
59713
53124
49666
46637
54033
60463
48998
44598
46235
53852
47154
46580
48436
48598
46820
60490
54261
51114
51007
46340
54586
52794
52690
46101
48861
53269
50377
45368
48708
52828
56126
49767
51104
48471
46400
53607
42256
52621
57158
58295
46960
44146
47986
48710
56788
46860
44540
51061
48237
56452
53960
52248
51578
48212
57937
43890
46174
49370
46913
47539
55124
53154
45262
46394
44031
50889
46644
52390
50136
52052
50332
52519
46763
47887
43550
51992
49343
47150
41180
45805
45200
45238
52035
54330
49784
43515
46396
47477
57603
42226
51069
56073
44304
59402
56716
48463
46164
49402
51334
43841
52040
47261
48939
49289
45187
49965
50078
46500
46000
43814
49899
47668
55860
52805
49378
47533
48787
48604
58668
52278
49835
52413
47564
50166
49557
49481
58549
51040
47786
41943
48974
47944
45143
54628
49287
52775
43638
49435
57275
42067
48830
53833
54566
49721
51180
48345
58422
49017
51226
57104
55135
55175
44674
53286
45826
56101
50945
46359
56375
49987
44774
56913
46803
53570
46160
54499
50485
52918
45111
50664
46917
56619
51917
47923
48992
50405
47015
48885
48565
52659
53548
49236
47874
44491
48164
48157
46241
50026
50382
51822
54258
47547
52237
48140
53624
52716
47832
46525
46954
47982
53521
46070
51572
48815
50553
52745
58156
47057
54935
52466
44657
51412
50799
53257
47570
46565
53290
52150
55300
45030
50876
47711
55620
52395
51344
47720
46405
46566
45629
51214
52150
49923
48462
50895
51150
53228
46187
51100
48786
48320
55112
52049
51906
46859
45277
50224
46958
51231
51953
52964
46238
46073
47495
54389
51845
49787
48274
54126
53332
50178
49606
48499
49281
49917
45345
49439
50081
57174
46899
44237
49499
41891
48527
54226
53481
46082
48413
47796
54542
48717
44707
48718
48255
48727
43936
45643
51991
50846
50512
51115
52840
44727
66538
61642
54708
50397
53125
55759
48045
58213
49762
45961
46943
64779
53467
50764
48997
53136
45897
51236
45760
54308
49928
46742
47306
54163
50867
47341
47151
47453
46976
50390
52425
48533
53485
51703
45796
49063
49793
55616
58162
52893
48011
42715
50780
46447
53591
47693
43265
52353
53387
63397
53379
45253
56196
52781
51468
51185
51569
48934
48859
46375
53758
51677
46753
54589
43981
50765
49513
56237
51477
47926
50246
49839
51010
43536
52666
54376
40803
56076
57659
47831
48972
54314
51870
53670
53016
45359
51743
47844
55582
49361
47255
50981
51537
51120
50506
48632
45914
57565
52070
49114
45218
56815
46635
48601
47731
52919
58625
46812
54371
49159
55232
49257
43144
54164
52307
45392
57079
54669
47665
50289
51395
53184
53354
55874
44356
53931
47327
47155
49148
44305
51496
53831
54529
53742
53875
44308
47423
49771
56592
46608
45412
60687
46666
55500
49748
49130
56205
46580
56437
61082
46841
45463
55031
46396
56058
50839
61574
52070
56331
50095
48345
50498
50283
47922
48228
46066
47971
48259
47336
50392
50375
55672
51571
48460
48840
57317
47952
49290
45552
49160
57507
46253
52727
46039
50083
57979
58553
45327
46508
45592
45833
52038
45233
51833
47645
49662
51567
50831
51774
49982
48508
48906
57886
47443
48826
50166
59610
55170
54463
55464
54251
42022
50695
50748
53956
54166
47915
53299
47957
53663
55273
65453
46360
46931
47551
51197
47687
50649
47385
58280
50136
50488
45129
49776
57349
49483
50060
53249
52377
53287
53774
51925
56010
50080
46641
52255
47175
50515
60599
44411
53206
49552
48361
50047
43447
48276
54596
43251
51676
48787
51766
51020
50016
56926
43369
54990
52367
52025
48547
46435
50215
46643
47360
51394
52272
46339
47460
47982
45315
48745
46404
53631
47006
53339
53511
45838
50739
45504
46775
54652
52455
44913
56986
61778
46584
48113
55527
47238
56307
51710
58047
57589
46006
48276
49410
45346
48191
51781
46883
47533
43771
53271
53797
48112
51836
45696
51935
50175
52907
43753
50643
52620
49859
51656
46418
50979
63811
56446
59975
52459
52540
46553
57239
43702
48002
49537
52727
59335
46957
51118
47932
44744
46292
48248
44865
53059
47803
45070
45414
45379
48383
45567
49801
44173
47565
44154
57307
48911
46687
48579
51736
43736
45612
44274
56278
63706
53451
48070
49066
44399
46104
53061
55360
53326
48276
46162
55839
46867
49313
46186
48067
44714
49366
55230
51492
48019
50970
45761
48419
46221
51426
47237
51427
47729
47973
53606
47041
45142
50888
52676
47043
55658
49242
49160
50696
51124
47779
53976
54112
51078
47938
47498
53584
43942
49471
46994
51451
45273
50625
50874
49427
43918
49305
52679
55916
49417
50744
50523
42914
59951
49697
50254
49394
47065
49587
49008
52185
51459
47116
53524
45442
48674
53769
55173
45031
53839
47639
55406
48913
45216
47649
60906
51958
47445
46063
45260
45797
43221
48987
50162
55327
52186
44980
51468
51648
45943
49616
46805
47356
53062
50296
51238
49758
45357
51361
42229
53036
49508
49342
60553
45985
52588
48575
48063
55340
48746
45331
51303
50172
50666
48795
54715
48137
52715
52175
51528
48102
47554
50659
52514
55978
53630
43998
47358
48968
53329
57788
54586
51926
49989
45609
52093
62553
53506
48281
47480
45631
50477
47002
65150
48202
46069
48579
48753
55046
56371
53991
47970
52110
60333
51092
46724
46321
47259
51130
49139
46253
48707
53484
46487
52826
44556
50480
51537
54128
62666
49206
47052
49365
46928
48330
52784
48700
53328
44892
52873
48722
54390
43236
46097
52454
49363
66302
52377
46849
48819
45406
45460
52667
52034
49021
45867
49128
50795
48581
53385
44438
49512
45728
57874
49704
53532
50358
49099
47663
47755
46430
50529
51842
46715
47275
50083
54107
48268
50746
49725
56570
52343
53869
45573
59281
58091
51021
52912
49895
52366
51486
55554
49364
51017
50798
52306
53711
51246
45300
51981
49369
54348
42607
47320
52668
44725
45858
51484
50281
48595
47514
49651
54835
41931
55505
63945
49302
50068
56057
48098
45180
47379
51818
67494
48953
48900
49276
43791
47659
49060
45846
48853
47318
53454
64412918
