60305
49055
54421
57994
55369
45664
52523
45253
62774
58595
63144
46388
44495
53535
48544
49050
52759
51615
50205
44654
57822
54624
51491
42229
51839
47183
50065
46759
44373
46756
53432
49692
48276
44366
49829
64333
48211
53805
48800
45817
53259
46959
48613
49885
52468
48721
54081
45212
49949
54738
54335
57901
49326
44825
49347
48385
47786
51134
50016
50192
51148
46748
48628
57534
51912
50265
54444
52391
49445
47591
45925
43533
54512
51416
45650
50160
53356
63746
49964
49139
49409
51532
46128
51590
53080
45900
53679
49711
48879
48019
48152
50422
52941
46447
56022
50028
46304
51253
53255
51844
49111
54643
49409
50979
48216
45661
45435
51546
51460
52457
51499
51851
42662
61081
51553
47582
53134
48144
53037
54653
45621
55381
53744
49837
46507
52155
47155
47768
47890
52270
44874
57872
50096
51198
49336
53558
54173
49936
50270
54874
55784
58224
49195
48831
61102
56156
50951
49699
46859
45123
55702
48250
54037
58015
47430
61496
58678
46656
51957
50898
51244
51591
54595
58948
56605
58310
47282
47110
50094
55147
48329
49047
50719
48261
53211
45915
45401
54425
49250
48755
44422
59580
54902
43471
49472
44489
47864
51600
45457
48825
46896
52299
58232
48211
44508
57257
46571
55232
47031
56146
44252
56203
51016
47156
51803
43243
49196
47002
49068
46652
49472
46297
48432
50288
45048
49340
53981
51863
46453
42599
50696
44927
55562
46809
51315
64697
56691
47611
52881
58284
57179
56516
47126
47402
51527
41473
51476
47337
52410
50537
43803
43927
51224
54904
53819
53260
48583
58839
60444
51168
50539
56674
45419
53103
48556
50116
48958
49291
51217
55607
44134
54789
53263
50618
53638
54746
54847
47957
52142
55048
55551
51581
49970
50286
49802
50578
48815
49016
54674
51087
50368
52200
52372
61228
50485
54106
56974
54115
45959
47127
55250
50928
48758
48492
56719
63794
50387
50906
47821
51302
50088
47678
47123
42919
44898
53453
47229
46073
47244
51547
46943
49918
41158
48649
55092
46917
54364
44898
49463
44745
44938
53229
54959
48183
51748
51610
53423
46531
49980
51577
49465
49630
44928
48090
48080
59469
49497
47594
48895
49194
54267
45313
48109
54103
49785
58143
44430
45305
50749
58746
49906
44824
52746
44159
46588
49118
53931
47468
49298
54088
45853
52916
45549
46983
49762
54099
46650
47738
58405
51422
52466
48082
44792
49760
44720
52795
59008
49191
47758
43381
46026
57381
45664
47109
53257
46519
47618
44330
52417
48415
48288
51849
57371
46637
52386
50082
46682
50750
47122
50851
49060
53516
58411
47089
44908
45836
52515
56173
61399
55464
53132
52813
50575
49284
48473
52784
45048
48894
51131
54993
49964
44084
48326
47291
48020
50976
43290
49297
52460
54936
59611
43659
52153
55141
49611
45875
51157
49790
45946
50088
52450
53783
43504
48894
43480
54022
46478
50182
47610
45970
48660
46561
49087
50626
60806
48003
56935
49786
50301
47956
51306
58591
50131
51039
48808
49216
48471
42376
56497
49860
56917
45643
48163
51428
47826
49627
44758
43191
50134
46165
45160
51715
48192
50304
53548
62593
46177
47745
44573
48288
49788
51940
50548
56414
48002
53869
44329
51794
60032
53886
48520
47840
47651
49940
55229
49676
46771
48248
51485
45522
51095
51203
43805
50020
54927
59169
46856
42913
50178
49242
51053
46600
50870
52026
49482
55171
52950
53273
54889
47866
56332
45358
54556
47235
46717
52702
47274
52530
46804
54079
61674
50169
60975
50282
54720
48419
49142
53323
51900
50977
52178
45459
61816
47588
53262
55822
55476
57381
48249
45599
46619
43764
44688
49875
53565
44706
47846
50296
50653
53884
44852
54266
51798
55176
47042
49259
53672
51139
49369
55872
53163
45834
48323
52367
49864
49211
46157
48589
49545
48128
55271
61057
58857
56595
47150
45170
50757
44560
47329
53384
51204
49374
47396
50174
58369
50169
55190
54757
47046
48571
55512
54220
56288
54709
43580
51630
45989
47589
50617
47345
50411
46471
49772
50424
60962
67453
55521
44093
50573
45121
49458
52919
46505
48845
46417
47082
50511
45913
50030
47098
49301
46034
52030
51995
46040
45763
49848
45848
50845
53052
50906
48727
48715
48884
41144
52229
61907
48520
53684
45139
49957
51513
47568
45285
48605
51015
50482
59271
50437
52792
50187
51428
49666
55615
51575
57823
56935
45969
49962
56479
58127
47300
51312
51436
45819
43526
55009
47064
51288
60589
53817
45132
48461
53262
45440
47193
49037
53966
50718
50991
44939
62270
49993
44506
49409
48859
47808
50073
53173
52767
49897
55049
52248
45007
45822
55770
48502
51768
43284
48890
46784
44501
47329
53308
54157
51905
48077
50234
57615
52229
54325
49320
45123
44991
46658
51773
47770
46711
53095
55789
47924
43326
47529
56502
55695
49278
54573
54972
52095
55140
46427
48375
53018
45071
49599
55569
49398
52718
52189
57972
57717
47256
49172
47786
52446
49193
46300
49934
57161
55681
56431
47808
57476
51256
58226
50260
51306
47272
54119
47444
45726
49868
49141
55381
50101
48665
51986
47209
52648
46814
46747
46179
49141
45469
50844
55069
45180
50480
51276
55034
54483
48122
48668
52293
46029
50921
52730
45089
50504
57626
47539
54783
50903
50059
46223
45368
48081
51714
49490
48561
49588
44758
48155
51977
54521
49598
48393
49355
44049
55511
45876
48612
48308
45207
51183
47994
55550
50688
52921
50725
46057
56325
47964
51187
49321
49088
53707
55135
48609
49057
47933
47018
48463
49983
43768
50321
49188
55264
53949
52246
51276
50944
49675
42572
54558
51056
52086
54811
44450
50791
43307
57614
47773
44443
53395
42706
48218
52070
50584
45899
46075
49183
48556
48436
55269
50188
48350
48072
44902
58839
54136
52305
52969
44119
52205
47639
56715
45216
44480
55794
48543
50185
50625
50232
46140
46975
51488
47337
44934
52845
45967
51142
48909
47750
47713
50798
43947
50128
50706
44800
50286
43287
50462
46295
44907
44413
46436
52004
50952
47104
59341
44652
48760
50958
45591
54931
48885
46424
52485
52632
51941
44351
55059
56028
43814
60530
48728
52639
44528
43617
50062
61067
47759
46882
56996
54141
42353
57250
45464
45818
54869
44453
49851
48162
44995
48425
50369
49389
50600
49814
52620
48192
50156
49423
52938
51294
44884
47097
58555
50656
47970
47784
56216
48418
48996
49545
44864
49192
52560
46810
49908
45742
46003
50272
51866
53037
52872
48093
55828
46142
54351
46730
48898
49976
49984
55089
50065
46632
48909
45405
52990
47667
45441
59357
45711
46194
48730
50578
47955
47668
51477
46178
50139
50043
49123
51670
47934
45580
45300
52003
44906
49065
44051
53578
49933
46950
52243
52138
48948
51316
47511
59374
48003
50502
51029
52793
46768
48506
49081
56045
44564
52554
54475
46135
47854
46450
55059
45347
48495
46463
55677
50109
44984
53371
46520
51514
48191
47505
54826
49057
43125
60724
52616
56480
49699
47369
47842
51313
54369
48552
46176
53325
48675
51642
44416
46739
49417
45249
63595
52574
47958
45179
51620
49594
46794
42946
49866
43440
48797
54980
48214
54308
46929
45987
51180
43720
61784
48851
53020
43970
47235
59036
43490
48429
55614
41334
56832
56613
49637
55826
48235
49325
47136
51121
50536
51797
51692
46672
49178
44770
55393
50177
46149
48045
47812
53009
62850
54002
57155
47931
58091
60397
46617
46377
47016
46770
46658
46639
49827
55822
47734
48300
43212
51368
55456
55031
46312
53504
54815
54647
54615
44069
42498
59948
48852
58857
48474
47917
48852
44334
55267
50549
56924
51198
50155
53862
42065
52674
46835
50283
57999
45661
46648
49981
44335
48604
59159
51844
48056
48569
48093
48079
65477
53896
53419
47976
50668
54946
47231
59835
47467
46339
47758
57442
45717
46581
51698
45804
54743
52689
53015
53097
45712
46305
54870
41522
52919
54519
51506
45918
46706
46326
52668
52152
57183
54518
48122
49389
55644
45297
58087
56031
58103
47758
58575
51055
51324
50022
58685
52756
52946
56743
46098
54193
50316
51010
54241
50526
47707
40704
47462
51046
48563
49488
48200
46067
56119
57007
59119
53815
62170
53277
45496
45778
50297
52502
51180
53795
47578
49582
47694
46628
46479
47584
41691
46519
55318
45141
51384
56073
64501894
