58722
46125
48675
47663
46443
46387
43458
52794
57480
61779
62096
43394
43210
50371
50575
52602
48587
55315
44515
52653
51710
44630
48071
51797
47910
51791
54470
43377
58609
48472
45033
45338
48651
51147
50528
58075
50892
51330
48605
43932
56768
50902
49321
53836
52283
54392
43436
51509
45725
56400
53700
53442
51365
49822
50163
49822
48410
41977
54612
46796
45926
44685
52492
54548
47832
60991
50630
51335
44790
49837
48004
52317
42941
54950
44461
53546
47603
50042
50048
50755
53952
47641
48624
53420
53786
56644
51231
54886
48833
43577
51442
42938
52907
46340
49142
50533
48861
46831
46196
41889
48847
49818
49829
48264
50468
57478
46457
50176
54634
46979
52191
53743
46161
51874
52605
47806
48865
50143
53459
47236
51281
50645
46382
50280
45999
46049
55008
46885
46038
49420
50266
45409
47191
53168
51640
53570
48485
54689
50372
44185
46496
49860
56103
46530
46044
52402
50282
51986
50556
44614
53791
45310
47922
54522
56674
53520
51968
53771
53157
46000
57108
42687
45928
48318
46330
54241
47629
46414
51379
44229
46733
54076
50442
48604
53534
47508
50907
51038
50892
44999
52121
46562
46072
51710
54236
59736
45093
47643
53437
48095
51237
51081
46399
49825
45920
53424
44718
46115
46557
50960
51109
48601
55115
50300
45183
53433
44128
50747
47838
51463
48685
47671
47733
53145
49276
46644
57234
46999
46849
48237
51993
47945
49636
55499
47245
52337
51016
54629
51137
55039
44563
56436
57509
60642
57325
57696
42331
48784
48375
45311
48186
47591
63101
50185
47980
51618
54031
55531
61061
45020
54564
45363
50003
52475
48996
54191
51749
53171
53227
47367
49765
49930
50436
50671
58275
61127
46095
46798
55319
48171
51948
44853
47169
52761
53856
53009
50859
46386
48511
49564
44806
50046
51064
47265
51357
54125
56732
51295
54991
50362
46702
53481
49127
51671
54716
53037
57142
53533
49990
53819
50851
44459
46626
49642
52610
45257
47226
55058
45508
52593
54699
54888
50167
54606
42483
52578
44096
47390
56849
47061
52558
52873
45705
50568
55699
49061
50780
58466
51676
46588
46199
54533
53526
55403
56519
49885
54385
58656
56445
49294
49682
46811
51824
49354
49549
47919
46301
50105
50790
47731
48591
46451
47336
44928
45170
52205
48417
54717
56770
50676
49616
48380
46042
52072
50877
52170
55291
47853
48807
39946
54858
47425
46802
48838
46296
40987
51715
57414
56431
49706
43150
45943
47774
41556
54659
56059
44572
46233
51224
47642
47461
49490
46292
46095
50744
60080
46771
42047
45776
46839
49604
56065
46989
47261
45456
46886
52073
54657
48254
57460
55899
49020
52132
50830
54396
47993
45737
42323
50136
47007
54638
45578
55283
50844
48882
46571
48406
53740
47057
49414
51075
56752
43855
65975
56959
43758
50072
49270
53746
54225
46184
50349
46997
46335
51297
54297
52549
43466
45043
57162
48665
52104
50898
52405
47467
47005
49938
48660
55607
51294
48345
50758
49873
57315
61803
56887
53149
49381
45700
57872
44940
53067
51351
47442
55938
49430
47292
43526
48492
43703
52335
56601
46831
49246
56361
56235
53106
54358
45859
51128
47345
47593
55175
44993
51036
45705
50909
56776
44536
42961
55700
54829
45411
56267
51746
50222
42729
51690
47115
48903
48329
49049
51129
51064
51393
47454
47673
60367
49883
50595
50654
53774
52063
47470
46753
56165
45530
53858
49275
53829
52903
53695
50354
56906
45947
53034
44226
52260
49736
49692
49651
44637
48824
56993
46941
50074
51253
51889
49101
51744
55510
52881
47851
53338
43370
57491
45718
51108
53295
55057
48755
45225
51109
52195
51605
51787
46302
52788
49597
47460
48379
53267
44766
47270
48492
51118
50203
46728
52671
48206
46119
62537
53947
60767
56663
50808
55379
48958
52151
55996
46875
54384
49712
57177
55595
51998
57937
50806
45831
48841
52469
48409
41496
43712
53762
45703
46033
49097
51350
48787
53174
56250
52008
51737
48335
53432
50810
50780
45484
47384
50318
50836
48267
55494
54884
51196
59963
54332
46335
52107
51849
48421
49392
51147
47331
48833
57611
48567
55539
49100
49460
49193
47242
56606
44052
44759
51176
50342
48010
49614
46155
51223
45618
55762
46785
50804
47092
51670
53642
52527
57425
50731
50767
54071
50626
55348
50825
55057
66866
42367
52377
44895
48110
46483
51667
57056
54443
56111
57879
57405
60791
49267
47300
50974
53714
46957
43621
53125
46745
62031
52928
47951
47765
53794
47462
45402
47116
51446
48602
49923
46958
51019
49411
48257
46818
47574
42851
52103
50744
59175
48117
50847
50282
54716
50436
49700
54734
45400
48685
46817
42801
61914
52010
56300
46638
48400
50419
51474
43225
48008
55841
47740
48925
46464
51305
54553
48559
50090
46165
55088
50805
54405
47053
47325
53714
48912
50473
51000
47327
48620
47410
49711
52684
46618
49022
54782
43766
49515
46192
44593
50024
47020
50100
52159
53102
48946
49090
56669
47707
49076
49834
46360
56229
49079
50117
58148
44398
61236
66357
53659
47963
51174
51442
49147
48829
56082
57210
45587
50135
52558
50505
54729
45364
48374
49709
52099
48799
42624
52766
53771
55211
55333
48692
53057
49054
44877
50273
58900
57262
48126
46923
48523
43782
48540
46080
48761
48827
43987
42706
48937
49006
53036
54210
50170
49161
50198
50851
58040
52535
52310
47783
56228
47619
46482
53576
46144
50492
60831
58771
46581
56627
50141
50584
56226
49024
44362
55739
45924
52559
52786
56472
46777
43268
47979
48025
48713
45951
52201
50099
53417
49815
50418
52863
53279
51607
55780
55219
53738
49941
45797
55362
53534
50200
47775
47331
46648
45903
53760
58909
53194
48779
49482
46866
51909
48806
51468
46658
41384
52454
43307
56675
54129
53987
55087
44140
48863
49958
55730
44187
46430
48042
53762
47804
45430
50068
49475
47708
50787
44359
49126
47892
51306
53386
52531
49683
46351
53111
49851
53396
46499
57964
46734
53156
50019
53162
46361
54333
56826
51282
45811
59661
47545
50864
47619
47015
47528
51758
58359
43066
46789
50542
45226
51797
59712
46985
56588
50615
49521
44833
53815
52326
53291
54542
58188
47343
50594
59605
54335
47367
54498
52340
50111
49647
50155
51184
49231
43465
52280
48967
50331
41808
51766
51810
46194
53274
55874
45244
53478
46380
52653
48813
50136
51493
53850
50514
46907
50410
51370
45086
49136
44331
50757
55792
50674
56052
46318
46504
51759
56008
51506
45182
52400
55797
48992
50875
44579
47269
48501
47740
48289
45176
47472
51473
54157
45757
51205
51846
45081
45831
54695
48921
50777
50724
43738
51223
47765
44597
48145
56627
56079
51587
49640
47338
49046
58333
51159
43293
46623
46567
49448
54481
56584
51427
49971
52365
44471
47216
53966
52238
43364
49769
50471
51150
52235
49119
47028
51921
57022
62803
48867
53042
54643
46516
44953
48303
56719
52236
44873
52794
48990
51175
49365
47655
45697
48668
58246
52448
49937
49863
48582
57743
55161
49727
49809
49343
51452
48331
53074
55964
52029
51711
45514
45889
53947
46157
48800
56617
51665
49946
47938
44777
51143
50618
53577
50549
44861
52563
50677
56805
51461
39886
52706
52026
56487
52665
49843
48152
54772
50987
52976
46316
49769
48402
48542
54952
52245
46233
49721
45439
49835
44997
49146
42396
50198
54664
46756
49701
49014
51206
51394
48265
50279
47757
45544
46543
51339
46153
58527
59549
49626
53358
55268
53194
57927
50184
55100
55395
61220
46476
46013
53650
40642
54026
55786
52430
49269
48969
51329
50539
49197
49960
55513
53958
53104
45056
45870
47212
47352
51919
43098
42930
43725
51144
52165
59754
49249
51342
45558
51966
46794
69987
55889
45920
43894
57951
45850
52232
44301
50598
49864
51392
45478
52267
53643
49066
46974
55966
50476
43945
56261
50865
48312
49402
47139
48730
47508
46170
49887
47341
51167
52309
50535
55274
59814
52381
52585
47400
50783
52041
45590
55910
46149
46401
49691
51831
54710
47278
49500
49364
48967
48297
52943
49146
51217
52665
50604
47260
50741
46200
54083
49272
51556
44030
47293
52234
45392
46974
41720
48688
64510
61653
54010
48262
46812
48659
46234
46422
59913
58919
44029
47263
50315
56178
42333
46423
50660
46288
47892
55928
51862
64530544
