38883
33983
42064
46776
39650
31884
39888
35264
38325
34121
32280
31112
31682
33436
31561
25991
31750
30781
32195
45976
34536
39287
30015
34508
35476
31650
29487
50537
35771
35454
27147
29952
32474
44678
65272
37949
28226
26815
26598
27087
27445
88700
28632
27313
30746
25308
34423
30660
32709
39090
27149
30473
41070
26944
32500
74911
33331
26240
33173
24996
28010
69967
31242
34009
29282
37398
41673
30800
33935
30698
30010
37666
42041
36101
33093
28377
36921
34343
27696
32379
40722
38328
29103
36037
41733
33133
32054
30476
57443
43163
37923
34502
32134
36477
31469
41008
37471
40567
34082
32449
36708
32268
29479
40208
37589
24626
29797
33083
30884
32732
37276
40183
51949
31668
38552
46491
34798
27070
32525
35583
33161
30303
30494
41667
35635
32703
35659
32057
26984
259437
31036
27934
28943
41643
28573
37126
31811
36981
36390
34262
26624
40970
28161
68964
34648
27627
29985
34716
23439
36569
29083
37568
36259
45895
34935
48293
36949
31286
33534
40375
29505
40054
40068
29317
37494
43618
27923
37834
27796
29906
30850
39114
37657
45650
31897
36757
29455
42366
40209
30289
29365
36177
32837
28696
33526
31442
28034
35230
32940
25194
36194
36986
37238
23701
32489
57147
71657
52041
38804
30611
28108
40108
57489
35475
40624
42681
73162
30714
38802
25702
29369
36924
32561
27525
31260
28433
36904
32673
30233
31087
30668
27840
33368
29707
28043
40060
22416
29451
117720
31152
37120
28946
33906
28262
26453
33426
32799
33086
33849
30912
41980
34545
30455
36206
34389
35310
34892
33095
27216
33374
48672
24013
36338
24380
31620
34016
47042
37934
21964
35621
28900
25932
32312
33477
28618
36501
24468
28119
38764
35467
33440
40654
39034
52174
28772
41320
29156
32233
33338
29222
33547
29768
30996
35031
33810
34502
42698
35942
38228
36159
35490
29939
39755
36584
35969
29102
27920
38483
30341
29169
32184
32671
43921
35799
38294
38707
30787
44897
27355
27081
37042
37422
65309
66001
53026
36791
30002
29734
35894
26427
26504
33675
33973
37403
35111
42116
33354
37929
33395
27764
33944
29380
30355
32976
36427
30564
29056
42827
33179
31684
42490
28695
31438
31168
37611
34262
33870
34191
26903
31764
26968
45414
26992
32014
43997
37355
31055
33979
35287
41849
33727
29859
29233
32360
30580
30926
42142
36318
41437
26577
34692
27822
33624
33089
30992
36945
32551
27868
30151
37574
31222
34618
25450
28134
25941
30483
30839
23462
36434
35086
27836
32557
29771
35094
29755
27876
39838
30181
35917
38774
30053
43364
36750
35978
35401
25783
29192
28189
26620
27392
29703
35252
20545
28027
32398
66575
47743
33992
94725
46716
34532
26885
33231
27706
34066
33588
31653
52863
36936
28702
29971
23242
21347
46061
35805
34196
30488
40292
24954
33986
46163
33346
29842
27361
27999
30471
39657
36089
37069
32788
36357
40625
36785
33008
28760
34241
36343
34201
35124
31592
44363
35841
39468
36265
35150
32456
31210
33641
38709
32633
29479
42889
23145
25750
27780
27227
27926
24549
22335
27940
25644
37280
36122
33666
34709
38135
29392
30098
30031
33656
28493
25563
25646
29970
39420
36497
34371
32669
27000
32080
28992
37702
37348
35336
29781
38620
34150
27003
36507
35965
33937
31429
32122
34687
28845
42615
29432
28185
38354
32027
31502
30140
27284
32949
24169
30513
38526
32569
25198
33558
26127
33960
34522
27770
34954
42491
41598
29460
24797
35329
33921
37508
30072
31206
31463
33127
34875
27612
34414
43943
33648
40347
52906
28067
32125
50875
43066
36895
26689
31221
25652
29363
38595
35645
39561
32485
24701
30298
30099
38967
28044
36546
44226
27360
38445
30122
34530
31152
28539
31352
42917
33536
31173
31868
33833
82725
31777
36018
32161
38179
34606
37376
28034
33264
38555
31577
33504
29272
39835
44313
32604
28076
26469
31990
30652
30680
19767
23656
22945
54003
28536
49054
33529
34061
46648
31763
39529
29595
29036
24356
37957
33636
37786
41737
31737
36504
29794
39350
35415
31511
31849
25940
29902
26202
34624
31695
21661
62072
59703
39529
22397988
 Average Time : 34996 Minimum Time : 19767 Maximum Time : 259437 microseconds 
 Client 8 Average Get/Set Latency = 0.034996 seconds 
 Throughput = 28.5747 opertions per second
