36134
39122
56743
33558
43649
28939
39660
46274
33885
35167
34748
32688
34138
30539
26868
31838
30561
35807
34085
32493
28262
38966
32266
36333
38920
30573
40499
30702
31160
36226
41407
31850
28916
39257
56823
31294
26914
33050
22773
36150
30639
25892
24548
43980
27936
31099
43851
23750
34259
31075
25316
29041
31430
32199
38591
35165
32933
31622
67676
25542
25835
55646
26622
33991
27708
30249
30837
34708
26297
31616
43220
29995
41933
29616
28424
32634
43267
36560
29551
40954
40056
39412
36048
39942
26422
32439
30933
32379
31756
38384
61138
44303
46078
43139
28592
38554
29622
40646
31471
35961
36803
33633
39891
39264
35010
34038
34260
33657
34072
30118
33938
35423
28324
40446
33555
39981
36993
46253
28270
25626
37483
38930
33130
29923
31160
38211
30006
38665
39068
31372
285640
38309
36082
26463
35819
40841
37323
29500
35112
28037
30992
32678
26759
93461
25454
33205
31248
32565
25937
34852
36798
37002
40326
33574
29063
32688
35208
39988
22744
34520
40920
30399
32964
35194
37292
32697
31786
28912
36936
23729
32184
32630
36737
27678
32588
31477
39280
32265
32062
32354
30016
32581
35515
32181
35707
29282
30915
38407
39847
28803
29410
34612
30437
26370
44039
43420
38664
63612
62355
46828
48602
44150
39475
31361
32385
41332
37112
40665
29525
28108
31403
38389
27553
36018
37924
45461
31887
38941
27469
34973
34500
41985
31890
36949
40391
33546
25596
27620
37474
28719
26843
22646
18859
25190
32504
34174
27018
33367
35953
33131
32974
37915
29914
27302
30376
33313
27724
31616
39076
28864
27030
26176
43981
38502
32346
39556
33938
26976
33139
37891
36627
36133
72396
41509
30349
25639
30020
31544
29248
26542
31185
37223
33354
30434
32099
37417
28657
31636
30578
29283
30430
29728
28766
30793
33657
45862
24128
30770
40215
35141
30701
36228
42871
37760
39863
33688
31648
44998
37948
32306
35662
24011
38899
35860
36181
33270
43978
28722
33890
29869
34537
28568
26500
35904
32188
33880
43250
29073
43618
68916
50483
45964
31550
32351
36720
21778
27186
27521
36509
34288
33193
28788
29684
30830
31531
36801
30889
32397
34449
30966
33627
33493
30110
28628
32836
40466
35267
38921
34592
24684
33371
29867
41125
39076
33701
28271
33322
29688
27733
35649
46308
29250
30515
29212
25766
45359
45185
38856
33612
35229
36475
36402
35356
40183
32653
30525
29456
39289
28128
32031
24064
37954
34615
29875
41723
43015
37221
50669
35876
35794
75070
29155
32208
26603
39288
42157
26614
30508
31929
24316
31361
26901
33981
24465
40756
23736
37261
27828
36076
30710
127538
93675
112181
39278
41334
81708
33129
32886
35112
35990
25893
40375
39657
69508
29290
25798
26311
112642
41676
29131
29923
27915
25227
35353
33954
25540
31956
37654
36644
33308
29114
32357
27902
33678
30581
35792
28735
33272
31744
29845
36930
37221
38458
30278
39069
38340
29264
39320
31674
37148
25031
32504
37972
29820
36327
30508
31708
57712
79552
119729
35925
29804
30832
33649
32045
30605
27262
31419
29231
32665
27175
39078
35637
38206
43376
33238
32496
48415
34186
29177
33668
29114
28931
31973
39534
33887
38900
41788
32657
38017
38197
27793
27228
37449
25729
43992
32229
28813
29866
34552
33615
33370
26469
40610
26513
33908
44857
25830
31681
43007
27211
46946
32178
33004
33294
33860
35501
27286
25666
35629
29802
26752
29469
30930
36927
24888
31100
69773
50208
54695
30808
39348
42342
45151
30575
32207
44012
37305
33452
33600
27183
29448
36280
29695
33081
30819
30102
34453
30630
44185
34300
34783
38960
33246
30816
36422
36563
30874
31710
30906
32343
25672
33191
26266
31862
29199
29904
32510
28547
29427
49219
42812
31593
31871
34850
32851
26999
32989
36070
31118
33076
20875
24451
27028
27340
32015
26205
24077
23617
25330
28498
29385
24645
29528
31975
31689
28004
40478
43152
26201
30366
33682
39025
33588
33058
35619
25272
28127
34290
32317
32327
23630
32186
31092
25505
35275
37743
37116
74422
59893
37992
73265
32870
17689
21868
49777
23909
19093
22146
23905
22684219
 Average Time : 35444 Minimum Time : 17689 Maximum Time : 285640 microseconds 
 Client 4 Average Get/Set Latency = 0.035444 seconds 
 Throughput = 28.2135 opertions per second
