28445
22197
28577
24463
21741
24447
23357
23745
28799
30547
21088
23935
25687
29270
24657
27824
23417
26102
20515
24929
21972
25115
29079
27370
23918
22093
32501
23859
24697
25830
21083
20570
33861
21766
24252
27362
32399
24846
25053
28876
32274
31653
26729
24971
20624
26381
25082
26756
21767
24705
29365
23576
21898
27385
25565
24933
24202
25837
28965
24563
27689
31712
31345
24749
22401
31910
26944
26157
25916
27865
20893
27026
21025
23466
69429
34567
131930
30323
28088
23494
21674
30171
26104
29606
24316
24344
22533
24686
29491
23892
27480
30530
22748
23943
22047
24470
29019
24366
25264
26800
27846
29291
26257
27141
22635
23631
20898
24072
24857
27847
24840
20387
21902
28323
21803
24440
20562
22388
26329
30386
29046
25808
22163
28317
25999
24911
28991
25545
34706
23523
26155
25773
25616
30114
19904
23096
26055
28410
23109
27496
20420
26059
25387
26704
26137
26589
25249
32570
32672
28665
23254
24347
24791
25516
25253
22483
24633
32637
26327
26047
29514
26685
25902
20399
24802
25125
27335
24885
21895
22501
29350
24004
23264
24962
21180
23764
25504
26123
29563
31069
32797
24719
32393
24570
32065
23380
21167
25678
22140
21694
21858
25013
27544
22997
24636
23537
27235
23169
22190
29579
27985
23657
23755
22972
29214
27345
30300
24181
26759
22528
24644
24644
23502
25024
22282
28262
20733
21787
21509
22717
42436
69494
32683
35183
30678
28742
27539
26890
24318
24663
23047
23598
25446
26112
21155
26849
27642
22957
30671
25573
24627
23396
24397
22537
27289
23729
20202
22611
24946
22125
22516
25484
34409
27505
27927
23790
21600
21527
20538
25161
19764
24803
21803
26838
26947
23103
25124
24785
28222
24064
27457
22984
27858
29258
22056
29863
29775
28092
27151
22998
27750
21033
27752
20967
30319
24226
27751
28491
24747
23755
21063
25947
22333
21302
27517
23222
21043
38466
29490
25615
24479
25200
24733
28972
26067
21149
26400
26257
22610
24547
26121
28817
25716
24288
24917
23210
23594
25789
25335
24443
21588
23823
24229
26372
29004
23856
23281
20529
20927
25771
27837
30403
28635
26789
28991
28189
30483
24121
20719
20769
26401
29657
29825
26349
30665
25103
24191
25481
22338
22862
30067
25987
25555
28857
32121
31291
30243
21494
26629
27497
26361
21161
25467
29770
43026
39796
65321
45322
29323
24980
28059
24833
22795
22368
23665
31176
87063
27202
20966
26912
23589
22708
23426
19603
29987
27760
25724
33125
38125
24632
26839
24936
26565
23895
27870
22925
23562
23776
20903
21296
29037
25747
30486
25427
23737
25334
19994
26622
29003
22083
22858
25526
32713
20975
32199
24591
24906
23739
37675
27960
25833
26644
30082
26565
28627
29800
22654
22671
44304
32689
22606
35344
22423
25421
28290
29723
26601
21141
33425
27637
23962
24600
24878
31409
25212
26270
24529
25595
28836
22099
25620
23010
24083
30831
29336
21242
24544
29143
34786
80083
27686
59364
23362
66181
26532
27016
30692
22098
24725
24499
24506
20723
23238
22772
25745
23229
24331
23865
22008
27008
29015
23249
29953
25910
24968
22973
24425
26739
28822
26367
21876
26039
25344
21618
26627
27366
21355
28308
24197
22372
26474
38940
29495
29378
32817
24803
21837
26710
21956
29328
20379
23196
21120
21519
26614
24151
28493
24001
25296
24353
24006
26626
31595
24343
26589
23631
31013
26915
26552
26122
23201
21606
24020
22433
21184
29862
28118
22767
21523
24626
25597
31147
25370
20170
26114
24358
28222
27421
29067
25924
26456
28757
29174
24706
26205
27578
24847
21631
23804
23316
25933
23840
26680
19724
25436
26716
30597
22265
32129
28473
24979
21436
26328
20849
23385
25311
28385
21631
26526
28452
25525
20119
94824
28745
29641
23194
23132
27962
23185
19532
25201
25242
30912
23525
22327
25572
24198
21994
25217
21286
19412
27535
30408
28233
22837
28571
27658
24742
23401
28495
26728
22183
23276
21101
29523
20835
25938
24634
22709
26232
20451
26645
26861
28979
22672
24415
26047
26771
25748
24550
22710
24819
35180
21596
21759
27023
22567
45696
44664
48426
44695
224730
35503
25401
27734
29443
20921
22443
26350
40426
25980
28402
26735
26003
28692
28882
27249
27475
31686
25469
28386
26500
25381
31530
25569
22094
21863
25988
26308
22633
25961
20813
20332
25560
29422
24423
24257
26400
26899
21419
22276
21287
21977
27538
27155
26752
25955
24799
25848
23739
21824
26760
35551
30369
21179
24690
27404
23640
25972
22856
29128
21568
26156
25341
29179
23613
28997
30753
23919
27922
22060
25660
24208
27204
21595
24888
22312
37144
25018
19210
26914
22586
21694
31976
29217
115481
25789
27140
23099
26207
26233
22830
27602
26427
24692
20712
28568
35211
27196
23237
27283
31536
27093
23262
53744
61870
63669
41954
24330
26131
28125
22423
21689
22477
22265
20738
24234
26127
26884
29627
28873
20370
20306
23659
22633
26210
22659
28404
23288
24953
29325
27749
27587
30015
23712
26731
24035
25000
23604
22200
23361
24815
25237
22593
25440
24724
30055
34021
27688
21877
26881
30140
22604
24373
29437
20327
34554
36794
23497
26345
21105
27431
23459
31668
22277
23825
22497
23211
25688
20776
23571
20684
23066
22096
24331
24129
27170
24738
26465
26537
28126
25184
30557
22016
25163
21776
25782
31503
25590
23120
19647
24826
28066
21869
24309
57508
25090
23255
27862
71913
25447
27207
21665
25515
28382
28675
24476
21533
29074
25269
24299
22274
26778
27793
26033
26907
20894
18772
29098
27787
28318
32992
24120
26248
25566
23494
25685
27606
24941
26482
32896
25249
25536
31035
29129
22230
31988
26490
23655
30994
32136
25217
25958
23530
20151
25067
23865
20904
22719
29942
22417
29403
24584
33485
22936
35721
25381
29239
27689
25981
23571
28531
26491
22757
21609
21561
26322
23041
24211
20808
31850
24827
47935
29289
27349
24169
95550
46469
29850
27433
26961
24725
23323
25979
23215
26994
23889
24872
31373
24412
26138
26867
25715
38399
25526
25032
24995
21370
27325
25236
26308
26244
29770
25420
37799
26838
24491
29578
25784
23321
26689
28383
20993
22376
24988
26752
21786
24106
29812
22365
25858
33969
24887
24552
22405
21012
24486
25455
27682
28257
30423
20469
21679
27983
20683
30722
28020
28901
25260
22422
34908
24640
23854
20907
27449
25066
24815
31232
19912
24708
26813
27009
26335
22275
24148
23509
30880
27896
24336
22570
26279
25169
29638
24877
23261
27635
25002
25677
22983
23316
25831
19890
30173
22920
24890
29118
25482
24077
27676
24029
29354
27245
29975
23791
26829
26302
23794
24116
21998
25048
27744
24352
27064
26672
21414
21803
30101
25011
20659
25600
26173
24142
50565
47961
25741
51605
31900
23368
25066
25654
24944
21479
31424
26724
25401
25844
29871
24214
28512
31649
23945
22661
30503
25812
27424
26349
22357
23323
24675
25928
26764
26840
24154
28107
25783
23549
30570
30445
29076
29738
26920
22582
21499
25906
24085
30138
37816
26536
26762
26329
29084
24659
23576
26186
32098
26497
29774
34419
21771
32699
25148
20244
21582
23220
28190
27870
30271
28901
20385
25588
24262
23983
28829
25624
22416
22259
25362
22547
27629
29695
24045
22231
25282
28070
27642
27192
32171
23107
24784
27941
28467
21597
26546
24546
25355
23031
28644
30892
27573
22325
48420
35351
101878
28463
24886
25014
26124
30419
24666
23451
24840
22158
22209
22840
25647
25399
24482
21149
27104
33006
25887
24278
23780
21686
26246
30501
24932
23221
22635
26850
24430
20938
19424
26299
25954
31087
26936
32634
23666
24271
27193
28808
21080
22142
28231
24427
25402
24022
27277
21370
29919
32579
22937
25183
24432
25453
21000
172944
87896
57930
34817
23539
25534
27671
25230
22454
24075
21252
27087
27897
22672
21915
33133
27078
25180
33626
25014
23230
24197
19928
19005
26896
205375
24572
22743
25815
32966
23507
24892
24755
27545
22512
26063
24640
26589
23950
25657
22416
33870
23414
27789
24222
24183
29069
24799
26655
26538
24988
20967
97388
24958
21612
22811
26878
28298
28164
23151
21324
21685
24474
21544
22199
26148
30979
28049
30528
24804
27187
26442
23027
23390
24626
23604
23090
20960
23806
25820
27223
27014
25288
34862703
 Average Time : 27236 Minimum Time : 18772 Maximum Time : 224730 microseconds 
 Client 6 Average Get/Set Latency = 0.027236 seconds 
 Throughput = 36.7161 opertions per second
