77860
78171
86470
63923
66170
49854
66652
63471
75417
42567
78305
46374
47490
32852
35077
42968
48831
48255
43121
36663
53871
69055
78773
84325
47080
51288
66028
88630
51858
61294
50963
53629
50523
50034
59137
59283
35723
53638
61209
85539
53106
47427
52343
53328
47232
50839
77135
59250
59648
75838
47086
46773
68952
60113
57120
47790
43237
94230
51797
64839
68639
79337
73631
41909
46882
44925
54821
69991
58049
48300
48003
56750
54587
110130
72176
43641
63899
60276
42459
55293
42653
45404
63749
63673
40238
51600
94292
37419
41754
28688
49156
51927
43472
69994
62281
69196
41704
48276
57580
50926
44523
67758
51715
58860
73929
43822
58366
66187
52840
36926
63245
45848
42487
59136
60633
63174
65027
101933
64193
49339
70770
62161
69024
41353
40739
44584
51369
54984
57307
61182
58865
61544
67676
33898
24529
232847
92485
53508
81582
51663
55534
53756
69412
54685
63183
67849
48656
58385
76617
52965
44256
46880
39876
67188
47919
68159
45756
56019
45694
60995
75415
61442
62994
56261
70085
41879
63791
48148
59547
49833
49605
45267
50332
58183
56401
52632
32996
55442
41889
39796
36222
61015
58532
58879
58466
51228
46065
56035
31997
53953
55784
62201
64006
63030
59275
54698
59867
41958
46443
40365
35912
79089
55681
77053
66808
54635
48037
59107
98735
48312
54792
85458
58240
55713
38665
50687
56766
65696
50031
57007
68753
45982
55019
39131
79189
49200
58061
49606
77060
52891
61293
56249
65014
45566
49323
40315
42562
55597
42220
44257
45262
125880
39812
40129
92776
78605
60836
32407
59897
71733
71387
38955
61885
37181
77557
68121
54108
30837
48627
49216
56113
50955
46965
42106
49721
40266
56106
69450
58364
53863
42641
62728
46981
45314
62891
49437
39836
41168
61788
51596
63084
56349
46203
47768
44592
66120
49449
52728
69796
60886
65607
59460
55993
40724
44739
44074
57720
56163
51976
67540
52656
48823
64697
58637
45062
48153
37117
49497
38608
63597
58240
39448
45034
61022
63418
43139
63799
61800
58827
34372
18110015
 Average Time : 56593 Minimum Time : 24529 Maximum Time : 232847 microseconds 
 Client 29 Average Get/Set Latency = 0.056593 seconds 
 Throughput = 17.67 opertions per second
