30690
26721
26341
33958
23637
22035
24864
22909
25448
31431
29078
28937
22428
25420
20516
19004
28877
28702
24511
21326
30761
27552
24226
21362
35683
25053
28461
26061
34126
24629
25131
27446
30865
27326
19409
28110
26028
23171
21852
32223
31524
27672
23436
19882
25278
24795
26354
22686
25344
28639
24452
20331
24670
23624
21011
27288
30243
28817
26505
23729
24851
22076
25450
21584
20617
30603
30426
25952
21835
23560
25091
26959
23740
25654
28112
36850
33587
27035
19655
27703
24257
22703
27189
24394
25578
21713
25579
27483
26425
22607
20660
22019
22028
20191
21648
24883
23752
41089
25427
22150
22017
22798
22693
21187
42253
31876
25235
21730
22014
27581
27423
25175
24244
27071
35439
29216
23452
26778
27209
28604
29113
317329
37779
28739
22644
28133
25546
27938
26090
25112
23921
24043
23456
30414
30788
23711
26622
25656
24559
20206
25379
19173
27925
25977
26698
26277
26761
25947
30819
27939
23941
19476
25107
34571
23184
27382
23871
23476
28033
30417
23732
31350
23370
35153
26112
26028
29230
22563
25927
24272
21569
26053
27656
30479
31362
26715
27479
27774
40102
24337
27233
25632
24065
25939
28403
29589
30614
23488
22826
27612
30670
31499
24467
25796
23206
26822
25061
19830
23235
22559
25736
27100
31716
22659
21913
23130
26107
28478
26674
26002
25787
29047
24791
44119
32790
36014
30783
30538
25625
32186
27820
24642
23813
23676
24049
26406
24497
19065
31804
28960
19882
24853
23868
25180
24018
29360
21134
23811
24867
25762
88385
27595
30953
86747
26493
25747
24534
23525
30086
23560
19736
33051
25563
23507
20978
24541
22718
26170
21459
26167
20685
25612
22904
22725
26911
28553
28118
22165
20592
24722
22005
29890
29151
24402
41928
25580
31970
31074
20036
25501
24923
24710
23648
28304
27652
25093
27776
31726
28387
32549
27568
32248
23832
35212
27874
26021
20413
30085
24189
25329
24795
23838
24266
26225
21137
23702
25641
20466
19791
24919
22005
26600
23102
24327
22106
25160
23288
21175
21761
23102
26999
24837
32076
27849
21729
19608
30557
27994
30167
25087
25589
30297
26701
24070
31002
20325
27495
25055
27289
23549
44717
38134
25703
21521
21507
28588
21261
22791
22858
54656
47491
64267
46037
24567
22059
24609
27396
25016
27914
20288
22695
98740
27661
21095
27234
24388
21906
25626
27284
25596
26021
22744
25987
29337
31544
24222
26129
26396
23828
26058
25958
21895
44467
22451
24881
19266
23759
25953
27044
23384
53561
27780
22206
23243
26090
27457
26947
27994
25153
26233
23486
21008
23853
22901
24351
24126
26921
30690
25102
24687
29297
26272
62297
25350
31714
35482
25434
22699
28153
23940
22952
23153
25126
27522
26924
26184
21023
22775
27618
23818
23366
25324
22223
28352
24027
26759
28404
19991
25987
24683
32624
22975
28396
28357
26995
108910
59509
27580
22237
24967
24125
24926
22729
21281
27121
30699
28862
25600
19279
25227
23572
30498
19870
23421
23567
19801
23320
21543
32634
23614
25059
21826
21133
25037
26927
18537
22142
24656
28342
31474
22990
24783
32667
24771
24304
23550
29023
38599
23920
23131
28117
23534
26558
20751
26944
20628
23519
29865
27566
20987
28400
26186
25978
27573
23707
19968
24832
26985
29832
22354
24978
20632
24500
24172
27929
25859
26667
34646
25992
27148
26834
27984
24895
23581
26996
30493
29087
23011
28348
20825
23107
25779
25973
26284
24314
24524
25329
27060
27300
27278
33235
25859
21572
20835
24256
23644
31292
25170
31514
33247
27014
28824
25656
27268
26467
31086
27293
28380
23425
24030
22160
23628
27276
24277
27987
25686
26087
20796
25562
31421
33218
21928
26850
24935
23385
23187
76552
24534
21816
31510
30215
25431
29208
21717
29404
23324
24627
25583
25955
25456
29878
26146
30790
23550
22733
23371
22893
21599
27587
21446
23979
27436
27751
23275
25368
24513
23918
23506
25355
26310
23872
21326
21210
25896
22535
25407
23477
37878
33882
21375
27377
70151
31600
43329
42497
26637
22888
22366
35249
117386
29699
23466
26620
29103
30432
24152
24538
39921
25746
25316
30874
25281
26096
26036
28281
21070
20960
24820
26808
29553
26464
24591
26441
29313
27349
20736
24689
26688
23906
25792
24353
21058
29517
23983
26408
22933
23225
25694
23684
27012
28004
27976
24334
26336
25282
24265
23557
25596
21852
29360
29348
25684
27077
22936
26414
21866
27612
23766
20632
32413
27731
24903
19994
22082
23644
28006
30991
26782
22110
29589
30550
27858
22198
23658
27206
21309
23760
27369
29043
21185
30201
30650
23735
19172
23396
29313
78320
22786
27606
27597
23198
24877
28789
29876
28620
21762
22425
29920
31049
21551
30086
32148
27101
27436
46679
58357
23494
43346
40201
31028
26069
23232
23869
25436
23232
22480
20830
22612
22377
29528
27202
25845
23035
30362
23336
22119
27068
25553
26715
28608
23453
27182
21366
24763
29281
20788
29685
23474
27903
27907
24156
22067
30411
29773
25576
21489
32251
26817
30935
21885
24579
26688
20700
23610
25464
26866
21873
25486
24058
25399
26854
26871
24971
27257
25749
22999
22174
32139
22456
31222
26511
27990
24460
25883
31161
26046
25204
28224
23842
24046
22932
22081
29792
21935
22221
28434
21735
26426
22287
22800
29630
23537
26356
27693
20179
20305
22469
27569
40417
27884
25558
22831
25618
26321
24833
99483
21949
26236
30681
24745
25032
25277
24652
21707
24679
20617
27654
24217
31375
30240
37436
21612
36877
26148
24439
25831
26089
24554
27214
21321
19824
53976
22642
19623
24511
26215
29016
25038
22154
25010
24201
21667
22389
25367
27255
24515
23678
27600
24748
29312
27380
23461
22676
24321
21313
27424
21924
24580
27772
25658
21765
23752
25112
26827
24512
24273
24358
36365
29529
27235
29729
24281
34331
21084
29388
28301
24799
22846
27603
25877
24072
29531
29687
22844
26070
26820
27112
24618
29327
32383
23108
26530
29507
34239
24380
20874
27012
36629
24048
24697
26899
29469
23831
28579
25455
28977
23303
23897
34480
24436
23915
26227
25082
31018
30762
27577
25794
33599
26002
24324
24489
36119
26550
25772
28597
28773
31432
24073
24008
25524
21551
23327
23014
26469
26812
23232
34983
33189
31457
24633
32006
20742
31841
24600
26545
25797
29144
25943
25357
29486
25512
25623
20549
29199
31058
22268
26411
28287
24717
26775
23644
23668
24810
23627
23238
27447
27832
23519
25649
26264
26146
24255
26870
30965
27801
24587
27594
23389
27637
27808
21682
25361
21045
23114
21851
22273
27237
26918
25471
25994
22248
20717
24566
24435
32982
29542
29162
22845
28876
25261
24850
26479
26644
63619
41696
24821
64606
30561
24892
28056
28881
25536
22711
26105
27613
30413
24376
25905
30933
26982
20866
23629
36777
26522
27288
23020
29420
24866
26152
23103
31960
28397
24935
25073
21353
29322
28811
27833
29743
27545
26843
24804
30001
23410
26047
22612
37680
33294
26257
24984
28893
29651
24582
24962
25392
79577
22391
24079
24772
23327
24118
23634
21241
22288
26827
31081
25016
24154
23362
23825
26791
28455
26856
26918
22465
27690
34349
34035
20702
22592
24434
26818
26386
29377
27393
22320
31154
22107
22955
30358
35033
27507
31515
36542
28704
30841
57874
34896
29192
85014
29989
27281
23773
27182
28728
32402
25649
28848
25406
23005
28871
24674
24295
28863
21214
30987
28503
22105
20475
26529
31792
28751
24362
21661
34981
24285
23508
22857
25701
24191
26849
23061
25164
29283
24941
27715
27945
23330
31142
22842
26469
24577
26567
27003
26510
21048
23817
28471
33289
24974
24331
25957
202762
61875
78203
32380
28195
28348
23094
22141
29046
27487
23555
29049
27005
25821
27103
27898
22641
31643
33814
281271
25865
62788
58195
27636
23499
25118
29676
22456
24049
29011
21775
24557
24267
20549
20632
26083
24298
22606
26902
26589
24887
22095
24277
24443
25985
25019
25781
26112
34008
28135
28287
28542
39956
26342
28802
26852
24509
25165
25575
25285
25296
20681
27322
28444
34005
26394
29757
22453
20763
28038
25460
27285
30981
21483
25596
27757
31389
25602
31059
23763
25764
23554
24050
26749
32687
26432
23070
26842
22726
30409
29594
26691
24132
28775
22641
28469
25554
28624
35444134
 Average Time : 27690 Minimum Time : 18537 Maximum Time : 317329 microseconds 
 Client 5 Average Get/Set Latency = 0.02769 seconds 
 Throughput = 36.1141 opertions per second
