30739
26005
39429
43382
41481
43465
38164
38070
36526
35755
33141
31449
33082
35048
45033
27288
38781
30955
28783
36985
39676
33125
32866
32055
33712
43211
32840
32203
32135
41050
26193
32804
37163
34688
29477
28360
24530
29527
73762
38614
21130
34402
30565
27862
34453
30881
35636
35406
34383
36618
37574
37003
40990
25614
35515
36797
35797
26006
92059
29254
31464
31331
54853
34305
26866
37999
32971
30432
41977
33040
35577
34327
33277
27340
32372
37391
41055
49660
31521
31935
27816
35736
30442
39360
35025
26404
30784
38986
58618
42113
53762
41673
34567
27654
47858
42028
36651
26669
36205
46322
26024
30615
29471
41087
30317
27095
34750
31545
27349
45725
26640
29330
36075
39077
33803
48845
35047
27958
25821
37735
32361
38135
34398
47637
37395
40718
23155
29976
278224
38309
47855
26813
28437
31568
42982
25707
25737
29715
38009
30233
31273
28883
64173
36510
32688
41013
40779
34791
37710
33865
25893
35200
29200
36217
35504
31536
35444
37843
35021
32559
39771
34472
30756
40425
36746
30944
32758
33186
33776
36100
37816
33486
38233
37565
26336
44104
29971
34566
32251
31269
27594
41432
26385
32238
36884
32448
28637
28896
33479
27329
35380
27038
36440
41704
27291
45871
73889
50090
49894
41967
33575
37235
35035
40207
31275
24033
27531
150245
29536
29956
33987
35221
33487
29095
35760
28363
31754
40257
41977
27809
34480
30022
28710
34310
32025
33363
96970
30597
37544
37810
28167
37394
34411
36466
36168
27228
35551
39224
34511
27090
32217
31346
30221
29324
32426
48670
37758
35092
39639
29078
31084
44518
32104
33764
145311
25281
30157
35336
31821
36635
32135
33829
30819
32333
35815
29333
27259
31365
32677
43046
34911
30027
35484
40206
24991
39766
25156
34045
33712
34142
36878
40754
36844
39362
23282
32614
38733
33930
34842
32940
30103
41948
24396
30712
35604
29679
30750
32078
34801
35213
25481
36168
28492
33257
26374
41202
31511
30223
58055
61165
44140
28645
31019
30393
36766
74480
30632
34220
34555
23428
36658
23966
33894
30586
35483
32472
31785
34471
38810
33309
34704
29702
30608
29872
34091
32200
30088
35299
27438
34727
38111
44257
30802
35009
41586
33001
27613
25658
31349
37006
41161
39009
37017
27551
24565
27961
34670
31652
38438
27393
31345
30569
33579
27140
32117
39241
29843
28735
37182
34272
34295
30133
33822
28590
32067
33974
39061
37549
48329
40817
28163
30718
28547
36413
37395
25255
23700
33257
31291
33186
32638
38158
28550
36751
32191
24302
44603
24275
36958
33182
38949
33486
28308
145931
22488
26979
98186
39170
106380
37534
27343
35264
40612
43441
33741
32864
23820
31587
22799
29464
34063
35724
22571
31059
23958
32530
29169
36248
33849
34615
36436
36441
41471
30247
26516
28638
35417
32839
32615
32119
33835
40313
26496
27561
32049
29819
25258
38343
43548
36516
41378
31257
32215
41906
31334
32127
43675
32578
25256
31778
34755
30154
37547
31932
25928
24362
76813
25872
23404
21744
22646
41584
33161
28602
40058
36293
24619
34253
32578
34059
40823
33920
31310
24589
29864
27428
33014
38272
26376
31225
30792
29744
31813
28418
34915
29048
26407
27334
31056
25964
28501
32208
36882
31571
38091
33907
27920
35998
35580
37768
25284
33028
38275
26165
28141
42189
30566
26377
30878
36124
45989
37779
35101
34844
27658
28567
32286
26602
38707
30740
32711
26895
33254
34144
38003
38736
35661
31616
35933
31695
31530
54349
38156
58434
28982
29453
38516
23952
36192
38214
31080
35262
23860
32260
35699
32154
35113
36777
28921
30052
45617
28431
27639
28595
40735
30438
32786
34265
26850
36445
31649
32106
26412
28741
30098
26868
35426
37010
26286
26154
30613
32771
30420
29117
30550
33990
39670
32347
22984
32906
33329
31081
31675
32609
21614
32526
31246
82027
31883
34852
25816
32006
26009
21050
65136
28754
49418
25591
34544
27868
36209
37106
33021
32370
27042
35726
36235
32336
26385
26570
39784
37034
26579
31339
24384
32285
26166
23024
33425
33869
33563
26864
91936
39915
22156
73555
32093
21076
18880
41194
22583294
 Average Time : 35286 Minimum Time : 18880 Maximum Time : 278224 microseconds 
 Client 7 Average Get/Set Latency = 0.035286 seconds 
 Throughput = 28.3399 opertions per second
