33955
30833
27176
27292
24662
27154
24968
30523
25430
26240
30881
27484
23099
32749
29875
30969
27850
28703
34457
27637
29017
24992
25287
31900
32077
35187
34123
33473
28608
33504
26166
31126
31071
28762
23705
31726
34758
30861
23830
42427
30625
24736
28076
28081
27405
28679
25333
29591
23510
31199
28066
25230
25358
26077
30158
31328
29188
25718
28079
29163
27294
31657
26194
37367
29579
27311
32098
30834
28719
28250
33748
27620
31325
29185
31831
29992
30481
30648
29817
27445
34226
29058
28481
27426
31130
24947
27952
31795
28312
34211
26094
28942
27940
31270
27560
25827
27273
27311
26880
25937
32262
28662
30910
25325
27589
24779
29017
33732
30232
30606
25240
28832
29677
28371
28931
31926
26256
35976
25357
35121
30737
31731
30921
33065
27535
25874
31199
25260
29619
32353
28102
32025
29644
27586
30290
30745
31343
30727
28235
33264
34830
34748
30700
26057
27586
28241
28205
30636
28052
32214
27206
28723
24599
31410
34659
31406
30485
28461
28690
29100
26599
30181
29764
30181
31055
32349
31413
28296
25905
79780
42443
45414
27409
37789
30583
29301
33261
25785
27510
27760
28059
31053
26605
28178
26942
26276
29998
30427
32423
29481
29804
26149
25661
23100
23882
26223
34875
47065
29869
27991
32088
29245
27895
31155
23802
33745
27402
28982
32622
32928
33522
31091
24872
38913
25318
29410
30298
30377
25137
27968
33579
31095
30700
25929
28605
33942
30977
23963
32964
28513
33347
26696
30541
24356
28064
27836
25585
25395
29372
31418
30429
30351
27796
30183
24431
24738
30472
32379
30861
31053
33315
30061
33593
33119
29220
29886
26707
28389
28140
26487
32341
27716
33624
30228
31922
24553
29620
28519
30844
26049
25375
25653
30125
26378
27103
26899
28214
27820
29474
35246
25954
29993
29124
31963
25916
28263
28808
28476
28051
25434
39908
29432
26730
27068
28177
30235
30670
27890
27601
31089
29782
33778
26430
32776
28464
27074
29449
31059
33219
23493
30263
34004
29011
25533
25217
25564
29020
29933
30810
29015
31667
25768
32202
26848
29408
27110
31065
28476
31282
22853
35641
27956
28047
30079
29430
21642
28584
25981
27488
28824
31253
28826
27710
34551
28316
25977
29781
31083
35526
26259
27421
26985
33632
33097
27959
34120
33016
28409
27538
28785
33520
32237
23910
31325
26714
33823
29322
30540
33901
34295
32000
33814
29352
28572
30112
28251
29578
26765
32719
26008
29011
29668
25613
31950
33674
30876
26459
29481
27257
27182
27857
26763
33203
31091
33455
28825
30336
29518
27879
28864
26325
33401
28954
30131
27568
29758
26839
28579
30380
28636
27886
28762
25070
32412
33476
30701
32029
27299
27385
28921
28166
26523
29441
28472
28864
28243
33368
31176
30185
34557
28724
26320
28066
24693
27892
29618
26864
32508
25542
30464
28431
26421
28855
31645
34455
29450
34135
32798
32106
31593
30679
32431
27365
24548
30822
26650
28446
27874
28257
25339
29669
33062
28823
26002
31083
28619
23508
27235
27472
23690
24237
27336
24014
26687
32784
31451
26498
25977
28539
28919
38369
31152
28513
27225
33220
27359
31438
32477
32254
27337
32454
29989
27863
29443
29128
32679
26016
33892
29753
27563
24037
27408
29801
28646
28003
31931
30247
28815
26758
27119
26729
27067
30626
29190
24565
30457
29611
31234
32675
31355
35471
30873
29151
22682
30491
33181
32681
30817
24311
31160
24037
29205
26821
30245
33944
26493
31519
33429
33390
29194
30177
50557
60640
53504
34787
29317
27069
28856
29512
30367
29118
26660
32408
31496
29655
27364
31233
27063
25772
31520
26019
26650
26919
27756
29036
29888
27345
28316
27456
27346
30806
24548
26656
25946
31137
26172
27944
31785
27320
30233
26867
28238
29672
29850
28245
27195
30169
27069
27001
24152
25700
33065
29736
31499
23778
28169
30708
27859
27202
36558
27756
30447
30725
29941
26241
32539
27752
31059
29939
28672
23215
23670
28370
27054
33466
31398
30313
31638
28414
25547
29432
32426
26921
30245
26237
29735
26210
42618
31839
35922
31185
24352
30906
35044
27554
26109
26170
30801
28992
28510
26298
31565
32027
24205
28364
32650
33971
29421
28403
29233
28586
33218
26909
24583
30476
26906
30302
25747
32458
28267
33962
27229
30706
26317
27688
33470
27117
27546
28729
26977
24345
25274
29790
28195
28289
34654
29114
29933
24825
29924
31061
28906
31265
35504
25788
29424
32736
33010
29800
26169
32573
31137
27179
34853
28654
29061
25893
32012
34311
24951
25594
26364
28251
34409
30158
25136
31572
26003
29634
31641
32581
30594
32198
34001
32286
28089
29422
26034
29797
30854
23516
25676
25256
31181
29689
29837
30927
32458
27695
29938
30001
28216
26169
31627
30925
29981
25572
26476
31365
30027
27488
27023
28227
26768
32423
30145
28675
31897
26570
28102
29572
33278
29627
31946
31941
27208
31735
30300
29875
29561
31714
30500
29988
26766
26873
29114
29903
26218
26681
29039
31647
30455
35065
28807
32007
34433
28683
35539
30921
27847
22955
28313
30818
28866
27694
22903
29584
34661
24846
24970
28752
30901
34234
28351
31264
32856
32249
30712
30518
25810
32667
33469
27119
27304
31063
26420
24220
27399
30280
29532
29607
26917
28922
32944
29603
32203
31738
31761
26705
27152
28647
30581
28990
26242
30294
27176
24497
30900
31615
29383
31245
30100
31218
29838
31974
27587
27923
32618
24657
28812
29533
26168
28410
33144
30106
31855
32144
27032
28100
24590
29042
28077
33065
32285
32851
28395
27938
26110
28487
30743
26437
32766
28431
29166
32619
29768
29333
26700
30381
27669
31132
30083
31928
28461
32172
33791
28573
31200
28355
26017
27787
28593
25867
21500
34713
27616
30503
26191
29353
27216
33059
28944
29980
25157
30004
28337
24268
29559
31064
26526
26790
31343
31148
28867
30863
25468
29702
29640
30460
26574
31310
28775
25283
27264
26582
30729
31096
29294
26127
30157
30771
23789
29449
27261
28214
27500
29789
27668
30375
30801
24594
34902
28259
36216
30146
31117
31065
33831
31607
27748
31237
31775
29226
26436
23166
28375
31539
31772
30986
28263
28920
32808
27955
28695
29989
29146
29267
33316
30074
31033
31469
24434
31519
28751
31577
27675
27690
27772
23923
31008
30424
27855
27601
26463
33518
30593
27170
30327
27030
30369
26475
24520
28520
29366
50050
34293
31137
26334
29175
27009
27514
32849
27552
31068
26864
31229
30091
28359
28402
31142
29609
30253
25960
27185
27333
34107
29279
24830
30060
25760
28414
27438
31535
31706
28942
28982
29883
32412
33747
30027
30513
33344
29917
30941
27681
32475
31694
29170
27404
27317
25501
29092
30988
32046
28978
28311
28049
26691
29882
29101
32040
30790
33824
32536
25297
29368
26608
28839
31468
29023
31335
31743
25993
27784
28373
28871
30412
33303
25751
31859
26929
28029
29536
34185
31181
28762
32723
29993
34007
36789
29437
30740
24487
31406
30097
30454
30092
27855
34707
33719
27339
32615
29205
31958
29413
32373
25776
30202
29363
31381
31378
31137
32563
29464
27933
32171
33453
27400
27052
31882
29772
33782
32923
29240
32283
36895
29247
35649
29351
28752
25185
28525
25344
30799
29502
30520
32317
31973
27356
26855
31980
31357
26476
25051
28348
25387
28387
31302
28784
28785
30550
29832
31348
29047
31184
30099
32879
29758
27931
25427
31343
33924
31423
26066
35817
29764
30232
27457
33178
30740
30144
29627
33268
27286
31229
35064
30837
30864
31133
25907
34195
28214
28508
26729
32297
25193
29675
29785
26399
23797
27777
31355
31024
29667
29696
33539
25949
24197
34134
30528
30945
31568
28775
26848
33216
29334
32465
34197
31525
32729
32828
33543
28862
24413
29518
27420
26273
27017
32017
28248
30968
28223
27901
25693
36512
26833
30008
34826
28232
25233
27725
29583
32601
32076
27078
31954
28673
24810
24742
28454
25580
32085
29649
28663
25825
27285
32563
26305
26478
29017
29980
31686
28016
25580
27066
29351
28542
27399
32610
36524
26935
25215
27542
34071
25827
29992
28286
29710
26367
23952
26927
30148
26697
30510
27118
29383
32014
34704
29845
32314
32975
33441
33058
29764
35337
30609
28096
26933
29266
29238
26896
25874
25652
34161
32312
32983
31883
33179
32523
24153
31869
32079
31942
28351
29772
31595
27084
30745
29142
25975
30008
30852
31293
30256
25426
28080
29296
26522
31702
26376
27945
32188
27920
29457
28648
26316
31163
27705
32794
30725
26980
30392
29727
34503
29320
28867
26464
26762
28797
32783
32011
30835
26981
29170
31607
27333
31605
30225
32824
25286
28603
29191
30007
27143
23189
31944
32060
34042
27025
27248
29626
30945
32080
34592
33940
29553
28354
30100
33410
29818
32304
33685
26618
26507
30800
29378
34910
30325
28308
30056
32080
34527
30658
27277
37563
29114
32894
33991
31175
28839
30801
26515
31330
23470
27204
25617
25427
30280
27778
28002
33464
31774
24941
32204
31898
24401
31594
28793
24712
27255
36335
30971
29051
33462
33156
34367
33289
26013
29841
25650
25713
30502
34352
31667
27736
28623
35821
29758
27041
25073
27525
31922
31278
34352
27149
29953
31736
28449
26777
29393
33937
30325
24853
34644
29558
27203
33793
30766
28860
30684
30572
31596
23858
31345
27345
30062
32434
34869
27067
31912
31135
27354
28843
27205
32803
25764
27233
30436
34508
30558
27719
31542
26319
36618
31369
26663
30881
34323
29902
27095
31585
28354
30908
27387
26358
28821
26615
33878
30442
34193
32955
34956
38617
29271
29163
30395
34524
29159
25722
32119
31606
35112
29077
31810
35222
28676
27625
28002
33080
32104
30940
27114
32338
32940
31382
29111
29608
28720
25811
29589
33630
30522
28175
26956
30240
30461
34422
27157
32889
31784
25718
29924
32208
32794
28339
31408
34437
34111
32888
29307
35004
28266
35535
30551
26486
31427
29552
33345
30218
33270
30190
24842
28352
29448
32721
25457
32307
27642
26406
30182
28021
31277
32854
25719
33000
30502
27695
30455
30788
32053
31844
29347
24936
32832
29161
32676
26363
28552
34698
32182
28395
36430
31550
29902
29305
35034
26092
27286
28279
30527
29269
31070
28375
28397
28789
29770
25915
28797
27051
31864
28983
29647
33072
29199
38920
30338
26064
32605
31588
29672
33578
29669
29262
26977
33178
26365
29788
33201
27850
27577
27649
31190
27675
25849
27630
29377
34002
29687
30457
32636
31671
29950
25861
30178
28438
30430
29052
34039
26412
31547
27974
26051
31830
28916
31901
26372
32542
26654
36360
30780
30229
28433
28011
25621
36312
28429
27204
31044
27802
28854
32498
25196
30690
28254
29829
29500
31425
33198
27310
30753
29786
28588
32559
28425
26872
26671
26475
27513
30751
27572
35480
26529
32947
29640
31625
30283
32035
28581
31830
30566
32527
31274
29430
29077
27636
26841
34781
26641
30039
27713
27778
25895
30955
28999
29587
28351
33427
36192
28793
26677
27862
26914
26726
30057
35022
30585
30982
33500
33424
29773
33610
32682
31947
31975
35346
31248
33601
29981
28209
32573
37591
30805
31104
28795
27336
29123
24395
32216
28319
29402
27460
32235
24846
34166
28997
26050
30709
32157
25290
28715
31863
28586
33863
24644
32397
27398
29306
27189
32532
24283
32237
30720
30976
33091
32686
31952
31087
30628
28625
34009
31815
32586
28201
32585
31820
32069
26157
28516
33081
31456
31039
30350
34180
33739
66025
35987
23547
28725
24910
37152
33642
31193
28880
27345
33382
26622
31464
26593
37488
26534
30135
26472
32523
32781
25997
29808
30013
32992
31450
30751
27769
29109
33751
35833
26563
26464
26050
28658
26559
33560
26463
26089
30758
29220
27952
29953
27435
28726
27556
27160
29498
28006
29501
31044
27262
27087
31815
27517
25806
29087
30811
32875
34819
31058
25331
28326
29916
30685
35623
33672
30093
26078
27478
32045
23042
33007
32391
32660
32411
29219
28183
31223
29272
28974
30518
28312
25712
50686
32142
40756
27986
40564
28913
27064
29404
29868
33694
34853
30008
31631
29740
27943
29111
30547
39425
30560
25047
32155
29590
29341
29702
35415
34429
27939
35935
27264
29974
30020
27403
24811
31022
37907
35957
28485
35843
33715
30914
29402
32863
37052
25670
30730
31339
32757
32663
32625
28077
32683
30490
32530
30636
29692
30456
29984
31298
32160
30000
31345
32511
33596
30517
31564
25919
32407
32833
27315
31519
34000
32802
31163
27628
30006
31632
33761
29366
32797
31819
32699
31386
26966
31136
32220
31962
28318
31757
27324
30167
29949
35892
30999
25179
33544
26160
26677
30731
31741
29177
26797
30925
29886
29394
30490
32890
32648
28718
31362
30350
33180
28009
36382
30053
31637
30715
30144
32102
34764
30590
31039
30281
26149
29192
30058
26560
25621
31349
31419
29215
32442
27091
25741
30364
24146
30765
30139
28341
31355
37567
28827
28233
25508
33611
35052
30591
32252
30833
30653
33048
32384
28921
33334
33369
34245
30803
32088
26903
29017
30837
29708
27086
25690
27391
36556
26834
30764
28142
33712
35210
27941
27969
33168
27976
30848
28265
30193
30437
27871
28435
27457
28344
31545
30999
33009
36643
32268
28989
34528
27641
26485
24782
31948
38695
26996
29277
32504
29913
29658
32132
30303
32066
25567
32053
29713
28975
26042
27464
29066
29925
30459
31785
28832
31679
35305
34289
36343
28631
27302
32151
31573
30265
32362
29947
32550
30174
26629
30097
29039
31760
29992
29836
28449
28220
35300
30603
29756
30825
30872
31586
29832
34974
31310
29310
29497
29053
28328
27949
35400
28891
32305
35094
28705
29756
33427
24234
30721
27747
28146
33259
32740
28599
38492
30873
33242
29925
26192
28494
32241
29252
25753
35823
33877
29515
32872
26058
35193
29377
28435
32554
27177
33087
29923
32336
31634
32873
27169
26898
33401
25180
30585
27402
30301
24634
27927
27862
27240
30368
27395
27486
34018
29317
31574
26402
26742
33731
31730
32591
32566
24207
36414
32842
29460
32158
32000
34898
41954
33680
31533
28977
31629
34641
31491
33159
33457
27516
33093
34483
32615
35274
30213
25943
28985
28880
29853
29320
29013
34137
29607
32379
30891
34825
33008
30464
27401
31280
32999
30251
28067
30151
29170
33967
27617
27646
24908
31008
29736
30883
30462
28028
31498
35125
33224
27530
32856
31657
29341
28278
31400
28532
34920
30052
26289
29142
39981
27207
31142
33998
35849
29471
26131
32239
33267
27095
26444
34267
34172
30006
28166
29624
32846
26976
30889
32880
32238
26292
32830
28135
33812
28043
32060
27419
31584
24642
41318
29443
34325
33643
31602
33243
34658
31790
27742
35951
26226
33836
32844
32392
33870
26122
31974
35585
28242
28020
33584
32547
30672
34962
31634
30465
30393
33472
33770
26846
35614
26966
29292
30467
62494
40293
32484
26138
34722
28544
33696
38071
26754
36841
31641
31532
27175
34340
37528
30897
26023
29892
35781
34888
31104
26533
35184
32378
29360
30448
30043
30172
27188
32029
28976
29226
27979
27937
28549
31755
31668
32389
27670
29866
32499
36122
35300
26693
28487
25729
26956
25902
30176
29380
34793
31432
28969
29625
33693
28958
28635
28872
36882
30093
24928
27134
31225
31414
33481
27707
33707
35743
30240
28107
34910
56870
31028
45004
35649
27447
37925
27441
27818
33202
33816
35111
29365
26179
26977
35178
30370
29536
28127
31963
30206
33282
32666
31855
30938
34919
31934
30135
33613
29041
27826
29294
28315
25025
32150
27496
30927
25824
29806
32896
27671
48274
27475
30275
27521
30763
30019
28106
30485
33929
29219
28781
32549
30088
30282
24120
33045
34582
26991
24073
34043
27975
26812
25299
36519
26116
35790
27374
28763
30378
26575
28392
34404
28176
34593
31133
29326
37016
31034
31733
41022
30147
28269
31743
28995
32027
25146
24698
32120
34059
26547
28193
23821
48318
33641
26394
26650
33602
31737
31433
28883
31735
33713
29760
24289
35464
32716
34784
27131
29887
35466
31579
33504
27335
31250
34793
27254
31978
27738
31628
29927
34421
33471
31170
34405
31719
29154
29829
27949
26340
30333
30496
34442
34886
33838
27494
22983
32809
30589
30732
31876
31833
35777
29965
32033
27917
33249
28620
29067
30402
38012
36968
32723
30640
27385
29297
26354
32411
46383
33641
33211
31562
27187
26781
32140
37402
25395
33756
33853
29141
28464
27455
30130
31271
29481
31628
28650
27330
33051
26267
32364
26812
35473
30621
34214
29737
28730
26273
32330
33707
33633
26171
28468
29722
30990
24915
25454
24513
32715
32558
33338
26363
34258
27290
31953
27545
34824
31832
24693
29869
32736
32813
32316
25770
35571
25127
34780
31316
26613
30573
33333
30741
32669
30818
27749
28132
33021
32970
26591
35841
30179
34039
30538
44382
30913
29931
28784
29967
28175
30848
32234
30650
29952
28856
27992
32268
32959
30267
29430
31151
32656
34391
25441
31712
26269
29457
27277
26074
25658
32233
31346
30032
34369
31848
34916
36433
32754
27081
36699
32830
34270
33361
35265
26946
29800
36324
27099
31072
25979
28427
35521
36449
33163
29504
33775
27331
27444
28997
31510
31261
28853
27878
29828
29426
30758
31833
28943
31072
30814
34123
34105
40473
37458
28193
27944
31827
27914
32218
32504
27445
32856
26263
28392
26526
31497
29322
33543
31670
27039
35640
29955
32082
35539
33482
31966
27528
30802
28008
33860
31038
32086
27859
31010
31911
29388
36198
25816
28796
27785
36552
25792
30655
30258
26521
31740
29900
21865
32690
33563
28581
26354
29544
33201
30386
27758
34937
30915
32582
29767
32666
31314
29457
31973
26598
35299
32981
33133
33340
32630
32807
31736
30313
37957
30255
25612
30817
35896
25424
29291
30179
32666
34371
35389
33524
33413
31348
31920
25607
36538
35721
25147
28511
30053
29973
25907
25795
28683
32334
26281
30360
29749
27128
27046
27484
33277
30848
32845
30972
34277
37148
33163
32806
34935
30565
25840
28458
32988
33611
33020
32256
29663
31383
28841
28344
33365
28736
30576
33500
37020
32659
26375
28360
34489
34107
29514
31144
31414
29382
29125
31451
42767
29042
29551
27681
30991
26510
31976
32750
34315
28075
25522
28754
27150
34972
31982
30778
33119
30491
33350
27861
27501
31506
35338
35844
35328
30789
25791
29814
33373
26397
32512
32490
28846
27078
28172
28204
31652
34165
31145
29388
27018
41744
27573
34661
32492
33549
31383
28106
27846
32745
32728
26747
31307
28844
33563
32160
34015
33888
38673
27214
28600
28144
30860
31649
25856
29273
30979
35956
30673
31890
31402
29490
29009
33555
28845
31329
28521
33160
28214
31086
27497
38914
33223
27114
30424
35635
27951
31559
30189
32536
25666
30264
32042
32109
29232
28623
29416
37202
27539
30499
29563
28101
28719
29289
31894
27548
29124
24925
28708
36511
27338
30807
31859
29031
27404
32257
32121
29516
36811
26488
26949
29248
38417
37406
29131
26295
38663
31839
33153
27661
28077
31923
32822
26252
39337
32834
31454
25902
29066
26777
23170
31558
26352
27232
27049
28086
27925
28859
28819
30651
28717
21868
31266
34184
36695
30154
31532
27504
27702
30358
33147
35075
32488
31674
31656
34574
26604
33844
30239
31114
31078
30923
28752
33292
31634
35399
28374
26906
34226
27314
28049
31160
30863
33591
30837
36194
28922
28009
31433
27692
27703
34447
28911
29446
33381
26941
29597
31006
30687
35567
27376
25922
37099
26264
27169
24277
33759
36471
35750
32811
36397
29379
33826
25055
23778
27560
38398
30817
25816
36931
35106
26829
32506
26062
27686
30445
29788
24147
33593
35915
31296
30393
35297
29439
49234
32778
30203
30185
29241
34314
27070
36151
33209
31998
30711
32873
27854
37183
31960
36147
29738
31849
26794
28660
31382
33140
27345
30709
30639
30612
31179
28474
36781
31756
33387
33120
34832
32550
33179
33172
29672
36984
27120
25202
32336
36658
27847
32913
25916
33800
33749
36076
35679
32403
28366
29631
28386
40652
36948
35165
31339
32272
29065
26397
29015
33929
33259
28400
31504
30559
30088
36755
33502
31901
25441
27460
33406
35005
26211
31785
29106
33553
30181
35170
27196
27168
31090
32703
37558
28386
31849
33018
31489
31426
31578
28874
32465
33809
37828
31439
27452
29614
29749
33654
29267
38258
31682
28914
25019
31438
33673
29235
26675
33148
29281
26756
26943
32551
31751
27388
27305
40336
34797
30735
31817
32541
29829
35450
32137
32283
25399
36863
33090
44555
28521
32136
33476
29448
25312
30948
30326
32571
33871
32357
32105
33579
31021
31793
41066
36193
27931
34746
29747
28925
32970
33495
28862
29358
34512
25045
34557
34681
35111
33901
27220
28707
28567
32805
30602
25992
32175
31326
36255
30536
24741
25954
35548
25252
26822
29695
34011
27603
24463
34659
30267
30614
27039
27717
36291
30402
31717
25144
24767
36767
31150
37275
28141
32468
32102
27784
36728
31973
25989
26213
33165
32903
29063
33246
30776
30970
28208
32327
32305
27518
33640
31145
32084
31062
30844
30494
30871
28990
34687
25880
25233
32718
27425
35614
33862
26328
28916
26308
26636
33356
37149
34481
34163
32137
35344
31017
29781
31163
27051
34853
34707
31535
34436
29788
30021
35712
31541
34939
26134
27788
36079
31208
27198
37424
28780
30240
33267
33877
35282
32765
33115
30650
26342
33128
26333
31155
31376
26452
27583
36255
27214
25629
28268
30789
35865
32930
33333
38926
26684
32452
35680
27680
28108
29881
29825
36583
28646
28969
27425
32056
27869
32643
26701
24606
29289
32427
34665
31924
33488
26487
49558
33327
30488
34892
28305
38185
32447
35642
31092
27277
28128
25843
31299
28181
26593
30910
30823
31129
33110
30754
27306
27661
30897
30328
30334
27005
34223
33407
34753
36637
29978
32127
30252
31724
40154
32585
31526
31737
33301
33814
33721
37010
27908
26087
28046
31330
32953
35009
27364
29030
25303
28505
31568
32329
29115
31563
32150
37166
36965
27467
28932
34627
36636
35179
33660
34872
28762
27016
34091
28726
31608
32250
39709
29438
26506
27879
35309
26847
33160
28703
33126
27968
33634
34577
35239
31848
33153
27472
34535
33360
30838
29218
34787
26879
28071
31889
35156
29046
27271
32703
31969
34721
35086
32415
27498
28566
29560
26441
36680
26973
32500
33251
35068
31554
33963
30907
26542
34071
29743
42408
40611
36891
29888
30873
27843
29757
27287
35345
31678
33657
35445
28146
27714
31805
29806
28710
30196
31060
25138
27673
30934
34419
28376
29837
32283
35294
32996
32477
36453
31146
32486
27228
28993
25615
31258
34576
37480
29503
36062
25886
35859
28983
29177
33680
36654
34487
31250
25689
29343
32691
24467
37756
36654
34574
35350
30670
26519
28148
26713
35191
28918
32204
25755
35138
33632
32115
32114
39746
27814
26715
32431
33462
31780
32349
27484
32998
34127
36745
33380
31442
34353
28320
32741
34346
26933
33265
31456
30390
28628
31898
29955
33661
36181
34418
34514
30816
27228
27186
34569
31603
29060
36945
26685
33736
26683
29362
32581
32821
36344
32382
36900
34896
27583
30768
34177
32576
27429
35600
38105
27741
33938
32581
34188
30547
33268
35964
36127
29021
31115
33849
34368
37389
31667
38776
29962
36315
36117
26814
31009
34101
28966
30797
35850
28904
36261
26221
28204
34560
27278
36003
26532
31822
31094
32981
32334
36116
28736
28472
28131
27959
31790
35848
34497
30212
28176
32269
34963
27460
29045
35517
28926
32743
25026
31196
31022
24755
30616
31105
26334
31633
32371
34408
35865
27949
27654
38824
34090
30980
27295
35313
31022
32323
26102
38354
35765
27512
32261
36151
32512
36566
39205
29419
28204
32127
35859
28068
24662
36515
32591
27673
38113
31193
26351
31041
25212
32128
26587
34214
32675
31913
33144
31355
34819
35762
39953
28593
35374
32560
28193
27752
28515
33653
33614
25912
33607
29097
32585
36055
34350
26669
28576
35497
34869
28160
34755
34113
26882
32031
29706
35151
27184
31828
29524
31758
35247
37109
33402
34998
34851
32776
29809
34050
35824
30569
34833
27906
32013
32003
27722
43821
24953
30522
35709
36847
29982
29703
26170
30707
32156
37099
25583
38931
36942
32125
33580
28484
33188
34810
31971
27637
33839
34372
36660
29777
36983
27336
32478
34853
33543
35976
31140
35007
40676
27930
33892
36968
33916
31331
25554
35663
27874
26010
28611
28234
33694
29317
35085
29456
27720
29217
30443
28822
26845
31233
28065
34637
28806
33133
27199
33880
28894
28238
31500
33554
29860
34244
35220
36163
30327
33460
28093
37660
34327
28742
31163
39413
31261
35456
31823
32535
35709
25698
33600
33307
25990
30015
33368
31275
36034
35385
28130
28320
37460
33369
38525
31326
26447
38544
32244
29408
27820
26320
36349
32177
38815
32667
31244
31583
33738
30091
32637
36001
36521
32521
38357
35153
30655
34670
37407
33506
32465
27929
34835
28360
25399
37852
37140
36165
31986
25991
34155
31392
33757
27767
26654
34040
27367
30313
24918
33080
33691
34445
33465
33916
36750
36385
31610
26447
34298
28260
37387
27548
29397
28644
31904
32864
27656
27480
33709
27471
28237
27448
28671
33500
30252
32101
28776
26536
26990
30541
26281
33879
24484
29382
30050
33700
34245
35085
28725
29769
34288
37045
34855
26172
32488
28883
31464
32329
34298
41483
28547
28369
39380
34519
28087
28545
34797
33223
31378
28814
28108
32958
28815
31867
27052
36685
27771
36514
33134
37262
34405
25843
36310
27911
26115
29207
33488
28094
26078
36009
32125
35578
35333
25528
25749
29099
28934
35326
28046
27677
31095
41372
34686
31017
28377
29146
24616
35564
34366
27143
27143
35040
30802
24368
35140
31423
30763
35589
34573
33056
35032
31274
29896
34180
32587
31706
30271
37243
29169
32260
30086
28256
36624
33695
30080
48052
31617
63347
28498
37186
30579
36213
29534
29317
27391
28390
33462
29650
29918
38082
32613
34176
34162
28480
27410
25963
27022
27470
36567
39328
28762
31881
26445
32914
25885
36208
30863
31315
39869
31765
36331
28389
27554
38725
34916
29698
36827
35297
25322
26223
38099
30084
36003
32093
37662
29668
27063
29869
33541
29775
26999
27003
35037
31117
34770
39391
28155
35173
36947
35113
34232
36069
32043
28611
36508
39457
37770
33268
32884
31139
28189
29081
32162
32918
28572
23897
32050
31125
25824
30249
34568
35148
35168
32746
35586
38942
34639
27561
34171
29310
31891
30661
25438
31962
37268
26377
34250
31244
31233
28010
26427
33800
27856
36307
34199
25336
30924
37747
34664
36363
37121
31397
33832
29566
27067
30916
29054
32994
35049
29915
30940
30226
34749
28829
38249
35477
29041
34658
34304
34759
34849
32544
35233
29349
31234
26519
27081
29861
29053
31195
36802
37212
27877
35232
32231
36458
28703
30032
36762
38049
32454
36267
35676
28833
34108
34416
32812
32903
29645
32700
30855
30797
30716
32748
29636
36441
34160
28165
34882
27374
28570
32689
28974
32103
29776
39609
36108
36222
31977
36001
30484
33710
34073
33717
27999
33060
29911
32542
32293
33001
26753
38763
34767
27585
27469
27655
31159
30938
33373
28771
30902
35414
29639
29652
33527
34259
35928
29531
28034
31447
35939
36718
29067
26626
36916
30122
32550
30642
38235
29132
38752
33099
30152
35429
25864
28343
37069
27863
35639
25694
28801
33976
28669
25841
38547
28969
38707
31066
32695
28097
32910
26890
30626
34286
35372
26679
29910
32566
29876
27907
34521
37363
35691
33721
33233
29411
32306
28198
33846
29452
28888
28903
29244
30939
34737
28314
39572
36391
32539
33971
36119
32116
28032
34091
26247
33592
27982
31023
34384
36264
29330
26145
31359
31879
26154
33452
36603
32870
36698
31883
36705
33786
27016
29327
36012
27538
31892
31536
25406
35716
28931
28416
25521
36832
29277
26854
25671
32996
37395
38600
36455
28535
34673
29275
32148
36002
34506
35781
29319
28410
37509
31817
24457
32730
34674
30535
33839
26166
34145
32264
27866
37598
34416
35762
35510
36484
28599
30120
36629
33623
35709
23848
36393
34847
33815
36457
34426
43017
36659
33897
38952
34199
25313
32974
36261
33400
32617
32456
31704
29163
31770
29931
36978
28131
35841
28566
40400
25873
38291
37856
28330
30379
30778
35178
31176
35320
28534
37032
25984
31901
27002
30288
27967
32398
31807
34281
35673
38585
27562
32303
36098
36385
30904
30204
27514
29096
27428
38200
28944
34782
32819
33397
38249
30962
35013
29587
26126
29396
34006
32446
35566
26991
33345
35189
30921
27655
30439
34698
26655
36396
35445
28629
36658
27877
36501
37325
39137
28384
39694
35188
27178
27976
36306
28450
32914
38805
33345
27038
29350
38134
39413
36049
29113
39409
37754
35239
30113
26763
34680
29445
31477
25690
35500
32889
34618
26968
35634
32753
37525
36134
29578
30852
31355
33795
33762
35613
33356
29313
37124
36143
28171
34085
35760
38794
27901
35492
28585
31446
36817
33028
30131
29156
34075
28305
30498
29278
29842
27347
33445
30559
34053
33041
31965
35853
26794
25050
29532
35410
34407
26234
28133
27728
34146
32769
25721
34550
30138
37259
29056
29060
32584
33415
34245
28175
35146
23756
40005
35844
26313
37601
35642
34299
29213
26556
34694
34515
29238
26725
39517
34952
30974
37272
30184
28487
34136
29532
36651
35927
28871
29412
31477
23085
33613
31936
35978
35001
32127
27101
36611
31203
31295
31239
35927
32563
35218
28037
36620
36678
27214
29441
25561
37741
31479
31671
27643
32535
27629
32599
30579
32901
27860
30106
35683
35462
26995
33839
30791
33896
37454
29120
38070
32549
32666
34548
28547
31583
27655
35352
30334
34371
34234
29145
32273
40406
30855
31519
28883
42367
38448
28344
37968
30794
39597
26776
34631
29762
34879
35347
34213
35996
27163
25626
28606
28749
28009
35221
28044
27353
34882
28634
28514
27089
34939
27473
35031
26482
35184
29447
36307
34665
36451
28504
33654
28110
37374
35921
32801
28372
31253
37648
27936
39186
31182
31142
28147
28588
31879
28029
32839
41090
26256
25186
36087
32670
37595
36836
29023
30510
31301
33800
35460
28374
27548
31376
34602
36264
32326
33684
38071
32537
28962
31338
32913
26722
34902
30393
34692
28687
27072
34274
35079
33272
26537
32165
28918
29953
36520
34986
37258
34845
29610
31887
34310
31812
36784
32878
33525
33711
28433
31063
29625
32168
29445
36224
27094
35045
29504
30734
26106
35004
25524
35668
34820
31362
29966
36592
33654
28968
38346
31172
30622
27700
35876
37118
27297
25690
29507
41508
33105
28867
32100
33693
34490
29444
37550
35832
27531
29054
37372
27320
28678
31174
27602
36821
32702
33495
39535
34562
25148
32349
37514
28540
33192
37777
30067
38026
33747
28405
36709
34764
27756
40849
28551
35212
30439
35426
30460
29973
35220
33940
33357
34679
37005
29021
32870
29295
42143
27067
30848
35322
36162
26755
34736
32167
34036
29459
25573
32563
36162
33162
26852
29181
34788
30132
27561
37406
37700
34892
33483
38314
34695
27327
37705
30129
35248
36369
23990
28801
36884
26949
29430
33333
32063
31697
37177
35573
35529
28409
33203
29800
31893
34839
31610
36677
30100
36957
28029
32172
28781
36697
29574
37697
33608
30114
36051
30033
26436
37025
28889
43249
25563
33066
34409
42608
29831
35656
28154
30052
33264
31720
34093
34565
34099
41207
26313
28971
31325
29830
27985
32315
31883
37973
33373
35025
40287
31255
30305
28152
39560
29535
31115
28860
32346
36406
37014
27158
35349
36140
33029
28244
38288
29276
38405
38754
36632
34481
33594
36676
38215
29693
39375
33281
29026
37939
26511
34565
32584
32422
34806
28743
29645
31432
29940
33300
28390
28083
30847
30007
37756
33298
36872
33003
29723
40932
35698
35233
31747
28226
32021
31557
36510
35580
37073
29565
30144
27195
29458
34632
40540
30438
33694
34834
40103
34687
35744
34708
36162
28207
26698
28023
28985
34564
38667
38593
36263
32701
25308
29455
29347
25686
34290
39397
26180
31060
32529
30374
35815
35165
35554
31380
29630
33033
30731
32104
34168
28365
26044
34054
37505
31219
34704
30722
37134
28263
40960
36906
33062
28360
30727
33821
36176
36791
34416
29878
35477
40001
35409
31411
29202
33512
31182
37622
28958
35847
33952
29002
35493
38481
26500
30371
40069
28500
28004
27703
49827
70497
35598
39894
23977
39591
31046
35205
34822
27610
36456
35125
33013
35259
36315
28125
31407
30916
25955
28037
37081
28184
35932
32517
34145
34824
30725
35703
30995
32939
26788
25692
28260
37800
36638
29735
35354
32318
27360
36525
26485
31514
35124
35377
27459
29344
34202
38645
30677
26585
28297
27115
29083
29478
37479
27916
34631
33571
34779
35397
30155
30622
28744
34721
37301
39023
36004
37105
33051
27182
35929
31001
30849
30155
26475
27031
39535
28785
32918
33333
29151
34717
32218
34723
32810
27974
27126
27308
37560
25720
28922
31464
33855
27853
26492
34169
28625
30706
27244
35372
34307
33389
35061
36850
27635
29558
39974
36892
28388
34844
34467
39401
29861
27377
37079
32935
35524
28625
26411
42189
36252
34683
37305
26514
30567
31153
41175
29770
30067
31842
34880
26379
29835
29890
26784
28362
32651
31951
28074
27457
28665
32749
26038
35740
36406
36958
38104
35345
28211
27020
35965
34103
36597
28583
35001
36078
31642
35223
37754
33087
37560
43384
32253
37005
43554
29781
34867
34038
38521
32265
43542
39577
35302
29908
23557
35928
29193
27096
29366
29314
37006
37157
35373
31423
35750
33410
41192
34777
28776
29189
29106
29331
29963
25354
27888
28628
35035
36015
33345
24398
29090
40152
28495
30944
33659
29703
36965
28259
28759
25956
38085
31818
34043
25826
32749
28583
30998
28245
36086
36131
36031
30284
29724
25751
27103
26886
33324
30585
34573
26398
27899
35597
29656
32257
28872
29232
36300
36814
36577
39511
32633
30987
31014
32305
33623
39524
36808
30081
30936
31512
36880
35553
36683
36338
30418
36960
34310
30447
30416
33770
27590
28857
33870
31366
26471
30115
28982
50279
28305
28919
29143
28517
28183
36704
27878
34299
35341
39607
28159
46444
29729
28595
30233
28360
37429
31645
36510
36620
34042
26571
35245
35872
30290
38359
30757
39103
37467
36933
30186
38099
28329
34554
30686
44089
38455
37088
25852
39819
29851
28395
38042
34537
27650
35987
31584
35566
34762
32506
30899
37855
35464
27705
33984
27243
29832
35705
32064
29346
28651
27828
38179
27682
32112
37128
33734
35313
31018
37748
36049
36115
32846
28335
37390
29047
28700
28883
31039
28387
33678
35755
34708
33968
39813
31105
41266
35127
31688
37583
33843
28155
35395
26897
36912
29683
35109
28280
31356
31419
37326
31563
27619
34604
39202
31157
36877
37441
46182
29452
37877
29066
27011
37454
33312
32312
33424
29668
28586
29870
32227
38755
29862
36275
38708
36530
31830
25941
38644
36909
35991
29610
35139
35498
27767
39828
31967
38905
26849
38312
36131
29872
27706
28726
29346
29255
35290
31959
33201
26847
24165
34656
37660
38884
34769
34309
33175
31602
36461
31710
30520
36435
27992
36794
28608
29886
36742
31587
28218
36598
29496
32663
36897
27165
35346
26833
36273
31123
39366
28563
35717
29515
35221
27154
33720
37979
31335
36873
31720
35133
36022
33279
33307
32497
36936
33960
31773
37274
35734
29460
38091
39730
39144
38551
37858
37664
29324
41743
35068
28768
31609
30180
36386
33086
28568
28967
34481
35345
29786
35144
38785
28633
41670
27275
26547
32020
34180
38126
25822
29053
31343
35556
32396
29895
32123
27593
33211
28336
39395
35416
27131
29143
39352
32682
35008
28564
36071
25029
29306
38937
29066
28360
34294
37720
39955
32707
36243
36405
25812
38515
31546
28714
30032
35717
45709
31425
31989
33354
34356
34319
31313
31444
32336
29502
36398
34527
33717
37380
30226
27569
38707
30466
28493
28144
27618
35354
34120
27433
29412
38360
35130
29154
36442
38449
29503
28870
32727
37222
28969
36307
38606
36088
37178
38191
35386
36227
35459
29305
34460
29134
38449
29357
37953
30982
26724
34095
27164
37737
30964
34922
28877
33943
27578
38479
30275
26163
37836
34106
33073
33395
26580
31245
33160
36667
35624
28020
35126
32980
31501
35475
35447
33756
30946
37995
31436
30761
27228
33878
35453
36607
36420
39404
28750
31289
41749
35687
29328
34735
36218
37447
32405
36126
33496
31578
32401
38520
36985
39463
28304
30245
58013
36117
29257
38492
34041
51609
31867
32163
33703
39596
30445
25997
37171
35324
27549
38141
32988
35786
34691
33586
28704
29059
33433
32233
38954
31956
30074
29017
38750
26656
31367
36984
32730
27673
30583
27350
30903
26975
36214
36362
28055
36530
35436
29057
31059
36040
38038
31755
34218
38521
37130
32076
35341
28178
38017
28114
30161
25198
39449
37268
27473
27205
36278
31513
26966
34445
40023
35255
34350
33771
35335
35725
37113
40153
34657
26597
31402
33779
29987
36434
28054
31326
28849
26147
31497
33700
25662
36047
28774
36130
27943
25814
29477
38542
36618
28438
38728
35851
37109
27887
33649
35588
32763
26294
28379
30760
30000
29552
36128
38853
30184
31683
43050
30374
28571
26376
39279
28564
29330
30448
38147
26901
34634
32191
40622
29496
31233
42175
34201
28232
37240
28740
27852
28029
36701
33146
26646
35060
31648
38500
38734
36262
27574
35760
34171
33920
43767
37888
36911
31116
28652
30031
34110
38555
30576
28910
26510
29296
30785
27386
27804
36092
36662
32514
34265
40651
31497
36588
26697
25368
28434
27747
27028
26355
28329
29487
30585
29607
31875
32420
37709
40475
36763
32722
30057
30569
29615
30335
27853
29361
26124
27971
33392
26944
34274
32007
34121
31744
30274
38603
28314
29319
33749
32977
36257
32872
38353
29292
39193
36358
26941
36308
40252
36362
34854
27954
35977
31451
39724
39527
30280
40148
34484
35897
27661
33941
36342
31063
41126
37686
36807
36962
39510
29388
36971
37092
37278
34115
42108
33949
37957
34802
30053
37794
28560
39246
31943
35472
39437
37289
37855
37431
30163
27661
31578
40031
32147
27882
33563
29742
28140
33701
37626
29281
35631
29901
36026
34777
36795
29663
32566
36976
27289
34728
39128
37043
37625
30690
29083
34865
37738
32344
28441
31137
35962
34137
36904
30832
40268
28820
37249
28326
36811
37829
36618
35069
28298
31087
35216
27439
37464
35187
31758
36401
33857
27550
28272
39890
37373
29196
34534
38200
31460
31698
32174
37305
27090
28175
43788
28566
28142
29121
40318
37807
38386
27412
28374
32512
30355
27602
40833
35686
33668
37317
30765
28158
39178
34709
35083
30024
29924
31146
36275
27737
33474
28521
31093
27696
32495
30499
26196
27820
36864
29598
39383
34937
38153
34309
34257
35332
36457
28024
37180
36514
29605
36143
31304
36193
41056
30534
29956
29764
29541
30062
28957
27787
30771
26359
26071
24298
37673
30836
36068
30947
29104
30581
28287
33706
33594
29215
28598
27454
40758
31885
32898
35062
38445
37710
35278
36779
31728
30414
29274
39398
42272
44742
30729
34280
37263
37893
32590
28158
40676
39203
28692
28151
27511
28679
34208
29227
36579
46425
34198
35806
38702
35990
27739
29400
32386
29267
25386
25919
36151
35954
33000
35460
38759
39064
27752
36586
27971
37133
35140
36994
28644
35578
27436
32500
37436
39232
29266
28078
35777
39256
30899
28431
34140
38606
28997
28563
32937
32613
29691
29461
29798
30613
23508
27104
24320
38960
39035
40077
27481
37640
44929
36889
27661
35984
38388
37235
35579
39060
39503
38463
32594
34758
37153
37147
28876
36478
30295
28351
30237
28146
27676
35906
29441
39500
34477
37720
29034
38956
34764
44068
29868
33605
29942
27851
38647
30336
26413
28196
27650
34218
35205
38173
35873
37047
40271
36183
30931
39005
39658
35715
27110
29465
33534
28970
38534
37369
35925
34742
39731
35005
29837
31051
43077
36888
28309
35317
28891
28520
29700
37314
28498
30656
39254
30283
34796
29203
37984
38836
26671
28226
38855
32829
30117
28458
27758
36925
28272
29954
75443
28891
46548
71906
39106
34919
37742
29164
36739
41373
38353
36410
33126
28507
40554
29509
34151
32274
39192
36539
29406
38032
31068
40771
32808
37514
37150
29655
39340
33100
37243
35114
33014
27719
36469
32556
27560
30898
38350
38777
36155
29708
32163
34840
37554
31123
40337
36298
34784
29076
31033
28264
38211
35907
33008
27058
30026
34202
36434
35718
43930
38707
36692
41794
36994
36188
30184
31825
34409
39010
30612
37534
35262
27090
41107
47280
34117
32322
36192
37870
36619
31148
37726
34663
35582
30692
36627
29291
41402
27728
35429
30721
35282
28644
39966
35447
32843
26197
29575
32253
37484
28423
39161
34400
30187
35661
29605
31998
29836
38386
32095
32141
28654
34991
29155
31353
37150
29213
29148
37608
27553
38364
34288
35724
30844
28298
39019
32814
37239
39960
39920
27329
36653
31530
36223
29734
40212
30780
29023
39583
36300
34695
35906
33501
30773
36412
32320
34198
32072
32961
31735
30551
40492
39214
36937
34917
28310
36760
35267
31042
30030
31106
35057
42833
37002
41398
30571
29915
26620
27835
37499
37996
36777
39957
31775
36249
31063
32338
29167
37648
29274
29685
26443
30036
31939
40511
34034
31648
27678
29843
31435
30453
30755
28727
39758
32469
27835
36861
27337
37437
36803
37784
27636
37037
31720
27392
42200
38110
29552
28566
36895
28029
39416
30819
29347
36931
38086
28496
29578
29616
37245
37855
31216
36375
37606
40393
37280
30944
30139
37931
40216
29117
27483
28354
32476
28553
30947
29544
28276
36760
29595
26893
33040
32195
31913
34253
28731
30254
33745
28555
29890
38362
38009
35974
38385
37496
30318
31360
28630
29217
42084
29683
31919
30127
40994
38690
36021
38191
42038
40454
27648
33437
33745
31110
29050
41447
36112
27055
35913
37882
41003
30683
40447
40569
28765
28197
32867
40469
37746
44983
30187
31688
27830
40024
35102
30639
35746
38971
28659
40813
36227
39601
30101
30915
37377
50110
30017
39542
28765
28778
39003
34686
30937
30797
39992
29883
37298
34521
33521
37302
30130
39020
36918
36189
40226
36091
36225
35961
38447
30269
35068
27368
35119
27541
38616
29394
37675
32558
29653
28373
37120
32270
39973
38207
31546
34370
41548
31477
29782
30600
26282
34149
39752
36520
37981
40733
34127
36757
35524
37722
36080
43372
35096
30118
40626
28830
41730
30017
40148
29237
38134
29756
30964
31042
39309
41008
28946
36686
36341
30281
39722
36327
27774
30361
38403
30275
39506
30788
36193
32614
37191
28474
36560
39378
39326
34578
28027
36199
28785
32268
36903
31403
28360
27616
29393
42382
30768
38365
31032
29954
36212
39120
41252
32551
36038
37181
26976
29843
34798
39461
32428
29389
38140
39640
53410
49057
44673
30248
45325
29192
39047
30502
30443
37595
39388
39426
37932
30610
31714
51985
33204
38664
28952
33475
29540
37069
33176
38128
33012
27655
40996
32762
39530
38451
35794
29802
37479
31754
36334
35741
36982
28164
38865
28864
34362
34447
36318
38717
31874
36275
31745
36822
36679
29660
1000
951
34283
976
1037
1040
34509
938
28970
828
29753
30927
33922
1038
811
31335
29522
703
755
34197
1050
34943
1011
1082
1014
868
34034
28308
897
877
28072
750
27350
30841
984
30096
29146
887
29749
948
948
983
29929
27393
26247
31367
860
29198
743
32167
722
763
777
708
28222
871
31516
30427
31902
865
29470
1059
33293
974
1033
1032
826
29120
730
740
808
27310
32646
1005
33803
28667
29375
993
961
26421
32644
486
736
30710
948
903
34096
1006
27614
1033
30532
1108
933
31784
1033
29424
1013
31175
29779
1026
33730
838
775
28457
28642
940
28690
30046
1010
35298
800
904
31628
28880
29782
918
29800
992
939
1046
31281
28661
27685
967
29269
815
950
969
953
889
665
730
34084
30193
967
28662
915
27280
31518
1075
31449
31972
29007
31372
29316
30370
1011
937
740
33187
31199
28646
921
965
897
32494
27114
822
30201
31173
907
29652
30274
888
34048
1059
1048
1006
956
28774
33314
30298
31662
806
33414
935
29983
33190
662
786
32632
998
956
967
34793
33682
1071
29136
36154
28776
31922
947
29193
32099
32193
971
983
860
32032
929
1015
896
29102
1012
33288
1035
991
29580
30042
1048
28498
29753
659
1051
33297
26928
29291
1127
1054
29443
32063
825
770
910
1016
30928
27289
33941
989
29537
26367
1015
29709
754
30211
34117
1032
27951
810
1053
29426
1017
34277
32048
29885
909
1027
27412
1002
31696
31265
29791
29437
994
800
783
1000
983
894
802
1009
34359
1078
941
925
779
30867
965
32390
1103
26594
1037
1011
1038
1008
29770
1041
976
992
765
1041
976
32139
29783
999
29015
30580
992
29685
1059
29272
985
939
28304
1027
1388
30326
32983
31214
981
573
27936
1471
29498
30212
34857
27525
28914
33185
1021
958
978
30695
28003
1037
30623
28501
859
876
28742
32080
960
1048
33936
27761
28180
957
32432
30396
1019
29051
32583
897
1011
32032
30541
810
28498
30128
34150
31984
992
30583
28945
841
29135
961
28838
28915
717
29168
27216
1016
33208
804
32981
796
32899
32311
29315
30358
29665
1094
28169
33789
1039
766
958
745
31435
32002
801
851
28615
1065
974
32824
934
699
802
29237
28567
785
777
866
749
31744
28880
27767
971
29721
1005
980
1049
891
33537
600
1143
32634
27726
27527
1009
886
27246
31957
887
30900
1044
1034
30304
884
32169
31978
1040
953
29908
1041
30188
690
30128
27783
790
31394
32360
27566
967
629
1101
30721
1049
796
28214
28579
998
30093
30075
32523
1094
957
992
1076
29876
934
28048
769
28312
1028
1115
1012
27868
26938
838
992
829
27790
32061
31126
1084
28415
1070
875
30117
1035
34893
28693
1004
993
28692
1075
1076
1010
34276
26635
995
466
707
702
32439
33660
30528
28907
1062
29352
1089
27889
912
30682
30652
856
1019
31741
36267
1023
995
31862
996
1430
1056
1058
32272
28583
28231
927
943
824
877
30605
1007
31834
32896
28085
1028
35015
31522
27019
792
853
31880
29835
775
25710
25899
708
26193
33765
34193
978
1088
27140
30518
30478
819
802
34643
796
744
32636
31574
904
27999
1039
911
1068
28959
1043
1011
33460
611
26199
31325
33281
874
30110
27277
829
29980
983
814
32182
33526
29765
1033
1011
966
982
1039
992
30598
39821
1003
719
31038
802
692
925
29401
843
32824
32849
29552
976
952
29658
33246
32328
1113
27479
1040
30042
33916
1100
1079
30430
1085
1023
27236
29148
33111
1084
955
30340
27197
33937
31195
1023
1092
34588
1077
28978
1074
31829
1014
1009
1041
881
955
1414
34085
996
31647
29970
29056
1033
1007
34618
32842
1122
29968
31905
997
1058
35565
1060
31618
1065
889
866
29291
1088
1045
32800
28551
34545
28622
1118
1070
30793
1076
1017
991
954
1086
30586
30815
31317
1023
908
1087
1053
888
1305
1045
31805
1027
30201
627
761
26751
699
30856
1148
32366
956
917
29514
991
1019
931
28362
30174
1154
30054
29765
29519
936
989
28619
1037
34671
955
885
1008
29991
1035
28866
30686
30883
913
1011
28479
1020
30550
27428
28030
1006
29872
31361
948
31970
31142
28503
1038
29345
852
840
824
29276
29097
33098
33971
28733
957
848
1016
1022
31458
29166
33500
851
934
894
29724
1029
986
31174
27979
1115
28073
1110
32453
813
819
28386
35393
778
28450
29907
626
30047
846
28076
30318
1059
777
822
1072
30380
32599
28085
31927
1048
1016
936
954
28643
869
29219
1186
28050
1013
27329
33225
30124
947
30652
1092
1089
1037
27853
29757
33331
1008
1044
35283
30190
875
29881
982
33059
29119
832
33994
1040
28850
29713
26390
28430
1092
1044
854
1068
1046
32664
1094
1029
29538
1040
1014
896
26689
1068
28996
1091
1020
29435
30457
830
799
31204
966
32384
978
29970
30614
29190
1046
1004
29092
1152
1065
31592
30860
34158
860
31611
996
29179
35834
819
707
29729
29247
1110
831
988
32428
987
1000
983
30951
1106
778
573
811
988
614
27585
903
31130
1118
35627
1032
979
603
29216
956
29424
31627
601
1130
33314
29882
29736
1086
1039
28079
33126
25317
998
750
26761
1013
964
28664
1007
28953
32200
856
33662
1017
933
962
29841
29847
29840
996
29536
30917
37271
1023
1032
29081
573
809
994
29563
971
26746
940
32428
29104
1039
840
994
737
28995
32322
32400
1074
907
1065
1018
1087
29431
33026
28307
28381
29110
30083
1077
30215
1114
1082
1093
29782
1124
944
1048
37203
1014
28989
1122
1068
1098
28887
933
32510
1126
29591
28665
26532
31911
1014
27777
27665
31311
766
892
871
1100
32093
1109
1142
1079
989
903
32169
32740
33883
1065
1043
34736
1175
27767
1110
31241
28713
32732
28157
755
708
544
1059
29530
30746
27205
1072
919
791
974
992
30452
29226
29635
30917
815
28964
974
1082
34155
30190
1060
735
31271
26029
1041
32641
1012
31975
29313
973
28180
28443
26188
563
768
764
34789
29624
971
31430
30726
725
31939
29761
27899
29836
1047
732
860
709
32562
28071
30992
28493
562
999
31161
1098
28695
1034
30824
28974
1035
29734
32103
34411
28470
29695
33534
1017
32557
1064
985
1005
30778
29362
1066
29554
1074
1077
1089
921
1032
29541
29362
1113
33112
27549
31158
30842
31738
890
32086
27993
1038
1096
1086
1077
32316
34871
30295
27479
810
778
30824
754
30110
1003
979
750
958
32369
1108
1097
979
1029
1047
1071
29613
923
31576
28154
1124
28408
1067
950
28718
27855
1133
902
32297
28381
781
32561
32661
1044
927
33523
30695
881
986
808
810
31252
836
27686
1085
1102
1053
1056
28280
31628
1146
29356
30351
1113
33467
633
27892
952
30287
945
1026
30160
1029
976
29556
30339
1119
1062
31448
1037
1083
35741
29399
31341
30388
958
1029
1023
31301
975
835
1088
1086
1046
30382
1067
36358
916
837
854
829
775
33004
27897
29516
1143
1038
30981
28177
29531
29935
771
522
1134
28907
31047
1072
33295
1132
27912
1026
32659
29328
32286
1042
1087
33716
29701
1049
1069
28754
1003
28660
33112
1064
28644
35662
32289
1022
1040
969
965
1040
30388
881
861
29349
28794
1477
31493
27533
1096
896
32775
33667
927
874
882
34375
29501
29283
27356
32449
30546
1129
28408
26404
671
794
31364
1066
1002
891
28225
31617
1034
33674
33282
32299
29850
1108
849
936
29944
1096
1088
29314
32326
988
974
28059
28414
1090
1073
29485
958
1020
953
892
29471
30329
874
851
32873
29553
953
1011
1113
32441
1080
1030
29079
34629
30242
33061
31155
1153
1039
996
975
32500
29118
1079
27750
30157
850
31562
1133
32206
539
1044
1020
1112
29341
786
33789
33640
953
1117
981
28471
770
761
30115
28712
983
30633
954
1101
1127
1154
33354
29504
893
32809
33873
32075
1099
30469
30683
1075
1024
1110
1115
1077
898
31389
1124
1047
28186
28400
1116
1034
1007
32342
839
32798
27643
1027
26929
29554
28437
1077
31013
27548
30085
29467
1172
949
1073
1144
30001
1023
869
29685
35031
1152
921
31882
29606
30343
1146
961
1066
973
1164
980
1107
874
756
28861
927
29575
1100
1085
32214
1134
936
930
1107
1073
1023
29626
896
758
684
32766
30922
28737
1058
1081
1047
1038
828
29698
1125
34323
1129
1093
27943
29684
1115
33508
938
1063
32023
29424
759
790
566
839
28671
1068
30174
1044
1078
1110
31033
1078
1106
1118
1041
1086
30729
29656
31640
33651
29674
1099
885
1004
855
1080
831
31259
957
1106
30636
1071
1034
31615
1134
30907
1061
27901
1160
1150
32745
32178
29248
893
29703
30403
33167
750
29321
1045
1062
880
842
915
928
32609
1049
34835
25684
1027
977
990
31038
28484
1145
31320
1165
29239
29491
27495
823
35369
1137
29131
30194
28273
1012
1097
31445
27945
30379
1124
1126
1110
1130
27574
1079
35892
1164
1123
1050
1078
30408
919
29597
950
30513
30471
34736
28919
31952
1169
996
956
1063
1084
942
1429
28702
31278
27323
29995
28541
26603
1105
947
34225
824
27182
814
921
821
34509
28660
980
924
1081
946
29296
757
816
873
801
32380
30220
1061
32060
1080
30878
844
1176
1007
27902
1145
957
1045
29894
891
1012
1062
28755
27068
1093
32690
1518
34776
1042
29386
1030
638
31360
1106
1132
30964
815
726
822
27909
28883
865
29502
1062
29501
33578
1115
1152
31596
28928
1151
848
1175
38040
27785
28569
28459
1094
37031
933
33049
27219
889
29761
32442
32151
27971
30935
946
976
36120
803
32668
32727
938
28948
29116
27961
869
954
972
28354
795
28145
33462
750
28252
28872
1190
1139
1051
29765
38779
944
972
1131
1090
1128
1054
1068
29550
31421
823
782
835
31313
1090
1070
30211
30303
827
32880
955
28644
27492
1143
27978
1073
985
29783
1062
1010
29698
1046
994
31136
29613
29765
1015
1130
1117
33116
1026
1133
30871
30127
28457
29463
31309
31492
1013
31222
1094
28735
1093
1074
1037
30589
29126
29809
32026
987
30164
1122
810
842
26786
953
29771
28297
31559
34665
29344
32324
957
786
31281
1085
28600
1032
786
735
34627
30449
1123
1054
34451
953
28385
1001
30223
32536
30415
32234
1074
32028
30919
27845
707
26377
35286
1179
1066
32953
32225
1187
32542
1134
30589
1108
875
1076
32763
1080
29835
30783
31038
29886
34286
1134
28971
1038
30088
1062
33106
32983
30844
33322
1015
36444
32556
943
919
31049
1022
26562
32598
33426
1143
951
1086
32376
32031
32257
1043
1133
31710
30819
30252
1181
1142
33622
1007
29929
1111
29722
35714
989
33094
1129
32369
1163
846
32591
1157
34457
30629
1151
30038
1036
30264
29800
1023
28155
33380
32476
1173
35810
30628
969
30540
952
29407
1085
1072
33681
25867
30062
1064
788
30227
31420
29450
561
1111
1022
994
1085
949
30387
32317
34240
30881
29257
820
32258
32370
1039
982
31229
30014
992
29219
30638
1167
31613
1122
29496
1068
1139
1132
1067
33095
853
27489
32572
1172
1124
975
32439
31913
960
941
978
1208
1135
29724
33624
33547
32262
1198
30652
28047
27840
974
1124
33995
1036
1045
28439
979
32606
1165
1071
30196
1124
33001
28920
33494
33381
31068
794
572
1041
1134
32963
1126
26202
1182
1060
1132
1098
36314
1007
29554
31687
27068
32848
30904
1244
29829
30733
840
30198
30813
1166
1153
1077
30345
991
892
32198
29531
32514
1217
1146
1145
33947
32110
1172
31083
977
31652
30021
29929
1208
1148
970
32416
28552
28827
1006
28445
1058
27465
32725
29883
1082
29888
812
831
35779
1062
28611
27025
1103
1019
28763
905
40022
1091
29986
33545
724
1187
32416
1157
29955
29390
32387
1045
31882
1040
33945
30949
1173
31608
1059
1044
1127
1133
34278
30227
1149
969
1095
33519
1164
1013
1132
29314
38094
951
1183
28557
29535
28110
758
761
832
831
31010
29905
28852
30864
32908
29385
32145
1098
899
1041
1071
878
32939
1196
1141
31527
1171
32747
1075
31180
35298
32986
849
31882
1086
856
1056
1144
1109
28946
1148
30276
830
29272
29880
676
30438
33761
639
1109
1067
1136
32118
1109
1009
30752
828
773
34809
33990
32666
33572
30195
29824
29670
29442
1036
984
908
30899
29837
29046
29970
1203
29061
1090
32986
1147
1141
1072
1006
29246
34630
33027
34276
912
924
732
936
884
30936
1148
29908
1091
1125
1106
30063
1145
1016
1180
30304
30542
32933
27920
29581
1035
29284
989
1103
963
25103
1155
35996
28151
33301
29903
1048
933
1021
973
1095
30922
35182
32914
31029
33268
1213
28975
31960
1251
1143
1186
984
1103
1206
29335
29925
30739
1163
29617
760
30380
986
33749
1087
1200
1239
29979
31937
31214
31707
32061
28821
28988
31524
849
29372
1059
963
979
31564
29320
963
30297
834
802
806
546
32423
1000
29896
1051
30351
613
31011
653
28186
1256
1009
31673
31800
31528
30853
28071
994
956
918
28335
1151
30369
30083
31025
29868
30941
1277
30694
1203
34108
1134
29562
30053
31182
864
29604
32654
601
1230
868
31065
1200
1072
31007
36341
993
27723
1077
28532
1185
31743
30780
1238
34819
1214
1068
32432
923
1048
28784
30570
1183
33774
33177
31111
1175
1088
1025
27786
1159
1175
1084
1055
32317
31163
35912
30192
918
31151
1125
1090
31383
929
897
892
29278
28502
29198
33265
1064
1104
1057
1148
27579
1179
879
28214
31920
31191
30370
28088
734
565
968
29731
32637
896
27691
30814
1244
32208
31414
30174
911
859
947
30482
30897
30101
1198
30209
1139
29967
1148
33300
1238
25704
1108
1155
29882
32918
1129
31489
981
30250
1004
29090
1131
1052
29946
32668
911
905
29737
862
940
29507
1000
944
28111
33701
1055
1025
28271
30693
29874
30082
29699
27361
1071
34390
32109
28644
1048
1108
27154
1124
30782
30760
31845
1284
34556
983
901
909
33105
1174
1530
991
33881
29424
815
789
826
43548
1111
1110
904
31955
29153
1189
1031
1178
31526
31409
996
1165
33662
32072
804
26822
31198
1219
1236
1130
1180
1008
1466
1183
28790
1212
1009
29705
1087
1096
1195
1168
29497
1075
1018
28749
28377
31117
28919
1118
30322
31242
877
32060
995
28177
986
30585
1237
30091
1221
1189
1164
27982
1024
29811
1225
1230
29875
29854
1125
1068
29228
1242
1158
1111
1114
1069
29785
31768
31080
33454
816
800
808
31422
993
29920
34207
1276
32821
1135
1191
1178
34444
32337
30362
31501
1131
1122
30570
1240
1055
34914
31544
30343
978
29457
939
28547
1069
31573
1166
28077
29955
1193
1125
1195
1196
900
35912
30281
28875
31755
28549
1190
1140
913
30653
27876
1087
32551
30057
31541
28776
32793
31307
31846
1109
818
31620
28497
1173
31557
27934
1247
30193
1154
28641
34024
1105
26556
27132
34549
913
33344
1133
905
1078
1024
1009
35212
1216
29800
35770
713
1161
28390
28675
34329
1262
31693
34286
926
33719
30068
1198
32628
1226
28469
31969
1151
25247
27000
28825
32205
1085
31855
30414
813
33725
31996
1237
28471
1103
32646
1119
34997
1150
1104
1073
1014
30140
30836
31671
1217
28025
1239
30222
1172
1138
29489
1161
35192
1147
1253
1201
31273
1080
1039
1171
32644
1216
30502
32887
28341
31728
995
33117
29023
28665
32106
1277
29534
1147
34752
28442
28209
1218
30250
1531
30200
1264
29272
29048
1103
1052
32145
1162
1124
1231
32952
1234
1106
1196
31121
29550
1021
31291
32499
32664
30621
1132
34498
778
31331
29721
29733
1149
897
805
650
886
32001
1148
31988
33296
30159
1179
32526
1207
1203
924
1138
32766
30185
948
1165
1191
32214
31421
969
845
32139
1026
28939
32929
29112
34066
1179
1025
1065
33724
28026
29305
1176
1030
29854
30923
1162
944
30371
1206
1116
1135
45945
30164
886
28494
1156
1143
32864
1253
28423
1190
1205
1130
33267
31039
32548
27734
33145
1117
990
975
1057
32740
33674
33346
1041
1178
779
30827
31194
30104
1278
27440
32063
36831
1189
30913
1275
30858
29196
896
32603
1115
1236
31956
31814
26486
961
38993
32902
1178
1155
1016
1195
33242
1273
34664
1003
32328
964
31965
29128
32400
30523
1275
31823
1111
27956
33568
1263
31259
1219
28256
1193
28768
1146
32011
28962
32339
30030
1184
37031
1252
31324
32665
890
28038
822
35778
1130
29329
31886
1032
1171
32095
1067
32297
1200
33938
880
837
30231
1035
29150
29739
34787
1249
1173
30734
37065
1153
1136
694
32065
31380
25450
33482
29305
774
695
784
477
30953
965
802
36533
1215
28097
34774
33526
891
1189
674
799
951
999
1011
514
561
608
976
856
1040
637
923
1060
893
1044
1008
1020
917
661
605
624
586
577
728
618
641
628
784
875
528
630
599
823
632
338
791
889
690
618
639
710
630
657
620
900
911
557
653
948
938
1263
687
695
1165
1176
683
1152
668
1179
1098
684
657
1141
863
655
686
825
1027
688
639
671
586
578
578
361
480
862
622
658
926
957
646
638
819
615
610
446
611
661
918
898
634
590
965
928
908
646
924
897
886
1013
650
1025
627
995
652
692
606
603
600
924
1029
637
910
624
900
1109
682
628
907
637
1009
688
1030
656
623
960
655
655
640
611
903
620
939
962
909
1071
644
648
946
1007
727
663
965
633
601
957
662
949
629
1000
983
701
641
615
908
958
937
967
989
612
950
626
865
622
641
897
1033
639
1007
1026
644
1077
674
662
934
913
923
642
651
701
917
893
895
629
679
932
956
634
894
590
692
917
632
619
596
893
1027
876
619
1031
681
968
930
630
678
1366
1213
1169
647
728
1175
661
1170
899
659
830
859
850
828
600
637
1027
692
863
660
825
856
935
688
664
886
648
884
1085
676
1030
1063
646
950
625
881
897
638
904
1021
1095
571
895
618
602
616
610
953
656
953
999
760
995
966
1125
777
665
650
941
954
1002
1122
1077
1088
1067
1053
852
840
753
896
1061
682
1095
905
685
874
1076
1070
891
861
583
580
847
599
655
1018
1033
646
1017
874
604
618
949
936
631
667
924
630
608
891
652
651
596
929
714
973
1103
768
657
996
693
632
688
1001
644
662
652
988
636
645
935
1039
886
942
629
610
613
911
627
915
923
627
770
1026
1034
700
1034
1051
608
1037
610
658
935
1093
902
905
671
634
612
1047
673
724
1204
1181
1220
1260
1193
1228
1340
1041
569
591
659
631
839
1056
804
1040
826
612
592
804
594
891
956
938
657
990
1053
645
926
629
658
967
944
656
954
1061
960
936
668
686
566
913
1065
663
1045
958
936
599
622
618
921
923
665
900
640
627
884
860
594
926
1026
622
1064
695
1101
1039
603
590
582
891
917
629
608
877
932
919
642
1059
1063
951
934
907
683
1012
685
1050
1089
1060
1069
655
1013
1047
878
603
849
665
1058
898
874
649
592
925
635
649
647
613
637
903
635
621
599
596
903
611
593
902
679
1026
668
911
1126
665
1021
1004
1135
1102
974
1171
725
952
641
957
627
894
1068
656
879
623
1093
1066
614
621
867
842
955
624
1146
1011
1009
685
900
1118
1129
716
893
621
674
1039
694
640
875
592
834
871
856
864
589
616
695
1128
890
613
1049
1069
674
1025
656
887
622
1098
717
612
611
940
982
662
905
893
572
949
1117
1096
684
636
623
605
593
594
395
550
926
633
944
686
723
960
948
660
988
1065
640
620
941
1073
1044
657
1038
1088
930
680
606
600
908
688
947
1038
1039
627
1055
1082
1078
691
627
633
922
1073
893
929
605
591
899
706
634
914
583
906
998
727
920
646
927
1139
679
710
616
606
643
635
649
914
886
934
904
915
1063
688
1026
967
623
923
1122
641
589
893
1118
662
936
905
603
914
643
910
1073
921
1071
651
642
887
671
660
934
914
600
598
595
1415
634
922
688
965
859
879
876
651
1049
1099
637
1024
741
633
897
1109
687
698
912
607
875
1110
1048
906
939
915
1141
1072
1052
1128
984
994
658
627
970
1094
1037
1049
1113
602
657
634
588
900
651
1089
707
876
659
618
875
1104
720
744
939
921
685
671
685
981
1083
1093
939
941
925
1099
635
651
906
650
876
661
1095
913
649
870
686
1071
1072
1123
674
626
610
608
665
647
957
644
905
1066
890
948
631
610
591
596
597
977
607
970
973
1091
1007
627
623
623
1013
1001
999
608
901
1116
711
612
599
590
663
628
959
706
607
626
620
650
899
962
1215
1023
674
604
254587220
 Average Time : 24862 Minimum Time : 338 Maximum Time : 79780 microseconds 
 Client 0 Average Get/Set Latency = 0.024862 seconds 
 Throughput = 40.222 opertions per second
