78354
61679
73929
69521
49861
44488
57716
63390
75988
62525
45153
148407
32802
109212
54389
55122
74554
52788
58185
61611
29679
48197
41174
48635
34964
56969
38829
36193
47701
43422
58279
62293
66115
54810
66135
35909
47137
39143
45916
31214
43965
39906
48776
56594
38622
52639
68170
56073
62456
45764
41661
54861
51008
48648
43670
39714
56568
57971
76536
49049
41058
48849
60742
66344
65821
66826
46504
52141
57635
43008
75517
43677
45567
77005
47514
71694
51456
102816
49400
77986
35563
54792
58229
43672
50748
54672
81410
52813
44739
61774
48532
44121
57101
42815
41951
79289
64101
72460
59538
46540
28952
44281
63736
64624
43985
38377
75018
64444
54847
56522
48251
62624
63905
64481
53006
57449
53110
48223
39917
61250
48008
90812
67124
63049
65995
62469
61893
41825
69974
43287
78599
49156
66205
48535
43771
46238
46924
393251
70297
66936
53825
113762
51311
52302
53093
54731
90420
46729
83999
35797
42802
74344
42742
60323
42762
58443
43219
43901
51223
55318
64464
54772
61925
67421
72914
44697
44618
52407
49672
51896
50839
56343
52308
67583
52959
58377
50164
69330
51621
66893
38310
42329
33903
51847
66001
59506
51322
60037
79863
43577
64403
43671
77092
45308
48263
80908
36013
48795
77974
50403
43145
61864
56256
55295
61612
43463
44331
55848
43884
50561
65692
44206
64638
53797
51123
73303
52295
54021
39957
56638
50566
37012
59075
59040
69452
88922
70363
53005
77859
62670
53514
44146
78688
43245
63763
48504
81009
56152
193418
52723
44911
55748
121273
54165
67354
61205
36745
29443
88414
69199
44147
47593
47639
48597
43044
51733
73510
46256
52989
49100
49412
51671
69105
44109
68651
36327
64574
72508
55801
54842
73873
57514
41323
44462
74270
58510
46986
58206
50514
51600
43387
62182
49130
47974
54923
40536
58366
43668
46133
64429
56900
51433
40643
48358
53025
48307
46103
60517
75226
63824
47218
60788
53405
50612
31509
52036
47892
62811
36573
47044
34174
60444
55946
28737
65650
51787
44151
32852
46139
37347
18259140
 Average Time : 57059 Minimum Time : 28737 Maximum Time : 393251 microseconds 
 Client 3 Average Get/Set Latency = 0.057059 seconds 
 Throughput = 17.5257 opertions per second
