47479
35132
46583
38231
41363
33652
35953
33681
32480
29445
31680
39032
34429
34433
49891
40222
39120
37791
30112
34268
32328
39575
32395
32519
28638
28996
36592
26773
32293
31296
38213
31095
34053
38715
67500
32013
29830
25930
34188
30575
31007
26357
34458
68048
26863
31282
33520
46400
40891
31282
35867
35007
30788
37266
86233
33503
30772
21807
44734
65281
26831
22705
42809
39627
35775
32720
32373
35411
34128
32905
39827
25840
28539
31787
33176
27801
41738
30159
32709
28508
34604
35169
31541
38421
26503
26282
31336
24831
44282
47953
48339
25708
29864
38529
47000
29840
36123
71587
32052
31548
27885
27449
25768
36229
34892
32972
32556
34098
33453
39865
36465
35025
35581
32424
29112
48382
36403
35205
39490
28540
40456
39432
32653
30001
35863
29093
28527
27957
29274
18995
23182
26059
21602
25106
21703
20108
24019
27028
23490
32612
27723
36881
30137
37581
35210
64719
48407
26782
31711
33967
36724
30978
32670
35940
48389
33383
31400
37228
37631
35538
32938
30143
29393
36414
32833
33720
37342
35472
37987
35465
31356
35020
38380
37568
28286
33201
37746
30455
30751
37869
40117
28574
28648
38291
29754
31322
36670
29160
30886
39038
34442
35190
35608
25187
41300
34777
31471
31171
36941
45210
36184
41507
40355
75059
71134
48716
41053
29703
32479
39282
60921
36342
35730
35380
27295
30307
25254
27561
35482
39225
34230
31319
28378
31844
30563
29768
32137
27291
28467
37034
25726
32616
34576
26339
29994
41500
36417
89463
21628
25851
37610
42690
33124
35010
27791
41417
35455
29462
30429
28618
46138
28088
31302
37651
26746
35980
23829
34924
38841
33844
32481
33810
37304
24087
36661
42518
39669
25962
110878
28075
31558
27598
26629
34496
33078
32700
25798
32911
36124
24815
41207
29076
32219
29963
33662
42573
29336
37355
27711
27114
32780
35389
35710
33674
37239
29127
35189
35555
37887
31169
26036
37501
33066
34644
36256
41288
36168
38119
41572
38889
39168
29490
36058
35104
31018
32063
31919
37131
29360
32590
38698
46014
24852
57671
51087
36285
32783
29928
30293
58337
26356
38610
29735
29326
34716
25450
28451
34732
33305
29049
28859
31984
33481
34445
31460
34840
27910
31277
32599
31923
32106
34612
40896
30121
29730
24901
37563
29810
60634
29811
24817
47039
39151
39716
34830
32123
26945
31380
42744
39235
35666
33910
32158
33120
35644
37716
33455
25981
32477
27540
38260
37220
35358
39971
36952
36292
30997
22686
35624
31160
34974
37360
35354
31962
30351
34122
33022
29775
27485
35151
28676
45048
32938
31345
37162
35136
28279
50517
34866
37602
35134
34163
33124
51746
94008
105205
48827
80561
39723
46499
62056
41268
38882
26609
28549
37490
35945
34091
24226
27894
24187
39132
142059
33006
32727
37766
35947
38665
24601
36759
39207
26331
35054
24932
29079
36697
31327
33224
31243
31352
29085
25868
38148
33819
29240
28207
38412
39968
39149
29770
43574
38298
26676
27639
39336
28975
32555
41108
55574
36158
33065
31079
82157
30537
106432
32591
30980
41420
28669
32011
34878
30748
47079
33988
24645
27882
32029
29326
34789
28420
27011
35665
28019
38413
35486
34965
42018
35333
26632
48931
33257
32302
23696
35977
29965
41616
28215
41997
27761
41001
29734
31809
35921
25778
25853
34882
37349
38348
38918
32155
36779
39632
45775
38392
31464
28404
35508
31709
30114
29400
32659
32759
29576
37997
29223
31551
36067
31878
32772
35748
34636
45736
47457
37277
54301
32710
36722
36151
31081
23850
35744
31851
32437
27517
30394
35334
26446
36969
33682
32102
27754
31251
34750
32197
38225
39416
30665
27664
33368
29048
33090
36362
32893
38305
33542
36041
31232
28528
28035
31528
22977
33535
36781
33822
33579
32707
31269
25293
36777
25777
40359
27475
34843
26519
28890
35680
28113
91566
28184
122147
21672
25897
27123
30579
28360
25984
26133
28124
29175
30493
31861
29254
38116
39067
38971
40340
40206
34375
27427
30556
46573
28258
24437
33467
35353
31821
27258
37107
34485
113824
51819
49134
39404
27879
33953
26911
27282
21874
30008
20408
22659852
 Average Time : 35406 Minimum Time : 18995 Maximum Time : 142059 microseconds 
 Client 14 Average Get/Set Latency = 0.035406 seconds 
 Throughput = 28.2438 opertions per second
