47265
78829
82241
79970
73321
49843
52989
60604
41551
44779
77010
143954
97255
45892
47921
60932
40454
48969
53619
62420
58659
84311
63704
31548
72989
52475
46583
49746
59771
45458
80166
47635
43441
58200
52122
59519
138393
40787
80071
78110
50226
50641
58375
58471
50980
43078
64299
64732
45835
52313
52832
39345
58943
47407
58802
50521
45020
76074
58685
62234
55975
59040
46289
48787
47601
49055
41838
45480
52518
68922
73237
102001
62682
53206
58057
38759
58584
61685
63476
55963
64492
52968
60345
53263
60737
31541
134269
68015
50443
61116
72981
58817
46231
72842
56252
68091
53584
37804
52567
52439
51377
79391
52845
65065
63721
51395
49585
57055
68463
54420
47624
44622
50612
66877
53049
92533
44210
83215
74728
52517
46708
95682
60953
42951
64793
52806
55512
342274
116015
45686
69914
100551
60134
46475
118149
36980
51541
52683
78237
59418
55830
43094
64510
61833
69295
77277
75438
57311
63831
52523
63910
45046
44277
59553
54401
60538
72187
72172
72943
43521
42939
44733
57039
45677
50918
68184
40595
56755
48466
47745
58804
41170
37354
56722
59710
39412
57527
58034
49375
64329
60696
84065
52513
78463
55094
61667
59228
73168
80817
71313
46963
37048
46536
56480
53714
64657
36466
52501
72575
65434
28237
61387
71014
48197
40594
44951
58552
37990
53337
48830
55504
65739
45332
37400
44153
62660
36766
67991
79700
48615
50560
54870
74993
81398
34672
57662
62692
55232
42456
41921
134852
101623
53439
44692
65493
78212
54447
60661
40222
74838
66758
46053
74457
54289
61014
56613
54640
50244
59692
49606
38842
43589
46621
57366
59916
47132
65048
51476
42487
41991
63792
59363
67353
48246
64413
44146
67451
57184
53900
50462
42419
50539
42288
45549
52060
45290
61317
47617
82391
49170
69411
49795
68970
51317
50172
44763
40579
44586
55337
50110
47838
46711
44593
53199
40898
51757
66689
38690
99987
48016
35868
37049
78755
57387
56235
47886
36822
47485
28098
50188
37879
26074
19717
24686
21136
21420
18368
19029
24169
26390
18462140
 Average Time : 57694 Minimum Time : 18368 Maximum Time : 342274 microseconds 
 Client 1 Average Get/Set Latency = 0.057694 seconds 
 Throughput = 17.3328 opertions per second
