52031
62858
68997
72981
54415
62683
55981
67131
53280
47613
52449
44450
51792
141084
45374
46612
59602
55555
70305
55417
48903
53785
82608
80239
47929
54905
49374
56417
63738
44747
53927
51308
45081
74593
64241
49539
81231
48593
54458
33946
53307
53741
50147
53897
62969
57582
52748
56251
42185
55750
64144
50237
51317
41431
65127
34393
50773
71934
64407
54461
63141
52332
50827
58439
46917
58991
53050
43318
44828
55573
43165
34265
70880
42445
47927
153545
93406
31305
48919
38784
68270
47621
55265
52895
57621
60738
49521
72749
74277
37512
53156
41191
40230
38695
57300
58895
35712
56682
100001
42707
52419
46411
38969
57161
58993
55428
36501
44712
52923
56055
67708
56816
57167
64171
58203
49202
71286
35716
62864
121532
93688
53556
68623
45189
58722
59672
109382
60498
50313
58296
57618
58793
40823
35018
32484
32309
137332
174040
56121
63428
51170
44718
88611
133977
42838
66224
67387
67127
50609
65060
60731
49712
49964
68383
73970
56130
55932
51441
52549
53812
72014
46476
70958
56562
48321
55664
58300
52259
49844
71659
39476
55308
55183
42090
48474
51322
82400
74150
54616
70250
57163
50174
53440
45386
61839
35395
51565
61412
57635
58484
82703
86460
103189
39612
53850
50667
82628
81038
56717
56812
49732
58576
56280
53484
127213
37577
54425
51470
42847
79876
62513
31197
51853
46628
51498
45728
27313
48319
70345
64652
50215
67362
58620
51449
62800
43827
35606
36338
54964
47041
64062
56965
58585
36425
56478
66074
51160
38836
32256
38593
79876
39856
48597
36837
81537
74523
59048
39915
47577
66740
50965
48230
68414
40052
63466
37394
66523
45374
51131
58537
41496
56678
38731
46921
58438
83181
108143
40901
36965
77744
44106
46920
76656
77541
48617
49264
65778
50964
49018
48136
45942
37990
69136
72630
48855
49436
36544
59360
60689
67913
53691
57860
68902
62167
60667
50065
68446
49588
55581
37822
57992
72252
68062
45039
35356
54844
38918
72062
45780
41132
43204
41432
74775
64029
52313
38065
30366
51522
28981
27264
18268694
 Average Time : 57089 Minimum Time : 27264 Maximum Time : 174040 microseconds 
 Client 10 Average Get/Set Latency = 0.057089 seconds 
 Throughput = 17.5165 opertions per second
