67043
98178
49213
61133
59807
48762
61326
52096
53732
73940
57181
94443
38587
101636
53064
58412
68361
61603
37173
65330
57843
57273
95119
36131
65877
65302
54415
57898
47029
50194
47111
52110
73693
42123
70757
142758
40094
124289
57613
53302
55633
55495
54332
45434
71884
39590
84578
41882
59284
66382
49226
75821
42161
66428
38044
58109
73550
58606
50542
40415
47127
50970
44188
59236
61715
48217
61242
47566
37380
58743
56448
106975
55187
59505
53353
50792
49151
64388
59052
50384
60890
52470
57304
58561
88044
54560
55757
97635
68995
75258
72754
62429
54532
58808
45185
53833
34574
43001
81700
64336
50796
45379
60543
70428
41047
34571
52284
71516
54333
48128
51421
75972
118402
86823
30814
62495
58350
72357
43533
65193
41755
53920
57907
63514
52569
44082
112009
55159
31438
176155
134988
138848
47494
45277
79143
113053
52905
35293
54836
41595
73227
49440
51521
59343
72007
65838
58106
51325
48829
51757
57748
54084
47220
52098
71653
72317
44962
60409
66456
50026
62929
55731
59984
36952
71982
53638
43258
44158
47218
63751
67023
59991
57019
33672
59753
50885
56198
52354
49385
40323
48359
54462
40449
46780
57407
55523
72354
76483
37495
41449
66245
66866
49895
43735
48689
39759
80554
57496
53857
42401
65618
54481
59552
54095
53033
49980
42429
51542
42748
41236
49806
37825
58539
33009
60864
37533
57781
66052
57538
50453
69550
47096
60680
49674
75916
60340
64021
59553
69740
42782
74417
49056
72027
143336
48810
36655
56071
51194
72317
62686
65257
53823
45526
74330
54738
56479
55744
42184
41850
64081
52399
55273
56498
47482
39384
64937
39907
59772
53636
72160
60484
43720
50287
60344
54406
48343
47605
57955
66412
56249
42147
60891
56145
62247
81969
50351
49372
58931
61031
49249
51330
52942
66905
63589
44945
56640
67374
59786
50105
56416
63436
42326
37812
52271
51743
61863
59452
35010
76009
42175
43019
36563
80954
55541
54572
55547
60732
92201
36369
39666
34532
46304
29731
25874
34238
23582
22130
19937
21072
22185
18403256
 Average Time : 57510 Minimum Time : 19937 Maximum Time : 176155 microseconds 
 Client 27 Average Get/Set Latency = 0.05751 seconds 
 Throughput = 17.3883 opertions per second
