32642
27498
27948
23657
22403
26626
28925
23475
23421
24933
27714
23727
35510
23557
29447
43339
29058
27850
23974
32500
24208
23237
24145
28270
23682
29066
18717
23647
24940
24739
23328
25776
24237
24797
28504
24569
24190
26133
25289
27749
21073
24382
29304
23024
20059
61665
24140
28537
25684
20827
29657
30378
31880
21777
27897
25333
24015
26594
25074
22663
22239
23480
27559
28243
28411
22975
25819
27006
26388
21860
19801
26029
26829
25095
20817
22204
26886
30351
28741
24091
20610
21683
27232
23131
22100
20941
23807
25812
21594
24805
21811
22893
29057
27003
26561
28534
20874
32036
25106
22414
34225
24436
27044
21161
21383
27623
26643
23843
26065
24035
23715
23805
24023
24542
25829
25334
24021
24296
27536
25699
29832
21958
24479
24773
25503
26830
30386
28170
24119
22382
25455
29140
25718
25251
27581
25464
27116
26899
28114
24102
27398
25923
29947
24898
25462
25670
24487
26380
29146
24753
29714
23686
28944
25211
23035
25355
21129
27980
22729
21724
29217
27217
24506
27749
20359
26593
19782
25486
21523
24521
24549
29468
25199
22277
22605
25453
35616
23467
24105
31684
26113
24332
25999
22946
22255
25657
23781
23117
28284
28100
27069
24128
24663
24997
25892
23549
19713
24882
24356
19845
27237
22477
26626
22398
25174
27561
29319
22512
24490
22757
25732
22971
26158
22241
23220
18511
26932
28308
22608
25864
26725
23082
22856
23360
25121
24626
31466
22503
25177
21240
24720
26486
24898
27043
30594
23505
27181
22678
21419
25792
26435
24733
24231
31571
22133
23040
25272
26562
30002
22412
27224
24410
23257
26195
21984
24902
19755
26983
27289
23849
28813
26156
29103
24904
26251
26818
26237
22368
18591
20211
24950
25653
21210
22468
25781
26333
24624
23824
25984
26688
18097
28494
29578
25515
32390
26058
29200
27452
25805
26493
30359
31574
24923
22019
23710
24829
25721
20874
23986
25558
41912
65390
33574
39966
30477
26211
31852
30902
26573
25990
27234
24913
22190
34552
31262
30375
24107
22626
25115
25599
22595
24197
25085
23298
24656
28498
28739
25620
40223
26689
26080
26187
31511
25203
22535
27368
21460
20428
21462
27934
21383
25057
21972
26460
27461
25507
22592
22158
23181
26699
27738
26459
19570
22873
22975
26731
24928
31616
27517
27035
26945
22719
27171
29320
24177
22700
22680
23753
23385
25364
25723
24335
26299
28447
28235
21107
21000
22735
19322
22928
25388
21939
23672
27747
23870
28814
24312
24398
27237
27178
25320
25438
23975
26616
22992
26076
22630
23886
19231
21306
27371
21770
21149
23091
19774
26235
21969
18925
22807
21942
26405
24453
26574
24962
28327
25618
25745
32118
20707
27316
29346
27507
24036
23644
20824
23312
25071
21351
24890
27258
21946
27453
25320
27072
44836
62769
50253
50708
25486
28917
33624
33517
27231
26849
26014
28728
22308
23291
23370
23347
32030
23474
22192
22753
24639
22402
22078
24584
28747
25695
24533
31403
23372
29256
25486
22914
26879
24814
27965
25812
23210
24558
22147
23616
22224
22437
27523
25432
22277
27091
25523
23780
23627
26429
27392
34433
26139
24180
26016
21395
23652
25827
23354
27533
21288
26107
27829
27293
30271
29168
28494
26703
24826
26205
26541
23809
23792
24784
22366
31853
27409
20976
25239
31396
31426
22207
28507
28237
27040
21815
25041
20396
24102
22461
26627
21508
21835
26464
29113
25279
21759
23920
26503
29544
25419
27329
27483
29484
31715
24678
26562
29226
20520
28725
27373
28060
37415
30033
27181
24270
21538
37986
33333
39506
74717
24333
24433
26315
22068
24825
28231
27008
26300
35337
23366
29869
20425
21613
29073
25028
28638
31626
29567
25311
26010
26831
32349
25611
35769
20652
21895
26636
28994
27467
20813
28530
26921
26111
24823
24225
29090
28650
23941
24814
22073
23689
32043
25621
30208
28226
26430
23321
34898
22384
21442
22059
25785
32421
23544
26531
26943
27738
29560
25359
23560
26205
27188
22540
22060
26755
30640
28261
26348
22579
25515
27092
33625
28709
30998
25344
28430
28260
25065
24864
19017
22848
24392
24307
23207
34901
29179
23107
24094
28546
29241
28710
27772
23855
26531
21966
26375
20633
31403
31026
25971
22492
21885
22619
25649
24164
29127
24040
22732
29088
26663
24496
24550
25681
28995
22967
25904
22572
25931
21342
22397
24274
23362
25246
27814
24346
25193
27684
24645
29618
24069
24989
22082
21173
22902
25068
25796
23229
28219
33230
30412
26487
20861
27747
26882
25068
20014
21641
28265
27648
20004
20428
25082
24944
27564
25253
27614
25342
22034
22444
27137
24941
24097
26285
32668
25507
22418
23822
28699
24903
24721
24883
23836
29255
23646
30585
22889
22309
35092
22528
24276
25265
29334
26255
31626
24440
25072
28758
25777
21187
20109
23329
23451
21528
19955
21077
26285
26844
26191
26253
26532
21719
23576
24230
23902
23771
26835
25542
27673
27868
24978
29751
26065
22796
31591
27351
25085
28683
26606
28483
25951
23575
31092
22652
23921
19983
23114
27498
22630
21522
24261
21318
23952
21907
21404
28321
22132
28294
26259
24668
26435
24258
18691
24089
24223
21752
29905
25190
27625
22821
27090
21482
25561
36998
26097
24596
20848
22869
30223
21041
27062
27301
27181
28117
26653
30013
22629
26033
24007
25267
24938
21197
27672
24008
21324
21628
27115
24539
21520
22989
31298
25622
23315
21268
21863
23572
24291
31985
20153
25497
25226
30655
21733
24482
20726
25780
22678
28670
22968
26625
27417
24497
32502
24153
27656
22744
21460
27653
23102
23890
24069
21407
20190
24963
30672
24221
29199
29760
26477
25419
23435
29737
29616
25307
21832
25036
20596
28897
23559
29961
27931
29603
29086
19518
27780
25241
27667
24509
27804
20296
21596
23460
30456
27432
22290
20613
21612
23540
23883
23647
22707
26135
34288
26969
20365
20335
20371
27014
23719
25767
25257
27932
24344
24339
21058
30062
28952
26226
26734
20819
28149
27477
25301
26918
25454
26699
26175
26586
20900
23011
22759
27413
24225
21058
21232
18838
25550
25537
22639
29155
28470
25939
30528
24299
30077
26517
24712
26585
25920
27564
23283
31691
21554
26325
22402
24899
29277
23543
25926
24335
21535
29815
28165
27698
23737
24966
27562
29177
25552
26809
26418
19783
24253
27578
29785
23711
23589
23893
29179
23596
38268
30700
25400
25200
33055
68268
23653
27044
23181
25271
24841
22902
23308
28093
41469
20559
33611
26320
35790
31869
21353
31384
26595
22704
26703
24808
24005
23674
30205
24869
24348
27393
31489
29313
25648
25824
27676
27262
23363
26177
23899
28437
27639
27968
26042
25133
26150
24956
26219
29011
22923
24383
46894
57933
28641
38311
30939
28795
27298
28454
24342
29141
25615
26067
20563
19589
33235
29860
22731
24163
27031
29556
27165
27661
26564
27827
28153
22644
21485
27559
28472
25877
32052
31194
27265
22522
26325
24179
21624
25333
21792
19888
27399
20523
27046
29017
30211
24436
26536
32722
29379
26590
27017
25087
25227
24743
25250
22644
28429
18865
22044
19938
24996
25700
29089
26691
25790
22620
25018
27869
25725
24180
28985
23814
30860
31682
30839
30637
27959
27833
25602
28487
27561
29293
21153
28101
23605
26882
27395
28737
23156
78791
40964
34409
29159
44145
26768
28171
25560
24983
24880
31042
27474
25098
21735
33589
30130
29510
29259
21818
22018
31557
27531
23813
21104
29092
36039
26915
25215
26261
25122
22885
26626
23942
26763
25945
23902
28062
24161
20455
21447
24305
22377
24581
26534
25632
27324
30008
26832
27261
25515
27103
25631
28876
25565
33145
24563
29873
27605
25636
29684
28552
23445
25721
23956
23330
25878
25562
21947
29177
29265
32438
22553
23770
27589
19721
28219
28365
25944
29477
20636
26029
21527
21824
29145
24822
24776
29270
21836
28174
28143
23121
63223
19588
50463
24561
32389
35277
26043
22611
29738
26781
22349
37777
29118
30727
23982
34129
26598
33744
31511
23891
32740
30146
26036
23348
19306
22148
31992
26391
30236
29891
27317
25710
25621
23759
29424
30874
23087
22356
27418
27572
28031
25454
27824
26531
21990
28324
25203
25034
24928
27645
25030
23075
21756
32433
29015
33964
22846
23834
24461
22755
29243
26766
28285
24349
24709
21766
22886
24704
23836
26631
24836
30721
21773
26748
39663
25303
24003
26511
20813
29663
22253
22526
25919
25556
26026
27384
28659
30812
30449
25858
26821
29208
30898
28350
24182
28022
24728
32083
27424
23062
21722
23996
27543
22994
30932
26415
27604
26868
22223
27259
22739
30949
23900
22846
27345
27298
33187
24171
21115
31774
26090
23772
27387
24018
26498
28603
30718
28529
21327
22468
27405
29238
24735
29136
32738
24658
21022
23125
24846
22286
28687
26861
29349
33245
23223
34425
28659
25074
24042
24372
25942
23872
29181
24213
28602
22784
25175
27347
23091
32658
26820
23901
26642
22478
24875
22414
25875
25920
28753
27267
29615
25853
26212
24196
23157
27988
23874
20678
31081
25323
24790
25117
21609
26654
25883
25060
26611
28187
23273
23714
20294
22547
25043
31521
21583
24115
31501
23988
27566
23432
28450
28912
24892
30998
24772
24802
24841
29296
26952
25653
25695
30297
34210
119222
31252
24359
23984
23477
24098
27211
20531
21232
23057
26880
23797
23864
22806
24821
27791
32696
27947
29428
26242
30046
27708
25282
26361
25577
21409
22286
22441
26214
27002
20208
25567
26013
32130
25975
29459
25016
27204
21562
27294
25308
34467
32213
25810
23187
26000
28814
20042
28825
30220
27294
26386
29125
22702
21216
26018
20787
20497
31368
26182
25676
23970
24215
27496
26967
23306
26200
29247
46584
26683
32278
29712
24855
25520
27099
23764
30505
24133
22137
25252
21562
27787
25118
29219
21702
28213
28674
24156
23507
26168
29985
26959
27269
30079
21674
25178
21878
30703
24183
25715
31699
34361
29311
23417
31521
26869
25723
25415
26181
22797
22436
23718
29069
27184
28690
26409
25221
24200
24850
29678
27141
25317
28029
28644
25877
25696
21880
25409
27163
25688
32457
20364
24382
29407
23932
27446
31117
24430
25902
23054
24565
25683
23582
25644
23462
27130
27620
26094
31289
25356
25004
27229
26485
25727
23136
27798
25453
27551
28781
29257
24773
28064
29663
27138
25153
26286
28966
28511
22941
28349
22751
22819
23534
27370
25804
19438
29257
25551
26051
28386
27067
31789
21292
26300
25043
30651
27842
27910
26189
26548
28275
24549
26751
24655
27098
26627
22089
33878
23639
28225
25699
22555
22271
21237
28697
25203
25060
24724
23267
21720
29743
29909
22776
29280
24668
27103
26172
27381
26857
31448
28978
26140
29109
30857
24208
26423
23415
26369
26661
28864
23190
25895
28449
25473
25872
28658
25536
25010
33067
25123
26664
34837
32474
22360
28106
26740
27470
25673
33075
23669
25017
32510
30436
52581
32972
23130
26995
24166
27405
28726
22022
25430
26474
30770
21627
30671
23771
26476
30722
24083
22982
30133
29640
31030
28447
27764
24958
25310
27524
28992
23063
25244
26089
27967
22819
23625
28117
28027
27057
22341
23768
32230
24651
21832
21697
25403
26057
23025
23347
31308
28441
25525
23089
21869
27560
31307
26051
26348
35502
26646
25773
29254
27201
20929
26138
22989
25004
30877
23736
31547
59464
42020
36924
33629
32100
20382
23838
27254
30079
26752
26426
25859
26920
22288
24372
25005
33320
27396
27460
29846
31906
32867
24932
21384
23976
22918
31127
27365
24723
24439
23360
34525
27488
26826
26693
35392
21690
28434
66545
26003
31709
29939
30707
28656
28181
24946
23250
32573
59895
37698
25445
25911
39812
28207
24165
22272
21540
27569
28670
24572
29456
29239
25948
22912
32037
27697
25144
26090
25959
20733
23007
19785
25365
23783
29104
27228
24733
26566
32465
20774
30861
26883
27748
30809
28690
25118
20916
27357
30011
27540
25708
24847
28518
33519
25671
20541
22628
29182
21516
26926
30142
21202
28950
25697
22886
29485
25337
33718
26814
28725
32693
32012
22292
28392
25513
31801
27185
68797
28362
28871
25098
22600
26276
27767
21971
20657
26608
20692
29213
22739
26896
25007
31424
30749
26871
20724
27144
24064
25197
24520
20303
31329
34387
27103
21542
21768
25713
24113
25495
28291
20821
23137
25621
26356
26225
29918
25002
29954
29896
27440
27667
28529
25660
23271
26077
27412
29859
22876
27182
33087
26016
22688
24948
25877
22612
23629
33671
28684
22332
25243
25148
27912
26745
19794
25743
25942
28360
27003
20135
25959
30667
25484
31354
23648
28099
26929
22103
22733
28955
32386
29765
32191
30729
29067
31163
30712
24085
22542
29882
26249
25551
24944
24536
33911
24825
29442
30242
30979
24619
19158
27770
33257
31881
26772
28586
29559
35724
25793
24522
29595
23533
31525
25204
24308
23276
25417
30283
28774
34613
27318
32939
21163
20912
22390
31040
25657
19036
29858
26494
24764
21077
23921
30388
21869
23152
32580
27543
22604
25524
29066
25638
26626
18523
22844
24721
28698
28386
25773
22674
30982
22529
28790
24769
27857
30688
26816
28307
21779
28379
25251
24097
27444
25617
35338
20818
21412
28399
22862
29000
25135
21768
24995
27604
37999
26516
27043
27769
26823
22267
25767
23987
24269
25712
25911
28344
26526
25226
32247
25454
27491
27248
25401
27859
25993
28457
23282
28717
27832
26317
36933
27031
26787
25078
20376
25590
29709
27562
20420
25757
24619
27338
23562
25947
24788
20765
22482
32602
23055
25838
20725
27307
27241
24008
26501
29499
33553
25702
25117
30956
29495
24740
26246
24339
25413
24482
24345
28367
25237
25913
30934
28101
21534
20413
24551
25237
17972
23626
21180
22207
27830
28101
20808
23304
23753
26029
28282
23366
27532
27143
28682
26938
23658
26352
29659
26097
24149
23866
25033
23435
33992
31849
24003
27164
27617
34441
24569
24762
22821
26949
28217
27208
27321
24252
33669
22800
24437
25417
19337
29356
24819
23309
22125
23533
27966
27167
26321
27089
29952
28611
28306
25757
23989
30684
30201
24778
23827
29326
24591
24454
32191
25888
23827
28639
24859
29827
26017
29810
25062
30544
23631
26654
30315
29296
28174
27050
28304
26682
25880
23243
31603
31549
24993
23290
27754
26101
25971
26270
20647
43192
37050
31473
31967
30761
23679
26621
31954
22842
27422
24847
23501
22705
20075
25793
28229
28846
26712
29856
25518
22064
26977
26131
23460
32588
28600
20604
30044
26238
25379
32379
28025
28653
26936
27890
71331
25021
34461
27211
25802
24270
26952
21038
23898
24390
26597
29132
28529
28542
29806
27867
24224
24282
24228
31907
23898
28671
32922
23444
23705
33868
23758
21707
23019
30822
22761
20878
23690
26382
23978
25094
26426
24837
64589
33354
28048
23003
29826
21113
28386
29187
31577
25017
20704
24567
25375
31746
22780
28731
26148
24414
22629
24011
24262
26326
26980
27128
26605
21065
27034
24032
32995
33987
29735
27333
34970
21122
23892
24085
27741
29727
30718
30038
26389
31015
35605
24148
26127
25150
21544
24051
27282
21603
42548
29117
29242
28103
32518
30830
26519
26299
22018
29164
30446
24049
20399
24430
24819
26404
25133
27504
28731
30063
27236
29176
22054
27015
21063
29574
26696
33394
29701
28774
38407
26161
25647
22370
27543
27627
23619
26319
23424
31269
23923
32218
27326
26273
22244
27813
32794
27831
29243
20320
21782
23559
23983
18883
29512
30549
27258
31056
30043
24146
32067
23989
28268
32533
27475
25211
26905
30912
32344
26580
21492
22043
24279
22334
27269
28383
23619
21199
27699
26552
27373
25860
26067
87523
30448
19082
26819
30714
28205
25378
28511
30440
25003
31192
27300
29054
28574
23101
27048
30333
20822
24704
24796
27977
23265
29792
22226
30126
32465
25368
19404
27177
22030
24311
26184
24647
28693
23696
23625
23805
30733
27675
27697
22605
26004
30200
21231
30039
23601
28114
40783
33222
34894
24818
25693
27846
32577
30920
28242
36251
32704
29196
28148
25325
24975
35616
30096
35801
26604
42175
45999
26981
25579
65879
36186
29831
31603
25230
28741
29703
25397
28827
25136
23432
20896
37405
23260
28000
29441
28494
30004
28885
21261
25223
28134
25810
26890
23323
31140
26498
24003
26770
22719
26456
26536
25961
24508
22845
31621
25035
23103
25606
22373
31023
23713
27493
62530
35351
24440
71898
26572
27165
22888
31258
30925
24084
22720
22573
29870
29253
26187
23550
27586
28048
31675
30575
24391
30335
29135
30304
27166
21332
29589
26211
29909
29812
28508
31911
29548
29119
68225828
 Average Time : 26650 Minimum Time : 17972 Maximum Time : 119222 microseconds 
 Client 0 Average Get/Set Latency = 0.02665 seconds 
 Throughput = 37.5235 opertions per second
