28681
23457
29163
28018
24985
23192
21729
21895
25725
20651
25478
32303
30744
22053
25247
29431
30314
32564
25450
24115
25325
28601
22802
22681
38093
22724
24087
24695
31796
27215
22909
23839
22398
21584
28443
29989
25177
26727
28787
30162
24903
20189
24563
26840
26658
23888
23318
21064
22093
24824
23084
23492
30473
20639
20727
29889
24427
23862
25396
26829
27154
32152
25469
22970
27360
28465
25218
24397
27240
22459
26852
38768
27705
27591
29708
28716
30279
23616
21565
25333
25506
42493
32075
35393
21307
21712
28768
26666
26588
27118
27418
20403
25527
29301
25528
22181
30258
26374
29052
21418
21765
22633
35034
26874
24576
24430
19675
21833
26233
30116
21258
24136
24003
24516
23473
28367
30530
27302
26289
34930
22942
24165
26443
23819
23087
26551
165705
34033
26037
22659
25501
25993
26834
22571
24902
20039
27633
25547
23800
24491
25413
27576
22788
26196
22357
23999
28700
27081
24734
24680
26659
21849
25001
22206
29528
28274
28993
21530
21807
30502
22981
30119
27356
21839
24175
27134
27377
27875
24650
33511
23578
28161
25280
21827
25542
22664
25848
27330
30386
27873
28060
21570
28160
24726
27718
24472
24541
24690
24010
25224
23687
28527
23513
23503
24854
27609
24561
21511
30483
27684
24972
25499
26458
22763
26074
22006
25588
21778
25301
26632
24622
21473
23049
21546
26374
23481
23835
28752
20757
43517
52935
24425
27609
33006
26812
20861
29235
28908
24203
20910
22717
22570
24110
23019
27434
23791
20565
30902
32302
26300
26992
24489
23012
24169
19555
27606
32012
32923
78447
27087
21857
21118
30386
31828
25446
23439
20587
21122
22325
27092
30297
29597
32238
26902
23539
24536
25835
33241
34512
25160
28287
30548
31160
22008
22899
28557
22182
25752
26624
24303
29839
24738
20167
24892
24665
27830
21387
22164
24966
23900
27586
23972
24953
22160
21557
25469
23441
29849
28307
27162
30464
25122
28062
22412
24574
26063
20784
24919
25531
27532
23081
28175
21943
23144
24248
25978
21740
31311
32266
26520
21755
25454
21365
27473
22912
24681
27783
27064
21617
24874
23428
26470
25634
28701
26642
24903
24651
22076
26726
26157
23624
29242
32045
32133
20396
21223
19494
25200
27346
23975
22567
23342
29681
25135
24462
24558
57332
28785
23382
22442
24133
30046
97794
59874
34117
31222
24090
20802
31248
24072
26792
103002
38281
28807
23342
24557
25566
22572
30917
21473
22897
21963
23247
35570
23594
27620
24501
29993
21660
27550
22692
21468
24465
20903
23486
25651
23927
24461
19962
27599
21216
24723
26916
26674
23093
27532
28314
26197
20989
27382
20941
24322
27101
24664
28975
25121
25878
32700
20934
25089
26335
30251
29647
22201
46509
21827
23189
24044
23286
32048
31845
25639
27155
22212
22606
25536
22892
22827
25353
26549
27517
24382
24603
25067
26089
26449
23114
24627
27781
23799
30446
24231
22265
33266
28348
30891
31886
19967
22808
27847
24701
20824
28831
26363
26077
29407
31851
29113
22604
36080
55949
22898
31367
24445
26126
26476
26176
28191
24621
30526
23864
24570
23406
27721
23861
22838
29016
25486
22130
23385
26843
29144
29049
24863
25733
26282
27241
24517
20685
21470
24773
30533
27160
28434
24580
25522
25566
22690
21724
23554
21726
22632
26739
29489
24517
25137
24372
28911
21534
21850
25257
27795
28658
30639
26650
30087
27526
27595
27364
24387
29597
26293
29931
21172
34168
26898
23473
32181
25274
29185
23349
35229
22197
20767
25317
21544
37807
25376
29895
31809
26013
21684
29324
31561
29460
25364
32744
25751
20370
23139
24814
27570
22330
22734
26104
27751
18786
29015
27238
25892
27589
27686
28101
24361
20224
23442
25026
23905
127525
31311
23529
26251
22457
26962
69554
27583
23281
24836
23923
22551
23706
22165
25774
21040
33555
27945
29765
26176
24121
28160
26161
23366
25407
25422
23011
20962
25733
21356
22955
24493
24613
28394
27686
21424
27760
23464
24208
22208
25433
22664
29678
24777
24064
23600
23849
25889
22083
29063
30146
21288
26764
40743
38482
28846
224791
87446
29762
22951
23620
20354
26261
27268
30067
23525
26749
24000
27791
25646
23903
25209
24098
24013
23381
24943
26837
24892
26924
30489
22466
30090
26064
20301
26080
23047
27359
30399
31750
26102
27419
26340
21425
21530
27083
24818
27483
21984
25259
21394
27377
23351
21505
20652
23629
21993
26590
33317
24069
24733
24662
34442
22922
31638
23652
31281
25560
21959
20834
21886
26856
20717
25681
24402
26922
27322
24265
26874
22297
25754
23845
26399
21090
25563
22848
24490
27488
28470
21529
20350
25761
27529
23940
21056
21631
26149
28150
23462
27179
21488
24561
28673
23641
24505
27843
25566
23049
23297
25201
31516
23174
21442
25360
27217
28795
22037
26565
53521
43993
29071
54093
40086
27123
25010
28553
22611
24393
19487
21601
24342
25888
25296
32877
25414
30322
32036
29992
24733
23930
31742
35639
24011
23633
26416
30230
27757
21324
27305
23514
21778
27541
20731
29705
22185
28249
27713
25090
22588
30855
29728
28487
26745
26567
26443
27532
25725
22466
27297
26404
25906
23971
21031
28730
23935
23307
22014
32627
31811
32019
28736
27215
29264
23483
26527
24283
30057
27250
31492
24992
21417
30289
22994
23113
27938
27539
20534
20036
25979
32736
25827
25402
25776
24148
22534
25015
22848
20185
39149
31463
26930
24051
57523
25642
23164
25865
25759
27574
26775
24172
22824
21654
23900
29335
27382
26799
28087
29974
22754
30461
26731
25733
26340
24016
25123
26403
27905
30493
28661
23369
25523
23618
24144
21963
22410
24553
24102
24762
25783
26636
27088
24542
22202
26084
27644
25404
26941
26117
20928
29291
26571
22478
21622
23102
29458
22973
26433
21184
22260
26762
28659
23778
30300
29749
28584
38644
27213
24226
27516
24566
27037
25428
25686
33005
24159
26564
23101
27011
24163
20063
24852
25629
29011
29432
36752
29270
22572
23875
24204
24049
22168
30894
28647
35437
26364
29341
29575
25866
23593
24071
24308
19433
23677
22803
22846
19765
28674
28857
24018
25711
33711
24294
31730
34566
31785
22736
23215
23653
22338
24729
21205
28778
26307
26210
29878
25525
25112
25250
25533
27299
23594
26538
21631
22389
27315
23888
25087
27470
26275
23051
23947
27301
20454
28878
30496
20984
24196
24387
26804
20960
26835
39084
24930
22409
21134
23421
25377
23733
23030
26011
24480
30259
23442
28722
29994
24813
24307
26493
32786
23170
27279
25354
22688
29310
28608
25270
22722
25899
23167
24328
28931
28569
24549
26023
36100
24530
25906
21068
24404
31323
23937
20720
30586
28999
36432
23784
23387
26784
25993
27416
30821
27578
22839
22776
29390
23687
28017
20760
47949
34171
34912
42185
39393
36519
21517
26826
27801
20324
22848
24780
49189
25603
23852
29025
32817
28301
26375
28449
24045
27359
23289
27185
31322
26915
26176
28601
27203
23634
28862
29546
28504
30900
24766
23936
25725
24209
22990
21984
27358
23608
22886
23886
36608
34523
24903
27839
28969
32090
21771
52065
79179
63447
24307
26243
21392
21750
25860
25024
28058
40098
26823
32360
45175
22720
29872
27354
23454
24919
26005
27812
25545
21994
24029
25618
28487
26525
25245
27440
24820
27378
24078
31665
31503
28894
28950
38261
30054
31302
56901
42256
62471
29124
29633
30213
22769
25143
21352
25784
26198
21531
35584
23056
22257
34851
24133
20383
21505
27900
23389
21845
31058
25422
25092
30842
22885
24443
24579
30075
25786
23966
28582
22643
27645
30259
20717
23644
27862
21425
28519
28680
27803
24853
24436
28999
28203
22081
24494
21678
27827
26230
24467
25569
25220
27052
22481
28527
164480
88639
79495
34999
27249
37145
23878
27950
27412
29453
26961
27162
26600
29313
28376
22112
32953
24696
23930
24147
28355
218210
26424
28510
58833
21658
35648
23329
21510
23081
25751
28880
25817
24897
22825
24327
27295
20437
26392
29685
30216
23888
25281
24420
25219
23988
25019
21959
24543
21742
23911
26301
25433
22199
25052
26121
25085
25281
26401
80564
25767
25737
27761
26710
27469
24961
24120
23478
26264
22171
25706
24567
26854
24057
23249
21075
26714
23234
30636
27045
23599
22115
23829
24395
22319
25152
25000
35051324
 Average Time : 27383 Minimum Time : 18786 Maximum Time : 224791 microseconds 
 Client 3 Average Get/Set Latency = 0.027383 seconds 
 Throughput = 36.519 opertions per second
