42861
83727
70156
68750
61382
59844
53580
51462
79650
71904
64396
70348
35629
41352
40601
38138
52987
59884
52539
59430
71716
67046
52843
44413
54962
53698
50600
41692
52728
44087
43150
67823
45415
44413
60322
53475
68933
58169
50644
38686
33436
40607
64312
31636
52882
41353
55084
66433
56621
70025
37501
55367
60193
65332
44104
41458
52027
38409
35706
59060
67000
49407
55449
60471
65405
84847
60696
63331
56866
43262
46693
44585
68453
51779
55569
57464
50997
99169
63463
65086
49572
43334
38003
54162
63528
47483
45532
70041
39686
64378
38887
54412
50331
62499
86028
56460
57786
46850
52817
43359
33943
63808
53967
50293
49807
49475
72294
53343
35945
67414
78605
50474
58937
54114
47231
54219
40890
59434
57309
76942
61331
55712
89854
86979
33210
59530
61620
148822
42466
97363
53599
75747
69779
47632
43424
40778
39737
154695
152264
52811
69729
120221
60008
31296
65566
82371
37535
47191
75307
42317
81287
39974
47999
50838
56174
52734
44167
62216
66982
57623
37504
51877
37476
41274
64403
51586
64439
67063
37034
49815
50334
62037
46741
49347
33396
39895
70791
68445
38091
93159
67358
48937
47124
54576
58846
71576
45013
53239
63803
59345
68426
34507
57236
57585
79738
60153
36377
93092
62053
54680
57688
47416
42545
56596
49424
34387
42153
60792
49971
84373
54657
40719
52145
57292
56273
65108
45129
38797
73572
57687
40986
55534
55610
64881
56639
45792
55906
46969
51592
47317
58364
50059
45831
67134
57190
43390
37545
55264
67311
67044
44367
50320
158710
33602
81299
54240
124763
62884
41639
62636
60790
35657
71461
54697
37369
60306
61856
62759
59186
50264
50821
76233
38824
59220
53816
59204
49381
37358
51847
55891
45815
49340
60711
45305
53729
50853
39164
60025
49127
53597
59814
57180
42054
52998
43805
65955
48642
57641
43316
52175
42233
37730
47969
36975
57224
44610
103679
42024
58487
49431
71210
55513
55095
50014
55089
53624
61839
45435
85039
57609
54775
66294
71731
64178
57468
39062
34959
89388
39691
42279
18136206
 Average Time : 56675 Minimum Time : 31296 Maximum Time : 158710 microseconds 
 Client 11 Average Get/Set Latency = 0.056675 seconds 
 Throughput = 17.6445 opertions per second
