45702
79022
93001
59666
69375
90459
36031
47289
64005
58376
44725
80528
39856
35740
39053
34060
50434
38989
51760
45419
54509
43873
49640
46452
64432
47869
60738
61626
47880
58353
51859
56844
59677
59369
44376
42681
45024
71284
39534
59128
58784
62357
52692
54394
52792
45222
43151
71207
44591
46911
48317
54246
45931
42540
73246
49389
67519
44371
38529
53337
73204
37822
50858
35730
62691
47101
60638
56581
59390
62177
51303
43562
56057
47536
45330
59159
60926
44469
36343
33618
122257
112856
46497
48381
52024
53251
58799
57875
47749
56724
53403
56318
51920
58483
51280
61702
48766
37008
51040
48170
53042
48302
55208
56324
51618
42004
54089
51371
52478
44842
55589
46786
70257
43753
49995
50241
47100
57064
67741
75062
56368
47467
68609
50302
90243
63483
57731
57436
66384
69756
85405
56325
36655
37466
59586
44656
64448
47084
57891
35519
41602
54417
136732
148970
49649
78848
46374
47571
45398
55178
58551
53322
49776
56339
61977
37165
66154
41331
65526
63318
63556
47401
68295
40157
59666
34366
47238
40759
62865
72283
53847
42515
67643
69270
73502
63745
55901
53081
67708
42589
69157
62410
56774
52257
42207
45515
42261
57604
48225
51395
77637
65447
56741
54181
50351
50554
40458
32795
53838
52193
50665
59881
78521
55218
45208
45789
48272
50729
50869
57328
61471
67971
48898
67348
74429
64789
49875
56376
54833
60733
53021
50831
66501
36122
52532
63491
65472
67278
58121
49841
69624
50847
56023
53952
57324
64908
48928
43047
70414
41969
53371
47819
52386
52640
72174
41889
67800
192224
30184
35485
48630
125736
80196
36668
49214
63659
60280
59258
58518
45164
66584
43925
61790
41205
43824
55340
49617
53750
66956
51155
55207
46144
49743
52254
48507
45800
55204
55166
47360
54573
39421
63276
37265
49430
47734
35876
34360
48949
54161
49069
62399
51878
56357
58149
58195
65411
53103
46346
47029
65698
55605
58157
50160
69512
52941
57000
51715
52709
50763
52157
57284
52325
49664
71544
46346
76704
64389
63688
57609
51345
17841998
 Average Time : 55756 Minimum Time : 30184 Maximum Time : 192224 microseconds 
 Client 12 Average Get/Set Latency = 0.055756 seconds 
 Throughput = 17.9353 opertions per second
