51684
46918
86487
44383
59547
59177
60307
64796
50327
75456
60697
48815
74360
35734
40620
93286
50527
47698
65156
43367
37521
52426
60046
50081
40268
35861
72868
43179
49729
45111
48697
75420
44193
46264
63963
65415
64588
73894
41546
67832
38086
45051
36606
61484
51237
50045
82227
53991
43401
60567
78204
41368
49449
61449
56538
58154
47771
45586
52654
96662
40947
54587
56824
53498
42196
59174
51621
41930
33542
57696
54671
54389
41393
60754
43785
42913
54120
59446
106562
112460
57797
60796
44109
34311
41544
63121
52155
78096
51145
71122
51251
85773
56840
56736
72051
74704
50220
41912
34654
69199
49406
59634
56133
45661
63791
54649
39302
55139
52919
57445
66636
45714
76879
43232
51875
55068
74839
47320
53788
52569
78467
63747
49404
50540
43145
44387
56774
88254
112633
70167
65142
64465
47643
49213
34730
32564
45693
149589
148929
52688
53985
86043
38901
50293
48127
71118
46546
45566
54458
53599
74891
69621
39386
57911
46140
48267
54066
56687
42839
52573
45732
50000
44935
53310
64571
41686
51396
43407
46974
60400
52348
53370
55886
62575
50279
77176
72594
53903
56956
59450
45201
50005
40911
39655
38805
48223
48068
44672
47554
37494
41692
46001
60702
42614
39267
37899
53843
45781
50558
84039
67807
52439
64981
49602
47682
50173
67448
57230
40851
61687
55120
57212
42931
32983
68754
85816
64520
48008
46959
67372
90297
54765
73129
44154
55963
54240
46448
47979
55930
35923
59334
48517
46356
69360
41577
61660
46252
55738
40132
56217
73421
50609
59342
63259
60411
43972
40007
130148
102301
50601
50058
57746
59438
39401
46357
54353
52122
65177
54627
53363
57233
53467
50630
37100
65344
49273
50171
63789
64670
47455
57737
51057
55766
43598
52402
40118
62896
43184
60402
38453
52333
42800
46534
48171
70114
43644
42557
63100
58268
43323
97280
45908
59168
55149
54887
51560
60529
41184
62319
50464
46925
62842
55698
58569
64739
57188
67360
31330
49587
53977
54158
53452
50959
55271
40253
52300
42231
53666
40241
76989
17821971
 Average Time : 55693 Minimum Time : 31330 Maximum Time : 149589 microseconds 
 Client 19 Average Get/Set Latency = 0.055693 seconds 
 Throughput = 17.9556 opertions per second
