30565
24654
28047
29601
25159
25611
30895
25877
20631
25114
28799
23741
27839
23065
27898
21993
26331
28223
21064
19947
19776
22566
28350
36854
36715
24539
25636
28128
24053
21460
26247
32415
21017
22106
28581
23474
25370
22324
26344
22708
27485
29448
33320
25766
24223
24194
25989
24360
21859
21581
25390
26023
28471
27610
25953
21345
23889
20689
25251
27906
23831
27661
22593
22751
21565
25418
26788
25269
29567
21580
30892
24331
28383
24879
73312
57360
20921
26454
21711
50678
27616
27055
24262
28230
29595
25020
26773
21989
23600
21279
22165
24477
25582
29731
24449
27203
22612
28383
24000
29285
22083
23679
28728
28465
29569
27860
23592
30910
21541
31671
29359
26520
22952
21350
25221
29488
26148
34084
311260
28957
22988
23223
27997
23549
26479
25269
27593
22115
25759
21554
28177
22009
25468
24288
24495
25723
21779
27155
27151
20731
28270
23035
24202
32354
23643
26455
30541
27389
29856
25074
23117
25838
26092
24824
29821
21036
23603
21912
26414
25271
23727
24629
44746
28614
37070
26201
28001
24577
28099
25587
22545
29392
26343
20873
23823
28854
35279
25795
24340
24006
21552
21475
24486
20907
27596
22760
26381
22559
19907
24228
27084
33430
25421
26687
22601
22427
22542
28721
23267
27948
24846
26284
20881
30563
23716
21184
27729
23185
25544
21587
41103
25276
54954
31904
38129
28411
30732
22317
28633
25900
21065
21857
28004
27466
20535
22846
28887
25299
26745
23989
22570
25500
28159
27806
32808
25948
28910
33179
20316
22781
21466
68516
21797
27228
23490
45974
24553
23179
23142
31388
29672
31123
27365
24447
23478
26029
28001
26878
21380
24523
24774
25635
26018
22744
24258
24646
21690
24948
23094
21753
24618
19965
30457
24881
30515
28413
27967
30375
22790
26045
25097
27642
24125
23926
31300
23531
19579
25808
24455
30202
27467
32498
28624
37813
31844
24570
30226
28737
31073
28039
26121
20004
28350
25157
25398
27516
26712
26191
24686
21242
24521
26211
24854
21706
22408
25496
26981
25090
26221
24615
27133
27310
31021
29881
32347
27458
26397
29247
33891
24106
25690
23055
20161
25964
27126
32287
27923
23649
20703
24216
27676
26073
25110
64946
23466
23113
21691
22335
49910
36256
51756
30894
44295
32936
33706
25115
24055
25859
29001
27206
26706
21279
48371
33764
26637
26076
23000
24286
28567
34756
24703
24349
35066
25001
23824
20888
24508
27426
27928
27228
20425
26423
25447
33782
22983
29291
28154
32690
23986
20963
22270
19289
22673
24067
27275
26592
24061
32352
29953
22936
23732
24709
26486
22637
20785
25979
24471
28918
26397
22849
28289
24767
30532
22233
21283
21893
28929
29203
37233
33306
27144
25556
24019
20210
21218
26820
30349
26019
23607
26656
25968
23914
26905
24852
22789
28158
24427
45526
29743
26370
24045
24233
24702
26059
24407
28171
20880
22208
87083
25447
22752
22960
29202
21529
27833
20331
27953
28272
25568
21156
20418
24259
27573
26205
29120
27067
26934
27221
22014
23585
25851
26898
22257
24549
24040
29373
22701
22971
28273
26013
22781
23632
21920
23380
29250
29545
26464
22933
21000
23058
25768
20868
26388
31560
25066
29382
27610
21999
23807
20983
27981
32708
27120
20856
33597
24727
22596
26288
25236
21396
25823
21724
24101
22133
22452
24092
31192
26582
26658
30137
27038
30197
27564
25591
27135
30224
25551
20788
25674
29332
20224
26110
23148
21603
22612
24825
25914
25984
24018
27883
24031
25658
28353
22337
19732
29482
30582
22533
25907
25158
23442
23765
23060
22597
26602
25231
24473
28796
26259
25208
25395
31066
31014
23198
24356
26862
27360
27276
25103
30421
26577
20854
92958
29906
20742
28480
25044
74900
118006
28947
22689
28006
28455
28101
20998
27395
23158
24937
21734
25103
28166
24515
24518
25953
21592
24238
30499
25793
24751
30888
25463
23362
21993
28415
24479
28415
24765
25746
32394
26956
29599
26757
23183
23424
24597
28945
22853
22046
22535
25711
49930
46615
47470
45289
25627
200613
34339
25410
27165
27216
21793
24030
26784
40439
25837
19388
24100
26406
23724
23337
24165
27902
23480
29543
24276
26434
22189
22196
27842
25129
30145
21161
27022
27303
25672
21110
23364
27163
24848
25929
25011
24069
30666
25117
26464
30746
24386
25837
32355
23728
21278
21454
20683
23127
24338
26063
26126
34422
29937
25779
27060
22408
28356
24567
20551
33326
25518
23782
19771
26916
22729
28061
32441
21652
27806
26794
27460
23814
23617
27068
30274
21883
23076
29288
24064
22312
46656
22658
24952
24336
24706
21718
72154
28191
23598
27326
22435
25917
30245
29430
26111
28145
30059
21022
36026
22217
20636
27863
23027
24821
54754
60644
24793
72787
25653
28352
21800
25276
21132
27260
25029
20660
25416
27513
24889
27496
23311
22458
28041
23767
25738
24950
27380
25791
26567
21393
27753
26429
27368
31459
27131
24423
23311
23374
23767
21838
22622
29028
24952
21396
28843
24090
26624
29151
26259
26382
26840
28806
28439
24690
21860
23222
28194
25142
34076
18949
21526
26641
25439
23567
26692
29084
28077
23295
28811
24992
26534
25732
24304
25572
24632
20787
26151
30327
25168
26912
21887
30080
24139
23426
20986
25894
25572
24152
29675
24484
21468
26030
23438
21184
24742
22177
41422
27722
29576
39124
79873
30172
19890
26182
24932
22787
28465
19690
23764
21593
22648
25863
27828
28657
25685
26135
26314
25093
20330
27938
26890
31024
23589
32189
30767
28141
23363
24961
24241
30005
19194
21004
33224
29740
27536
25192
28295
25130
22898
24979
21053
22522
28115
26314
25806
27357
21110
25099
29700
24296
21026
22266
27261
21923
25781
23107
27081
26669
27724
23573
23489
26486
36545
23202
32871
25473
23558
24020
25026
21243
21899
21750
27518
47868
26518
25360
21163
24914
21226
21837
81869
107776
28075
34597
24037
36109
26085
24258
22892
20307
22941
24892
29282
31423
26342
21426
27845
26645
23435
25199
31018
20368
28366
27021
35042
23081
26475
24778
26700
29418
28835
28016
26373
29369
27186
27052
25168
23604
24804
23943
26606
22477
23954
31298
23547
24189
21863
28124
25086
23376
22778
26003
28237
24034
24863
19788
34164
25812
28879
28198
25621
24295
26528
22727
24514
27077
24363
27491
25264
25517
27965
24728
30403
24363
28646
28326
24584
25246
26862
25906
24594
23841
28039
20625
22006
22704
29683
24199
21550
26264
28366
25096
25704
20180
24926
26280
22856
34180
22625
25305
21641
22266
24293
22434
25064
23970
24062
26734
28078
27387
26646
23739
32793
25531
24045
22613
26962
31352
26263
28481
25178
56153
36595
26322
48309
26792
27435
25108
26561
21481
22506
24531
27758
38248
28813
24526
31339
32628
27167
24130
24016
33396
24741
31192
27110
38716
23429
24794
24263
26505
22167
23556
25332
22030
23855
28960
26548
21850
23295
26478
24919
26660
21246
27479
26910
27923
27535
31549
28430
27745
28490
31966
29581
27198
64934
28478
26823
41011
28975
29959
23390
27485
30898
31222
22206
25745
22790
23032
23943
23389
26031
30015
24072
21222
39096
26209
30928
20659
30421
30757
26534
25895
27476
23657
25346
23037
20674
21845
25793
29763
29130
32888
28424
24966
21388
22898
58150
36339
87295
29043
26395
23257
24282
21514
26168
34838
24699
28234
22958
23609
29380
27914
25057
23792
24266
29154
29456
22936
24385
22251
27907
33757
24768
21424
25718
26547
27760
26253
25384
30491
25519
20652
23200
28762
28477
22088
23566
24152
23685
25741
26777
32355
24520
25670
27782
32106
25260
22474
29659
25225
24956
23374
47597
187133
31282
78996
27721
25109
27925
24130
27943
25255
24873
30880
25291
29642
24825
28834
33002
25033
24129
23305
25432
21414
24656
23399
20942
27615
26304
20786
25654
27688
31944
36974
27255
24481
25109
62038
23484
26877
29946
25271
25378
27115
28545
28490
23389
24878
21137
23213
29001
27665
26520
24347
24723
26668
22999
32897
24944
68176
32923
28449
25948
28627
30601
104547
22794
23418
25224
27251
27028
27050
28885
35871
25556
27190
23222
27765
28532
28326
23269
21060
27068
27717
24631
22417
21018
22913
31499
28780
24370
24541
21820
27352
24568
28860
28429
26594
23897
26106
26546
24553
22330
20153
35334393
 Average Time : 27604 Minimum Time : 18949 Maximum Time : 311260 microseconds 
 Client 1 Average Get/Set Latency = 0.027604 seconds 
 Throughput = 36.2266 opertions per second
