71732
95779
71765
54670
57862
46746
54765
41021
40911
71645
75784
53651
59893
49240
42021
42282
48871
62769
49331
47153
58070
35548
55851
65478
58977
38764
40488
74217
69936
61426
48150
55810
54464
70557
47055
79356
145396
127975
56057
52703
46583
54834
33987
57554
44565
47757
41927
48435
56930
60775
67410
77086
73500
57053
65113
52246
58000
47430
63966
51089
60664
65604
58351
43950
56244
55040
69791
40068
57433
46877
93817
44602
118877
65991
59694
53498
55166
43367
56363
50454
44368
40491
60808
46481
78845
59777
68768
55894
54786
40027
61884
46378
76943
82415
54430
41191
59622
39443
60786
59382
38464
47076
41325
51246
57586
48911
58865
71642
46884
44861
56800
59518
66986
56092
84691
98192
66068
53578
51420
59038
33963
53197
44813
51902
50850
47301
53264
77395
54450
433815
119629
45750
65514
129308
40990
51637
45382
78444
54342
86969
75130
58140
66132
57498
53245
79302
61157
52926
48310
57665
40248
82541
49020
68202
38019
42161
54993
61142
65381
65169
51127
41444
54257
65820
59039
45589
58079
73562
51372
57894
49745
44353
36056
69707
57306
32793
45124
68095
51822
50057
69673
62625
33208
59346
57772
35246
70762
37666
62492
45385
41339
61202
63015
30159
56206
55852
49007
42326
60148
55049
39649
72294
96834
42157
68700
79809
57578
40794
47253
57077
56736
59771
43231
46552
73222
59651
51808
52191
44847
46385
46166
48696
49496
59594
51528
43534
38470
74364
57670
37575
57793
55587
51712
48679
30580
92742
40829
46280
49038
45138
46830
70540
51199
68378
44393
46545
61572
53946
60562
53391
58892
55965
64648
38995
57019
57476
42696
44576
40782
48681
67426
39926
41938
57809
85263
50568
38483
42316
78538
60749
51750
54373
49451
38281
37698
51022
56627
45993
50494
91318
41633
37087
44354
49691
62108
115710
37658
56028
64831
58493
68357
57363
55666
71125
38953
50419
90679
64020
49914
47710
65518
62207
51766
47182
54826
48081
37388
55258
48597
53968
26201
82797
42130
44144
29622
49434
35045
26449
19057
27135
18322960
 Average Time : 57259 Minimum Time : 19057 Maximum Time : 433815 microseconds 
 Client 21 Average Get/Set Latency = 0.057259 seconds 
 Throughput = 17.4645 opertions per second
