71208
99631
86079
54886
73059
57249
61059
72761
44940
53649
46885
46752
42945
41350
34524
67996
36601
56012
51990
61826
55689
42685
55302
61707
55643
64114
67897
45537
37925
49811
52490
50326
61979
46956
53445
49632
43256
56114
38298
50476
40111
48624
67486
51926
41637
90487
51983
55969
75686
50535
61235
56497
44043
54014
62343
66770
52136
68139
49067
57134
47461
99103
57873
55772
41425
64658
64980
45159
68792
50181
40592
42218
53221
43486
57115
50641
101003
60258
81959
37697
66523
52642
62563
45796
43555
36371
60095
64539
43324
48651
35250
61948
62028
41957
51803
41762
55502
45760
62257
50930
50979
37327
42249
42284
44583
55331
43350
45176
50794
49904
50865
64303
49311
66694
41562
59671
48389
43212
60878
53296
56735
47620
44370
100833
61543
57196
59608
68548
136309
127350
61653
50473
48498
47325
42706
104336
38033
38017
129183
148211
51719
79020
60021
78650
42223
44118
42838
58218
65942
35814
49728
52489
48338
57261
72570
51847
60948
65527
74548
40135
63251
54268
29971
64699
43426
45022
48418
43732
36639
50551
56723
46856
51868
69940
46593
39519
64422
52423
53904
43140
59490
50263
54323
38770
39640
56687
59597
47332
57679
39298
49970
58918
56047
51731
76361
55118
79263
45587
63468
67361
46385
65518
32518
63670
62842
60748
42966
37557
40001
44573
71215
59000
43581
74486
96762
60767
70197
46838
44357
95862
46144
46768
54903
73868
62548
51830
45629
54349
51355
65546
57616
53992
51307
63507
55127
68201
56188
77684
69419
41168
41028
39898
47784
51829
43316
39909
25322
30988
69426
120665
50479
56771
60330
38404
53167
82114
64896
49887
43252
50061
50385
52661
56430
56284
40216
52288
55586
42988
53855
51600
64626
42058
47242
71775
55536
50691
64718
61509
38537
49427
52942
41033
44798
42282
77988
51896
31966
74625
61864
58355
53220
61718
59895
62232
48136
54148
45389
35647
39911
61959
59530
38396
48584
58973
53430
34950
42659
37525
43387
64365
44185
58024
57335
56095
44119
61616
73577
73263
76315
46684
17814229
 Average Time : 55669 Minimum Time : 25322 Maximum Time : 148211 microseconds 
 Client 30 Average Get/Set Latency = 0.055669 seconds 
 Throughput = 17.9633 opertions per second
