30789
23420
23685
28834
26377
26681
24842
29019
23979
26259
25180
26599
31809
28637
31184
24619
25642
29172
27202
32112
27710
25877
24141
29629
24922
27317
25235
29917
25245
27208
30855
25581
24225
26122
23753
27720
34701
26741
30095
32077
26345
29523
25147
27297
26947
25692
25245
25812
33718
30933
24191
21861
22895
32058
28973
28160
25999
33258
30755
20781
25697
24642
23053
24728
23018
28706
28740
25131
25918
22516
27493
29838
28016
29833
25336
25066
34525
26836
19035
24352
26862
28782
24017
27972
24851
28899
29015
20756
28222
31743
31718
31875
26724
28614
28903
23341
31165
29682
27491
28258
26324
26856
25220
30669
31773
31129
31216
36241
26567
25736
27193
23978
29298
26491
24140
29372
25304
24649
26030
31130
28241
27029
29313
24018
28841
23861
23157
26570
30968
28545
30489
29027
24043
25823
27503
31509
25002
20438
28673
27064
32659
28263
25205
28625
27205
28496
24843
24192
28641
31897
26419
25037
27155
26648
27189
24855
28015
27041
30655
30852
25215
31672
23911
27870
24414
27339
22552
31571
25866
27958
24050
24179
31614
22097
26990
25337
27768
27994
31891
29390
26513
27405
30800
28629
31740
37257
24977
29497
23222
27114
25729
30185
22584
25161
27430
22358
25982
26308
23439
25479
32377
27780
27215
30122
26856
25703
23257
22079
27545
26293
29459
24645
23812
23835
26041
26638
33432
27448
28895
28062
26421
27563
25608
25482
25206
22085
27863
32848
26448
25460
25813
26801
32092
29751
33083
25109
31757
28490
22014
22986
22800
28802
27842
28854
30056
22528
25297
26585
29168
35465
27758
28368
27807
23161
28522
29498
31984
25308
25786
27917
31113
24405
20939
30127
24045
27447
24803
22439
25030
25351
32509
24890
21114
31395
26170
26381
26853
25895
30744
26891
21484
24509
25987
28001
25976
24668
26661
30860
24232
27897
31210
26604
23737
23738
29682
26764
27182
35005
28170
27406
25674
29416
21042
25276
23650
22205
25311
22993
23710
32633
21380
27944
30758
35016
41546
32523
37329
28235
27070
27288
30491
31650
27249
29368
27496
25732
26924
28536
26221
25570
29610
31183
33892
21591
19907
21631
25736
25619
28336
27192
27459
30435
28631
37170
29291
23906
25987
27022
22464
23826
26842
27903
29061
26848
29344
30812
31122
32852
30377
34141
28512
23163
22278
29232
27673
28435
25903
24191
31431
25886
28316
24151
27614
22685
25205
26076
29194
24396
32216
24151
23777
26942
33483
25578
27364
26683
22937
29339
29674
29973
27393
34856
30139
30254
27368
30575
29292
27273
27056
22955
29567
32488
26064
30574
32456
32037
27433
31068
34760
24400
27414
25845
26037
24769
28599
26126
27761
28299
30831
25451
23609
24929
24442
29073
22931
25030
30973
32781
23520
23869
31781
32059
23028
25311
29192
27380
26776
24062
25269
28211
23957
30084
31256
24965
27149
24647
26119
32585
27600
28137
30550
25973
26562
27492
31092
24343
28637
24268
29416
28498
27354
32972
22328
25509
27907
27001
24759
25756
30490
26617
25063
27171
26208
28925
23375
25043
25769
30172
31448
30741
22145
23227
30481
29752
27029
30358
22143
26839
31317
29513
28085
27078
29744
31251
26655
33398
27561
33042
26879
32450
28885
25404
32597
30411
27590
28573
25986
28247
24205
27505
34881
32352
32581
28903
26256
21760
23448
22138
25448
27590
22714
28103
33390
23904
27888
27300
39149
30862
29226
24030
31545
25273
25060
29002
32036
31568
27027
20360
26435
20200
27328
27650
29340
27909
30473
30309
22796
21948
27807
33383
29746
28383
27220
27816
25998
24750
27460
26676
30905
25707
24208
32348
26504
26112
25372
24438
32606
29100
28312
27300
31267
23587
25868
25289
24275
27661
25108
27647
24856
22333
73162
28209
33979
26615
29263
27226
26843
23906
26553
31045
31382
25598
23561
33400
28707
27615
28735
26789
22990
22464
28507
24611
29706
28855
30763
24053
21509
28141
25614
22341
24785
29183
30711
26859
25373
28331
26367
29511
25286
25467
32821
25479
27740
30770
34946
26790
30137
23273
30873
30939
23089
23341
26118
23596
29049
25938
23905
23727
27394
26464
24667
25598
27336
26756
26997
28212
28843
32625
29028
26344
30947
27685
29857
25325
27771
28818
25973
30706
30053
30257
29598
29458
28713
19764
31458
32775
27196
29957
29550
23504
25937
31162
23752
21978
27437
27677
21717
28730
22590
29173
29831
29038
24793
33409
28385
25788
27166
27582
26406
27728
24437
25950
26921
25457
24237
26600
21586
24306
27254
26715
27979
27195
24524
29800
22038
24617
30823
28354
23171
27129
27400
22270
24550
31498
27606
29167
24861
30759
28039
23962
26366
23961
26480
26052
25152
21612
22016
35040
29045
26914
25410
28346
29393
26296
30574
30992
26908
28427
27337
22673
31561
27811
28043
28196
24221
32556
30205
30311
33704
29771
21889
27227
23823
24202
32181
24039
24315
32180
29269
26700
28930
41749
32185
32186
28620
25616
29604
24340
31579
32666
26087
27887
29576
24651
25033
25489
26669
31314
27101
30815
24486
28267
29748
26182
27272
30179
23644
22815
26675
22928
25029
25631
32333
27482
26013
24271
25511
28950
29956
32584
28914
23272
22013
29557
26062
30946
30501
31263
27720
29866
39726
31879
26508
25693
24816
27813
29873
26821
22335
32681
28186
23138
23876
24823
32743
26285
29120
27255
29310
28965
27361
28780
35498
25227
28244
24631
23032
21811
28018
29703
21405
27063
27112
30059
24993
29547
32027
23304
32676
29408
30140
29944
26734
25177
28402
29148
26699
22323
28203
27002
28522
27003
26748
28428
29118
23990
26714
22537
25741
22039
32807
24780
31722
27704
27525
28917
26716
28382
27568
33746
22901
21782
26966
29941
26232
28981
28974
28298
22870
24874
21534
36020
32384
32020
24694
26580
29992
31556
22742
25456
29481
22879
26820
26080
29341
21654
30099
27882
27162
28303
25747
26577
30317
28825
26068
25845
25839
26122
32076
29896
25267
21458
24957
32687
24074
28876
25360
27969
27149
27291
24342
30027
30270
27035
25920
26934
30391
25465
21017
39840
31307
30597
26437
34588
30327
24310
27101
26576
25864
27882
26877
28861
26678
27151
22958
25254
26530
28257
26882
32787
27710
27949
29705
30042
26811
29597
25930
28978
31908
25388
32294
27998
24858
22917
34792
21242
29810
27922
26128
48312
45551
42298
27343
41666
36838
29067
24001
21578
28367
28303
27699
30902
27732
28652
28137
26793
35246
34659
31569
31578
30491
23947
27485
26931
26586
26168
41928
28693
38579
38769
31597
28445
31278
25638
22100
28252
31058
30723
29393
27702
30475
27502
25048
27285
27066
29506
31611
30669
26930
26644
23269
29525
29077
29523
30620
28505
23400
25515
21271
22054
30737
26875
33102
24082
23713
40067
30171
27992
30571
26360
33127
31478
26138
30620
26313
28058
28746
28505
31787
32496
26380
31016
27729
31607
22378
24329
26952
28405
31476
25244
29828
27924
29197
28710
27263
29826
29101
29406
22387
20840
28061
25003
34350
30605
28871
29585
26746
28836
26490
24739
29658
28588
28603
28712
25947
26893
31880
30901
29013
31186
27653
26018
26726
26449
31207
29235
30093
30015
28054
33349
27805
31018
24424
23344
28956
26519
32667
28256
28738
23584
32486
27850
29789
33794
27396
24491
26417
24869
27253
28476
24448
28028
26570
21937
23687
29827
24406
26195
25688
31875
31574
32318
24002
28039
25309
30358
26630
25801
33011
35501
25487
23940
29473
27443
23418
29141
30659
27399
27979
26896
29116
25456
24021
32930
33117
29356
32117
25024
21865
28215
23775
27749
29279
26609
34474
30965
27383
28063
25471
27320
26689
31422
21820
31719
27026
29009
30255
28140
24862
32809
26159
27266
29185
24413
29393
23988
26445
28940
23748
30033
25946
28705
28977
23356
26261
31245
31243
27470
29770
29807
27394
28265
25059
28509
24284
30051
28763
29253
33030
27006
28235
25083
25915
28159
28901
26819
26827
32262
32085
28671
27445
30339
24224
28144
31161
27648
23526
34246
25933
25822
28775
25417
29670
26751
25914
26317
29860
21652
28858
30009
29008
34913
28570
31526
21436
30846
29008
29737
24755
26490
27915
34367
31187
29428
28150
25273
27310
28359
32223
33028
29097
24842
26291
29528
28490
30033
29876
30627
26326
26154
29811
32448
30366
26011
22904
31512
26729
26453
30700
24954
32557
23226
28176
26057
23497
33532
23905
25290
29868
33035
24068
24510
24952
21223
29442
23123
28862
27165
26311
35416
28095
24576
26032
30750
28791
31380
28787
40813
27682
27663
25051
45417
34162
29363
28314
25082
27942
32610
28581
23768
29643
33906
23800
26672
29119
29397
28880
24071
27330
29586
32723
26090
32506
25093
26904
27727
26056
33397
29490
25817
28816
23871
30879
23976
24798
28059
32330
34662
25712
34575
27770
24641
28126
31513
26574
28584
26038
26516
27023
25444
26374
28115
28118
30271
32529
31624
27723
24023
29537
29656
33667
30583
27667
25077
27561
31608
31988
27497
27964
29875
24584
28264
29515
33391
30223
27136
30220
30126
28623
22660
27547
21557
25333
28822
33129
23531
22872
29194
26544
31757
31721
28036
30447
26209
34969
25787
24972
26331
29917
27696
29326
24627
29562
31007
34609
26187
26791
29255
25105
26217
31875
23326
32838
29166
24419
33398
27495
22412
28189
27982
25698
24377
24375
36074
27705
32212
24804
26846
25827
26550
21257
29682
28258
26356
30798
26624
26975
32309
37357
26768
25560
31879
36234
25587
24030
26521
26963
27529
29058
24631
25990
25359
29160
31297
25652
28467
28306
29050
29889
31369
29068
33879
31566
35740
32000
33645
28225
29931
30033
29839
28203
24675
20717
30561
33318
25210
25473
29389
23653
25908
26951
28801
30160
26921
25551
28925
32833
25405
31139
31299
30155
28866
33084
28349
29768
28548
23012
31649
25997
33557
23717
28297
24998
27452
22956
34841
29958
24028
32798
19852
32879
25434
35926
34470
27863
27591
30675
27671
29995
23573
21613
31403
28860
29528
28924
30140
32182
24355
21461
36221
26197
29376
27774
25367
29838
21819
30270
25773
34953
33359
26311
26930
31529
29779
28476
29237
27657
27167
30517
29381
24457
27625
26250
29280
32706
30661
27293
26917
33214
23395
24046
30512
32797
31063
31859
25851
32798
35531
36661
31530
29755
31356
36129
35774
27172
33675
32720
26706
32607
30513
35270
27522
30092
36478
30244
28057
26484
33858
31876
24521
24930
29413
29424
29192
24790
30948
34635
31972
26652
28523
29810
39174
27115
32386
36362
27796
30892
25044
29195
33904
31551
31210
25939
30985
28494
23044
27150
30622
25439
23879
36620
32952
35672
22582
25587
24798
29284
27281
30935
31224
32042
31510
26973
25718
26843
35795
27439
28554
34503
28605
29901
30305
28745
26338
26799
28467
27440
30759
39390
26190
29358
27399
28194
28936
30248
28482
31757
27725
30201
25902
28268
28367
25655
29411
27110
35204
24586
38307
26364
27230
25960
27091
30896
32919
34821
29542
25678
28636
22230
28255
25976
28665
30117
29944
27773
27265
29866
32227
30360
28887
26286
29816
28251
26841
30540
29054
30924
29705
28292
26768
27442
29198
30491
29923
25466
23547
24500
24899
25574
31165
26905
31077
32923
34303
31073
23777
22943
28590
35751
24034
24183
28477
30746
26606
26612
24735
25974
32659
30041
36192
25523
27139
26735
29604
29862
25793
26807
28012
28176
25398
32118
28915
24716
30491
26048
24030
28632
24785
25831
25748
30123
28735
21886
32790
31699
25982
25232
31554
27781
26503
31905
26171
29964
34086
26563
28467
31787
33858
27360
25882
33460
29419
33427
25819
31728
29442
28052
30529
28009
29813
26236
25040
28225
27198
29987
24341
31099
26550
28935
30116
26810
32885
27901
32698
31435
29595
32173
29893
24814
33903
30701
21994
26761
29131
28545
33042
26773
32635
27010
31271
34277
25347
29937
31436
33860
26978
29604
31314
31943
25524
26840
28977
26025
28795
30618
32754
32329
32611
29189
28065
32684
27944
35836
26303
31424
25648
32066
34339
30539
31077
22381
28144
26135
25415
28256
26435
28718
31025
28398
30884
25076
28542
34189
28377
27562
29741
28559
27745
27956
28164
22713
23824
28548
27910
34426
26672
32251
28634
30735
28350
35373
21785
23898
29189
34362
26687
25359
26166
33335
26983
30280
28902
29090
25911
31147
26326
28811
30374
31037
34446
30547
30287
33363
29163
24799
28553
30795
29438
33295
27399
31244
31648
25104
26794
29027
25592
26747
27732
28388
30084
28821
27975
30082
23519
24980
24646
26863
33163
29477
29925
28036
24337
32669
29830
22602
24332
32797
28738
26168
24403
31257
30898
24689
25827
23292
33099
23410
32504
24117
31529
27962
24508
24851
25958
30992
25834
34353
27211
35236
32315
26729
27577
34475
29061
26688
27505
32512
34475
30407
26675
33150
27609
32754
26280
23769
32740
30918
28091
25255
28913
27376
26897
30281
33768
27819
24891
24265
27652
31190
34876
27935
25624
30792
26356
24382
29900
26165
27577
27991
31666
25266
26483
25177
29800
27734
32948
24098
30031
27167
25172
38175
25492
32185
27643
32711
31441
28013
27170
34487
28110
30502
27581
29152
32666
34145
29595
26272
30391
34600
25739
28116
23570
22954
29199
22824
23770
30845
31187
22212
33095
30885
34101
28376
23417
31337
33770
25982
27613
43502
41734
39675
51435
58595
25269
25223
26791
31740
26772
30530
27824
36208
28845
28848
30564
33979
31949
27797
27852
24797
21908
24268
26527
29065
26688
27990
32403
29338
29187
24540
32924
34389
23586
29613
25946
33261
28920
30397
32753
24565
32695
26620
27189
25828
25190
33737
24930
34696
30060
34016
24368
25659
22238
30774
29989
24852
25053
25078
31116
32353
28306
29408
27122
25056
29972
23178
34940
25653
28147
28224
31325
30194
46884
27182
36030
27426
46478
24548
24438
34626
24159
28706
30977
31099
27799
23979
29263
31950
31100
29581
24965
26193
30699
29853
30715
23624
31899
27806
29348
32104
34220
28419
23846
27433
33561
27775
31754
23060
30544
26564
33375
32541
29657
28189
28802
26365
22266
36846
28152
28296
34383
27534
29325
31743
30176
31935
31329
36560
36619
33010
28615
26378
27247
28021
30891
28035
30112
24403
27585
23837
24727
26529
31285
26345
23137
28868
30056
32838
29845
30129
26978
31608
29147
29944
26718
29217
28826
26399
28962
31066
29731
32093
25553
79896
31525
25652
31594
31890
47082
32915
34901
24749
28596
28502
30377
35349
24668
22982
24062
27134
28986
30023
31012
34408
24809
21393
26042
30104
31145
32754
25959
33861
32909
33478
28523
28075
30484
22566
28481
30749
28789
32129
22896
28399
28193
26191
29504
27511
22882
27917
24305
27718
29744
31820
26243
27190
34191
24915
30770
30140
27301
26108
26686
29695
28455
27355
24789
33211
26136
30161
29925
38601
30479
28875
30665
29680
21829
25117
28211
29173
31367
26519
34872
31050
29674
30758
25384
29952
30924
29571
29926
28367
32336
35755
29951
28792
31977
32197
32542
27113
32442
29829
23306
30000
27001
30366
30610
25277
29557
33155
27299
32694
29657
36526
29548
34071
27788
26678
25060
26180
27389
32006
24718
23749
26467
25400
27671
32269
38458
33192
29569
28935
25902
25098
28429
30384
33372
189655
31750
35363
31715
29500
27868
28831
25214
33151
30653
31378
29988
31404
26545
25218
23797
24996
32738
32196
24149
34949
33532
30558
31555
26457
29275
32304
25448
28501
31880
25650
32154
28531
28801
32824
28924
28371
31024
26751
36026
26432
29612
28009
30044
28809
24123
26054
25129
31042
25329
21412
28907
32241
28431
25186
28694
32542
31255
28147
29733
33829
36506
28396
24908
22023
33134
28808
29929
27095
28774
27644
25773
27634
27359
35682
24754
23720
26304
30266
25638
24096
36983
31484
30127
24901
29005
27378
33009
32373
32792
30209
32363
26392
32612
24372
31840
29559
30947
25043
33333
26088
29216
30490
31848
24619
33512
25539
28481
29532
29777
26255
29047
33700
29385
33655
29633
33219
28992
26281
25335
34278
25791
24134
26590
27669
24226
27641
25124
28751
29062
33131
28772
31439
31489
27566
24129
25669
25035
28137
30402
34438
29935
33958
32303
30805
21169
24601
28362
31137
27596
24641
25044
33006
33038
30771
33693
32155
23661
27370
32675
32171
32460
21445
30234
35245
38458
28808
28753
30136
28578
25285
23477
24486
29907
28116
26525
23952
30454
28221
28446
25467
31315
32070
23514
26826
27613
27056
31835
31776
30745
33807
25376
23422
26969
32947
28497
22840
35155
35293
32586
49033
24304
30109
27592
31773
35926
29241
24874
29710
24986
27289
34092
29036
30852
30097
32044
31060
32068
30742
33857
49532
33458
26904
28917
29454
31562
26945
31658
31635
32190
33216
32056
25880
33064
35764
26781
29292
31589
24346
34503
28275
27140
33725
29242
32767
30286
33894
31486
30978
34328
32995
27704
26648
25492
31039
27230
25342
32095
33518
35777
24896
29302
24001
25514
30163
23137
27487
26165
29837
27165
24902
23625
34460
35627
32526
28032
31286
31897
31246
28762
36516
31465
48856
33452
36971
33848
52901
34526
31396
23827
28427
32791
28521
28246
25453
32241
34375
32204
26358
25296
32807
31992
30979
31508
24188
24106
30096
28395
26061
30017
30131
20550
26659
29246
26954
29965
26817
25887
29896
26626
26847
27506
33563
33547
26404
31469
41576
26163
30528
29179
25605
31173
37632
32054
31530
32004
31549
24977
32359
24706
32411
22012
28277
28934
29495
29929
24189
28609
25096
36844
32868
34822
28892
34805
28062
30042
26999
29189
27173
30736
31976
28940
26122
24208
27140
27635
30059
33177
38682
30629
29108
31014
34446
23888
29074
31311
28614
27696
29265
23861
27552
35225
27402
30930
30118
29499
31688
27060
33862
29224
29697
32701
30114
29374
25126
30090
22883
33777
32237
32307
31053
30771
33705
29080
22507
30446
26048
26527
29162
32809
32271
33664
31635
32329
28449
34699
29772
34015
28385
26151
33272
30927
27889
23047
32550
27607
31961
30658
35621
31454
30684
30590
26745
28644
24831
31270
34303
28995
34985
33820
25261
31832
33634
35114
31257
26463
26654
31459
28550
25771
36747
35833
34196
29885
34192
28181
25860
34246
29794
33755
26197
30104
33232
28125
26481
34121
31395
26830
27377
35944
26536
25073
24295
26955
30062
31712
33271
31865
31880
35338
37236
29975
26016
32029
32583
32438
31774
33796
29720
25693
28031
32321
32589
24746
24145
26193
26382
26873
33998
26830
27421
27032
30667
29212
32875
36419
26408
30004
31070
37728
23172
22938
25848
28290
28985
24006
25588
30962
39004
32880
28276
24864
35236
40208
30474
31200
29205
30523
29838
23893
25549
33926
26044
24269
29886
38370
31043
29436
35776
26603
28882
29061
26686
28140
30824
35092
26587
25754
31195
30369
25869
34165
32345
26491
27099
25014
33393
35268
29561
34850
32062
30177
25757
28961
26410
29076
28799
27778
23465
32055
22074
30574
25754
28790
30275
23275
23173
24275
31860
32107
24523
24129
24141
34296
30450
25973
36013
31330
28226
30282
28383
31168
26861
30574
30693
37125
30484
29747
30078
31208
28523
26632
32863
25554
24540
23457
29474
26907
30576
27518
34927
33180
34335
30320
29862
22852
24404
30253
23986
31645
28264
31211
28916
26282
28021
28618
26006
28206
35323
30716
26802
28085
29487
37283
25545
40828
22589
32740
34363
27374
32867
25150
30181
26295
28914
24461
31649
25478
26910
25577
28927
26941
29895
30754
51233
29143
30255
26881
33205
31198
30110
33583
28320
28328
30684
33158
39451
33835
25419
34605
32808
31033
31450
28430
26822
25199
21758
24161
25534
32790
37061
27476
33397
34046
31531
34491
28471
35642
27931
28731
25838
24477
36662
32707
31986
29431
29307
29736
29855
32606
25161
29303
28189
34603
26744
23469
26796
29283
31749
26649
30620
28439
34008
30205
28118
24798
37951
27877
27939
34782
32928
29776
31278
32233
28984
28414
31839
37588
31126
30338
24614
24785
21581
24271
23971
38205
32400
25608
26125
24025
33256
28528
24509
32718
27357
27943
30095
26108
29230
31247
30426
36266
29633
34538
30236
99593
46275
27940
24536
25525
33965
44263
34005
32783
23773
33266
27875
28985
29191
37383
45945
56556
25125
50301
28601
25706
26286
32208
35201
28430
30431
25475
30466
26861
30981
33277
33378
31509
24826
31839
23516
28394
27789
24755
28497
28139
31064
27532
28126
28711
26321
32522
30326
29405
42353
27624
25358
28904
25955
32975
31163
33534
29809
24133
25731
37548
32789
29795
27851
32586
29475
30533
28163
25782
30744
31436
23563
21599
33478
32001
27419
26640
33120
29524
36753
27999
23891
32041
30133
28458
27008
24339
30811
23865
24949
21480
22567
27289
24279
34715
25256
25621
32899
28364
35717
27107
30783
23468
29012
25992
25691
27534
28827
30145
28545
28121
31195
25343
38835
27850
25183
27835
25990
34434
26231
24149
28849
36254
33222
24143
26868
26230
31795
26677
28407
26523
34725
34301
27577
27572
31727
26091
27585
27917
27241
29245
27804
30126
26008
31250
25822
25975
25039
28031
36917
39587
59049
39326
27083
28209
21751
29063
26725
29557
29225
38670
24330
32227
22876
23468
37733
33121
29249
25181
29769
25019
26484
27945
33170
26479
26679
25212
32381
32333
32822
28971
35198
37486
32281
36662
30780
29429
28266
33506
27264
34984
30956
23098
23786
29193
28857
33507
31650
38056
32375
26336
25820
29017
31851
34665
32967
31056
29511
31859
23361
31291
32677
28830
31464
36593
26932
32726
28976
27053
31929
30592
30076
30874
28340
30917
26936
26870
30736
28304
28615
35657
32906
29195
30529
24305
26505
33275
26794
28842
27088
29071
27685
24353
29861
32613
28310
28458
23943
30428
30028
25604
33819
25538
25321
25540
22416
26261
31880
21166
24230
36136
30814
25093
26033
25388
37693
32632
31939
28860
26584
34611
33578
35899
28740
33337
35048
36698
32580
33703
27909
26954
27183
34573
28766
30989
27461
24755
19969
32756
30735
37498
38995
26097
32259
29541
30028
22961
30244
36788
29562
33440
30508
27789
32623
34586
29915
27044
27067
33897
26019
29335
33603
32225
27272
24709
27893
27627
29796
32729
35177
30280
30401
28261
26598
24111
33271
32485
37533
35970
22954
30751
30800
26750
35570
39730
31834
33473
29508
36418
33427
24255
32422
28846
32611
35663
29706
24874
27823
31087
32337
34978
33365
37152
27171
29194
35051
26112
26309
35048
27762
29014
36991
31383
24004
26132
30309
24956
28553
25629
31072
28207
29535
28103
30136
26904
24090
31062
29276
31266
30613
30897
30258
26307
33910
29967
29000
28859
30880
32328
27574
34762
24672
26436
28332
25060
28217
35074
29924
31536
34542
36689
30955
27072
29340
32963
31327
31425
35250
33089
26305
28289
32263
34912
27688
29768
26411
23098
26206
34598
28599
32289
32607
32553
35816
35413
29898
31561
33910
32513
29800
25273
32955
27448
27465
28772
32789
32679
34707
35374
31328
32804
32232
35052
28259
29298
30407
31985
23796
30514
26243
33505
26580
32566
28353
23986
33620
29749
28780
34884
25437
30409
23016
29109
29128
25769
28337
32984
38292
27244
34069
24756
36113
32780
26918
31906
37014
30845
29045
29116
28883
34014
32396
23303
30969
28966
26221
30842
34945
32627
31513
25753
33508
33020
26842
33011
25500
35847
27940
38002
23848
25497
30719
26605
24105
28513
32277
29158
27791
29565
27675
30780
26559
29586
33308
23101
30248
23090
32572
23232
29857
27233
24612
26775
29389
28444
38865
34483
33056
23308
23022
29285
32956
37933
37268
34684
30035
22762
29289
30523
33169
26834
35760
22729
28306
32845
26006
27872
37643
30769
27362
40924
27559
22447
29166
23780
28283
29798
33293
27945
30438
22192
26558
29696
25026
33088
32902
29204
34801
32561
29372
24436
35638
33405
28441
30120
27468
28482
27255
34510
23789
26925
30869
33248
29237
29947
27581
26097
33329
26914
36637
27862
31354
32366
25863
28089
25647
34182
32485
27606
35264
26486
27742
28035
28116
30577
40882
29445
30621
26478
30257
29223
34377
35236
32788
32365
35099
32257
39193
35763
35006
26040
36654
37706
28616
23186
33004
26810
27238
31397
30050
27741
30711
29540
26391
26878
22524
34403
25374
32611
30882
25603
39991
38405
33505
26514
23100
28994
31062
29131
32545
28965
30069
32283
27426
28877
25790
26029
33311
33741
30761
30535
30097
32903
30706
28244
28666
29194
28153
25828
34281
33518
27418
31253
32018
29057
35238
33061
29131
23304
43560
32496
30617
28936
36492
32627
30462
31537
35760
30282
23916
22065
39347
26294
26111
33042
36355
30216
26262
32040
33862
35177
35407
32982
25882
32619
25571
25225
34807
24471
24719
25034
27699
31306
38854
31351
32968
33737
31740
30155
34349
33750
28616
35786
31655
31526
32811
25298
26417
33730
26392
29626
35732
35191
31386
32354
24060
35400
36014
24883
24345
35587
28781
26373
35839
29007
30795
32848
30543
31650
25990
39211
33870
28461
23798
31570
26098
33139
23305
29402
29597
25468
30692
26018
27792
25513
27441
31922
28714
29697
35926
25713
28166
32854
32579
32269
30160
33456
28099
29109
30490
28098
24174
31538
31299
28787
33364
30018
36250
24097
27959
36196
31404
33795
32265
30966
26511
35520
33065
33878
25840
28277
31538
32939
24979
31913
31758
36673
28710
22704
31595
131464
90602
91677
32879
29301
30357
24736
34060
29426
31384
29599
32216
35294
33496
30818
26024
27054
32227
35741
33521
26493
26429
30198
30568
33730
26911
27192
28858
31040
34969
35969
34976
29257
30185
28073
32408
39639
35176
23477
30148
28930
29364
27594
26834
26655
26979
37384
30306
34946
30965
30909
26593
26286
24495
33174
36970
36678
27904
25615
26018
32638
27988
34222
30929
30810
29111
36419
37045
34344
33552
30906
24908
25914
26848
30742
28493
29342
28255
29447
32060
27076
35284
25945
31434
28078
26680
31598
35229
26993
29642
28151
34593
29856
31266
28049
29525
34651
32864
29595
31007
29356
25205
31689
31986
25204
33478
24092
87983
52233
29437
29437
26486
33190
26580
26924
27597
27538
26806
29181
24829
32147
21861
32974
113966
34875
34656
31253
28966
28866
27764
28149
25986
30619
33703
25444
27217
29633
29837
26962
28905
24713
32405
31503
24330
30628
29584
34103
20893
28994
32679
23703
30614
31566
35553
31681
26073
34778
30967
37954
28515
32448
28435
32404
28364
29981
28286
32053
24704
28434
31785
37492
32562
33439
28423
23964
34860
28264
30579
33736
23432
41221
35974
32008
31637
27258
24726
36353
28944
27782
24789
23393
35783
35442
26790
31825
28709
25602
30629
23279
38674
29738
35459
30795
32276
25782
33624
29352
31617
30822
28745
29313
30271
29280
30681
33932
32221
31072
31110
28420
30041
35607
35644
26963
27762
29550
23216
29065
24910
27811
31615
25862
23465
26205
26961
27355
28064
28339
36366
25870
27958
32107
33059
35574
25880
33289
33656
32720
29480
28771
33302
31651
30569
33504
35241
30593
27424
34649
35158
36411
32965
26916
36446
37420
26886
26245
32515
34556
30820
33621
29187
37383
23384
32076
32345
30088
25659
35333
28623
26703
33062
49605
48553
62305
28855
27451
33006
35742
29407
32749
27918
30183
35432
40510
36477
34418
28708
26733
24204
40252
36715
25381
26566
33653
32621
29385
29374
35336
28046
30262
35215
35603
28290
26118
29644
33608
33052
33986
24375
39097
31861
28367
23219
28833
31364
23564
32415
33241
25582
33053
32271
25938
29223
32814
34523
33778
24632
31231
33184
22013
30888
32767
24227
30595
28944
29297
29889
23495
22966
28313
28935
30856
31998
35599
23542
31909
24408
31488
32467
37560
32278
40367
32665
32973
29569
33451
31523
28208
32471
26498
27632
26853
29013
39133
27552
29130
35043
28667
27051
22665
28428
28496
30711
40115
28924
32610
26863
25932
23625
27969
35694
33422
25621
27737
28208
28247
28921
33087
35573
33653
29503
30583
30415
33010
26931
29917
32308
29730
31559
33819
31178
26571
31585
31050
28735
27660
31525
28553
22839
33807
25972
26574
25396
35342
29569
32509
34118
30539
27588
28388
30260
26696
27797
27049
31683
35217
26139
27568
25301
32942
37413
28632
30459
25016
29561
26283
25733
26818
34665
31352
27526
28454
27982
29943
27305
30554
24666
31160
37233
23984
25233
26501
32173
25770
32054
33674
34599
31222
39772
30109
48652
27449
46511
63337
31507
28905
28387
26746
33850
27916
31159
26814
27713
28496
33937
32250
39329
24594
36576
24146
22076
34187
28571
24627
25485
24620
25975
25917
33605
35241
27315
33478
26360
35124
34440
30276
26365
26639
29315
34159
36472
26011
34445
37554
35975
28617
34488
30148
26011
31647
27631
32575
28623
28880
26043
29894
31133
34965
33760
34818
27670
31505
34756
29595
26620
34090
27188
31838
36235
25547
28960
28781
35836
27660
30852
35152
24962
25019
28281
26077
35801
28274
28205
24069
32063
27705
36943
37106
23833
26681
27771
32295
32921
34377
29624
34575
31535
26470
26669
32658
28618
39053
28251
31674
26576
35791
31615
34556
28251
24970
24656
22923
24931
27634
32416
31402
22275
31573
31790
27599
31640
30627
33712
33159
23594
22938
26711
33616
33338
30025
39159
40002
36762
39051
31301
28917
30175
30604
29195
29386
33220
28791
33388
28249
32682
30176
34122
24030
28801
28116
34436
29205
35330
28908
32239
35821
24627
32324
37412
31867
24761
33906
27752
24131
26092
35553
31737
24935
32889
33712
35329
25838
33850
29729
30839
32313
26797
23194
29247
24901
33865
23437
33463
30942
36603
35027
39409
30344
37100
26288
26271
34755
26818
30020
27866
27492
35102
31212
28925
37905
26114
33048
29277
26407
26719
30219
32258
31902
34826
28771
29626
32319
28149
28745
27846
39287
33951
33026
36051
26157
29228
31841
23607
27765
29473
30088
32219
34585
25235
35074
26682
33606
28593
27393
36822
36081
35328
32313
35569
29517
32485
24054
36137
22835
33378
27958
32820
26553
23345
26361
28767
31884
38187
28609
31995
35254
28430
25378
27187
31358
36126
34877
27810
28981
30951
27369
28944
30713
33802
28730
33531
26050
39988
38594
27470
32540
27164
43666
33240
34745
29085
26487
32472
27735
31499
33662
26699
28812
33456
35063
36030
35020
31729
26065
28248
24929
34505
33298
33496
32606
30474
31274
24594
25905
26301
27967
27431
34149
31330
29747
34905
35465
27777
33378
32650
28075
33397
32801
27283
25147
28429
40415
28183
25850
37191
36060
27785
27817
29920
27366
33124
26189
33257
38695
25802
35701
33936
28417
24852
26640
40575
34898
35829
36759
35599
24815
31370
32127
31673
36267
24645
36669
33787
35047
27988
27682
34740
30864
37770
30664
31745
31800
24750
36196
31347
28029
33374
32709
35802
28882
34186
25177
33893
35429
32605
30411
29914
34846
34913
34916
25901
30624
27440
33059
26568
30649
37095
36212
25595
24025
35012
33570
36136
21962
31289
37289
34974
33742
28304
34058
32482
28155
26521
40686
28374
29794
30366
34561
24376
34116
31020
27713
35492
27383
25096
28350
32113
33303
31380
31630
30833
28397
39754
28310
29036
31957
22142
30365
28927
24941
33654
30583
29667
35020
26442
29456
28654
32011
31294
28744
25334
30150
32163
27690
28523
32161
35446
25237
31631
24856
23222
26729
30825
33786
32319
29551
29475
30630
31097
26290
29997
36772
26684
31179
32079
26638
34543
34437
26505
34362
26472
26420
30149
35413
34285
27168
30427
35776
24472
27310
24564
24380
35216
25728
31866
30616
27620
29515
33814
33787
32194
29563
26979
33544
29051
23656
26434
25718
32471
29393
27775
33620
24828
30954
34270
25423
28554
26554
34120
27148
25066
30514
29415
32003
32237
32930
33170
26134
26353
26610
39133
29301
27079
36379
26775
22784
34501
40037
35916
36365
73649
31216
33741
27602
32999
31062
29308
36950
35326
31567
36604
35301
33640
27834
26226
30149
29035
33333
29448
27558
30500
35992
24073
30584
30865
30342
28223
28676
30992
33336
32033
29388
35243
26311
26822
37002
38399
31728
28314
34111
34913
26264
28610
26316
29168
32725
26394
32131
31762
35192
29907
26164
32536
29398
23129
33024
37606
33084
32242
27015
37211
37946
27785
27715
41414
35452
22834
31072
33397
31457
26535
27781
33778
25845
31419
28276
30498
35228
28973
24898
28536
30984
24711
26841
34484
38291
35900
33506
29347
35794
28546
34476
33447
23323
32038
31618
24025
44226
31552
37994
33820
33671
29290
35410
34644
32168
34381
34935
34059
31625
23053
32625
33749
26352
35478
35015
27386
28804
27044
34682
29491
34068
30177
33290
34914
28212
34497
32252
34441
35454
33704
34863
24741
25189
26036
33125
30547
29118
34044
37972
28105
27534
25925
28687
34570
34290
30160
23465
32404
35870
32920
28695
39230
29390
26992
25194
31301
26438
34224
24367
39028
31317
29838
34328
41224
25385
27382
35166
29213
32236
28330
30091
31559
27373
32759
29001
26523
33451
26829
31624
33819
36421
36967
34236
32208
36379
37099
37256
27419
27955
36957
28819
27284
29980
34357
44658
36160
31190
34374
36582
151041411
 Average Time : 29500 Minimum Time : 19035 Maximum Time : 189655 microseconds 
 Client 0 Average Get/Set Latency = 0.0295 seconds 
 Throughput = 33.8983 opertions per second
