48844
32139
41119
34456
37800
35380
34490
27429
28972
37274
30782
41912
37455
38816
30544
34704
30187
36309
34581
34332
37072
39136
36334
36464
33572
39191
30192
26776
32578
34253
28886
36018
36078
26460
36516
29996
28327
25939
28531
32435
31772
42852
43060
34965
52232
30531
44945
39772
35218
32763
28116
28816
35438
37337
32472
43093
75163
23373
35480
61548
28939
28348
70465
32924
34843
30712
31620
35090
35702
34252
28206
31364
38160
32116
34510
26701
32822
35890
23190
35406
33495
29190
28660
36142
30918
33910
30245
48038
29607
42912
44609
53960
43366
25455
34348
35877
24894
30865
34626
26356
35007
36707
27139
29863
33043
36607
38019
51371
38035
27880
35899
30254
38709
38049
29313
43409
42280
27896
30285
34293
43406
25097
30635
32700
37391
33685
28821
31826
27082
27564
285824
38549
37279
32443
33137
32011
29701
33228
29159
33845
30531
32699
30968
39374
66925
31081
44175
33004
34737
39892
35368
37480
39822
36823
28871
33100
29335
42014
29866
27692
44647
37606
29908
39987
26300
35761
36975
23135
43025
23404
38921
38040
33715
35837
38972
34966
32116
30936
33839
34295
32375
31616
31163
33179
26571
35061
39136
28240
29416
34328
36911
29201
36464
30565
38126
27967
71343
27775
46629
47235
54738
27124
34854
33834
41080
32620
30828
28543
26175
32679
27901
36445
26772
31160
32077
30139
32975
34585
25940
33265
30598
31426
39872
45517
43176
27646
37287
57459
30646
32847
31227
30024
30452
21570
24215
34028
27909
30965
34437
32203
26676
31864
35415
40379
34229
30279
28418
33525
33413
31525
29151
37499
24937
35019
30984
33989
33789
31663
31940
32035
34971
28214
26917
76599
21396
92709
33212
28923
31062
36642
38005
32738
30280
27296
27092
33985
26631
32428
32521
26454
36819
28350
23814
33916
33683
44103
27682
30408
34447
28763
42258
35061
38167
28715
22442
37292
32080
31624
28257
30028
30803
31408
30242
31639
31002
37757
34934
25242
33514
33654
34132
36424
40263
31838
33613
32685
31616
29867
26877
25358
55433
62696
56075
45371
34331
38157
33225
25296
25130
33997
32117
31208
30232
45945
26946
38830
40052
33477
43591
35267
34365
33920
33823
38375
27563
36384
25338
30295
31131
34861
34032
39168
31725
28131
27501
65468
30824
26041
37055
24540
35002
41271
29162
29349
28603
36463
27514
33664
30196
40456
31343
44832
29631
31912
26847
30365
31014
39271
50383
23176
30581
35221
31586
26532
28849
31337
28638
44426
35442
36472
28667
29895
71895
36057
33055
26338
43555
37522
34744
43199
34770
36745
46054
43150
30409
37665
29643
31241
26737
33415
25874
23470
88792
29872
74587
48395
95951
48265
53605
30294
43723
32886
30387
32783
38388
30701
33301
27147
32825
29950
33445
30398
36629
29297
26214
27656
30831
38889
35061
32655
36767
28407
35414
30146
38966
35183
29209
32682
26981
33208
34856
28119
43791
39665
40406
34390
36014
43624
32526
24657
26568
36637
33116
36708
40601
32617
26673
27009
32056
28398
31741
33110
31212
30821
27769
34366
68448
32646
110278
35483
28629
30397
24009
36864
35870
36241
38866
38268
29035
31721
35850
28326
35408
36881
30292
30020
30896
36598
38004
31768
39507
24492
35845
23460
35885
37565
41893
35929
44511
33526
41092
27598
26176
32299
32197
38745
26476
39245
27552
31252
30718
28345
27290
37399
35000
34466
46856
38910
38408
32378
31885
40992
31984
34332
31517
27876
34500
29824
37357
23550
33221
31485
29529
29121
34463
35136
53579
40575
55379
42767
33438
40575
33793
42192
32736
29911
27663
32429
25431
36702
46657
39724
33689
33300
32946
30583
25331
34621
37997
27738
30899
27870
33453
35444
28220
27304
42014
34499
30345
23953
36478
31444
55503
27724
39632
27558
35405
37045
24541
28377
31850
34512
28775
34261
40144
31495
30673
36760
27642
88416
28226
37936
22175
30830
24243
25371
28148
29174
29649
24754
37737
25742
39047
42381
36166
35943
32355
34375
37705
31333
32140
43888
26724
31230
30325
27199
30164
30539
41780
26971
29750
33369
25703
33159
73407
61421
39005
72039
31807
61353
22568395
 Average Time : 35263 Minimum Time : 21396 Maximum Time : 285824 microseconds 
 Client 0 Average Get/Set Latency = 0.035263 seconds 
 Throughput = 28.3583 opertions per second
