41111
66573
82813
64767
76411
49688
57921
61825
65617
70852
69031
49334
134486
36803
34956
65031
60463
46465
46777
57965
66466
46705
76816
78805
52300
56497
66419
70154
54849
60236
64311
62349
50240
56922
42810
38136
37665
49724
44628
58186
53212
42525
58041
52545
51519
41921
45336
56295
70944
53248
66816
44445
47307
57916
30570
61626
30482
51487
47636
56681
47952
45390
72317
60313
53968
42211
83837
60099
43115
64570
51449
68454
40639
76754
58069
81363
54690
85825
69125
56616
64933
61186
47160
87947
63539
47711
57793
46301
36208
121405
43514
52592
46140
45518
68586
46515
89922
52822
59153
67336
71271
53787
48529
52459
66768
52986
47024
55251
67227
38277
62188
65929
36511
45468
52057
68809
116239
85554
36465
61444
54182
60360
42706
36299
52032
61252
52492
50533
49250
54522
45836
53841
32143
291294
131571
100556
49765
61330
37563
37283
58650
49700
44924
56962
65097
57189
51118
70436
53061
46467
55359
68871
54750
57023
37271
54861
50226
54398
46489
58733
39809
77844
54438
50548
63305
68241
40484
42241
64269
40736
65197
47893
49770
53133
68318
52726
42611
47918
60364
57032
58487
52128
57602
57959
52830
61368
62296
61294
56955
63692
73240
30402
59173
56026
53981
39369
46385
54300
69892
50564
66395
41162
71788
47802
48903
53910
39760
67497
50249
53671
77849
79908
49566
55505
45737
65855
44934
49172
68461
43753
41250
44139
61239
57637
58132
58474
58658
65375
85360
64617
63843
53302
51347
33359
53919
73614
191187
56491
99946
41870
56189
60455
77897
57889
53246
41336
62375
49465
62108
35857
48837
64409
44919
52847
47177
50733
64269
49258
58136
46583
40677
69772
34375
139028
58899
56758
72884
63354
52262
58518
64441
56947
62527
40842
64064
33649
58120
53494
52561
34292
50668
66787
66383
64486
59958
44367
71078
45818
61954
51793
65847
69183
59374
77522
55568
55704
58732
51619
70322
61349
75203
43305
52793
72184
44232
66198
77183
79311
37512
28473
33258
26225
37083
34005
28695
25157
24139
21906
25625
24113
18404351
 Average Time : 57513 Minimum Time : 21906 Maximum Time : 291294 microseconds 
 Client 8 Average Get/Set Latency = 0.057513 seconds 
 Throughput = 17.3874 opertions per second
