38031
35830
44522
48629
45401
28813
36866
26612
33096
31743
36880
34460
43820
36198
43848
26185
30966
26244
31982
25229
32696
35400
30949
31607
40771
25546
31926
28426
37802
31682
36682
32854
32079
36601
28429
34761
31716
31754
87067
49594
33843
28949
28297
30543
43848
36104
38260
37663
31142
36190
27382
31508
39150
29534
40476
35585
25088
21816
38706
30315
25789
22696
80813
29359
25559
31988
38482
29085
30423
37086
33778
32914
37670
35419
33490
33454
34668
29224
41176
31125
30111
38194
31830
28090
35000
33747
41593
29856
36792
27727
49875
40189
53057
44759
30623
30402
33344
27791
30030
39594
32137
32896
41254
23975
36357
34619
31957
37100
31736
30742
35248
32006
35920
37753
34551
33517
29946
28501
49610
34203
39337
39330
25660
36420
31535
43540
30991
38133
45990
36607
29289
32450
29958
188449
38318
30358
22974
35326
35024
32679
30654
31767
26386
36099
39454
31810
33769
25920
29008
34689
30425
28196
33659
34998
33114
35043
26827
29628
31348
34832
41044
30574
33369
32726
34586
37072
34525
38143
30870
32370
28937
34236
31836
35135
36058
32143
25977
26975
39943
33862
28592
31724
38038
32598
34731
34346
33131
37861
33228
31225
28802
34628
38614
37609
36576
35144
29667
36140
32857
47403
33553
26392
61749
61253
38606
40673
23098
38371
28526
42011
37681
32133
39806
28433
34795
29957
25859
31907
29527
28435
35208
29796
37872
35806
42370
30119
26566
40149
32020
32099
37501
98315
33296
25691
38306
26820
63756
29521
27543
29920
28412
33302
27963
34527
33474
31386
37041
45347
31254
28264
30866
37068
36134
32319
28907
38307
27001
34822
33651
35207
26791
34843
29190
38047
30218
49755
26220
24119
35585
27150
80865
28620
31559
30908
31919
33446
37028
30674
33198
25656
36472
32163
28169
38563
39294
25355
27109
32259
25330
39443
29312
29029
27297
34182
27328
38650
39137
36002
41392
40565
31656
37443
34284
34984
36184
32024
25555
44143
38923
36423
36240
31681
37035
28843
37235
30992
34260
30737
35485
24664
45929
60667
66823
50610
41190
29839
34528
32068
25864
28647
31990
36447
30773
37897
31315
26897
26863
34441
35280
36494
27557
27484
37342
24743
29483
32393
34840
30300
37008
30288
29504
31483
30739
41458
34586
45543
26499
26132
27843
32870
27601
26338
29275
28740
34308
31336
35010
37098
23444
38956
34721
29366
30413
35450
36530
22702
28464
38240
32520
32507
34009
35737
31464
30119
30810
34073
22866
32481
39116
30028
28426
29086
24269
37920
43535
44205
23879
29089
31664
34355
39562
43209
36052
31176
35077
31076
31501
32422
24979
26825
38551
38605
30198
29112
38698
37061
113624
22950
22664
103271
44076
82267
37311
38758
68464
44404
30656
32279
44284
36098
32354
33263
37353
28837
28841
27237
37262
26752
67872
43209
33163
32135
31518
39053
27437
30778
29789
32162
37138
28674
27304
42044
28752
34582
38570
27594
37705
33555
30599
29550
33895
33485
35787
34710
46085
33782
31293
30584
34187
34906
27190
39859
30610
29558
40896
41403
39143
33287
33110
60954
37298
100136
36735
34163
41390
33333
29864
29987
35616
31611
32998
29417
39258
31287
31828
29442
31033
32268
28235
30701
32623
41338
38076
37401
35548
37460
30488
27305
28457
33644
24293
32630
41582
28666
32304
26192
36433
30447
32882
32173
27798
27392
34263
31837
39649
30537
44374
33438
26564
30767
35003
25056
31693
28448
33455
31989
30067
33113
27701
30504
32948
26678
33660
27060
35976
28784
30519
37183
28983
34374
28718
52034
50478
55578
31633
32854
42642
32484
33284
27797
34204
33689
34498
36828
36204
46452
47329
43362
45389
29757
31937
25627
39121
32871
29076
30913
32643
38561
37952
31104
31444
29980
30039
35682
35421
66548
28778
25836
31918
29009
33910
33255
33146
32236
37557
34665
34934
27672
34691
32730
31580
25596
30741
29920
79029
33698
96087
33754
67797
30491
27169
36976
26853
37324
30066
37498
32750
34136
43962
39547
32629
36576
28651
31653
27308
27878
31915
31299
42492
27067
33384
34062
25071
29179
108464
51442
59285
32492
26929
29121
22535058
 Average Time : 35211 Minimum Time : 21816 Maximum Time : 188449 microseconds 
 Client 5 Average Get/Set Latency = 0.035211 seconds 
 Throughput = 28.4002 opertions per second
