107063
90953
59803
52060
53954
57692
67524
58584
37715
58119
63474
69732
62618
36671
41274
52909
67758
49782
47515
33477
68544
60727
73349
42147
61891
64329
41487
77158
48267
44840
48170
52501
43492
46738
42178
65453
46909
49389
74785
56157
40818
41288
45027
45557
61720
66071
48311
43432
32029
45208
66078
54214
63327
67252
56239
42497
56700
71154
46459
53462
60628
68624
62523
54462
78698
61391
41745
48202
59893
38752
78559
55573
40852
72938
51435
38433
68281
61476
52415
58813
71141
59960
46266
61944
50157
46206
54551
42290
46106
62588
106919
49950
37162
48092
74174
55083
42640
39987
54058
52060
51424
59848
59753
51130
45163
47959
49684
40264
55999
40379
47729
41552
67718
45068
56400
75696
59309
48028
53346
48383
62297
112874
102538
38848
45018
51742
50263
52048
35022
65022
34889
34943
44936
66713
70228
61046
49525
330380
117607
56480
62847
41701
55226
64833
45743
108236
55567
53018
48291
51012
65769
53635
63534
73917
62118
44067
44828
47564
57381
38843
61096
44770
56503
50626
56945
71987
61677
52723
42296
52193
56338
48269
53220
66638
46811
61575
47968
65934
47804
60726
60659
55989
47918
50735
70835
42569
75170
59528
87921
51650
75123
49027
66376
62498
76859
65902
34618
69780
74700
69773
63515
72576
64398
35038
64021
71264
71326
58462
58491
65667
79907
51705
74682
51948
54798
43828
72396
76433
43692
54282
51939
56554
45026
75273
64446
35545
60056
50804
58860
37065
52736
54841
49092
53711
57673
77688
71505
159410
68119
38933
47001
55604
57396
81173
54548
39945
43135
50620
56586
51556
38372
47587
40097
66640
59662
78134
38027
41852
65216
64068
42435
69814
45194
75713
48518
65796
52465
54366
43419
43316
68740
50919
66619
56751
51297
48342
55523
61883
46368
47895
43946
49358
51256
67523
37838
48706
41896
65070
49527
64716
57707
63538
46431
42040
77909
56014
45911
41519
42105
49983
52655
56534
53999
65439
75169
44390
61615
52588
71239
85598
24279
56359
77809
54290
44075
32050
46687
39246
25286
18863
18299628
 Average Time : 57186 Minimum Time : 18863 Maximum Time : 330380 microseconds 
 Client 16 Average Get/Set Latency = 0.057186 seconds 
 Throughput = 17.4868 opertions per second
