33023
24523
23915
27087
27095
25441
24120
29342
26551
24463
29440
22779
25361
24794
23507
22635
26582
25629
22998
21117
24701
24277
21782
25032
21433
34328
25697
24857
20674
33457
25223
25852
21999
26210
21945
21375
29387
25404
26808
26902
35690
31163
25610
24286
22216
25064
25476
25679
23656
24765
26622
23751
21667
22959
23489
23703
21100
21728
21694
26186
25229
24285
32001
25713
23690
26270
26833
25987
25089
27622
27402
23976
35957
27852
25684
55461
23512
24310
25662
26900
71415
23903
27256
26313
25015
25055
19830
30776
20142
25343
25855
20322
27908
29750
29005
22756
26897
24569
29923
28744
26101
40814
29406
27969
26804
23938
27377
23701
19093
27899
28150
24977
20399
21180
24894
27919
23939
23007
42999
25464
20658
216436
52148
32373
24865
26761
28821
23836
25571
28187
27419
25830
24049
22975
31139
32017
24181
23851
26010
26696
26901
28464
37027
27447
24077
23793
35691
28695
24404
24262
34285
27117
27915
28130
26981
21391
22020
20807
22928
22451
26436
28084
25167
24660
22015
23026
24679
25467
26150
22911
28093
25445
23667
24433
26176
23783
25840
24080
25592
26298
29871
23613
25207
20727
23850
24499
26482
24013
23872
25013
21349
24204
24586
23619
22411
27267
22976
25249
22275
20418
34301
23548
23818
23177
26431
21498
22962
29017
24229
23413
26608
21171
22847
25118
25895
29049
24809
43773
38199
31297
29509
26115
20525
33399
21847
22137
22139
27373
28983
20927
27865
27079
23933
22367
23166
26319
26139
30120
27449
29092
30507
26883
22420
30384
20495
22175
24215
25729
21719
23080
28102
34588
26290
23516
25000
34053
29140
25773
28634
25152
20298
27956
28772
22856
19857
26911
26087
24357
26314
33103
24703
23795
23319
21682
26819
29269
25083
27807
23672
21190
26452
29023
22214
34660
23235
24370
28079
21500
25312
26296
24449
27477
18749
27060
25159
25347
28339
25455
22680
24423
22895
26442
25734
26016
21677
22396
29730
23712
21560
23452
26011
26481
26569
23162
19958
26449
21990
30841
22976
25147
27602
24287
20138
23673
24936
25706
37088
22606
26630
22833
23028
26075
24118
30081
25938
25669
29145
29273
27674
30563
25781
24167
19586
26104
24067
31005
28785
25856
26767
33765
25764
22193
26726
20225
20224
23541
87510
53146
90307
42575
38750
26188
26135
28637
21316
27934
25380
118102
34949
25028
26513
31951
41899
23130
22701
27959
26026
24895
26601
24819
26196
22353
26260
22752
25285
34496
23177
26092
25261
25137
23111
21265
28522
23338
26148
22038
37429
28549
27260
25182
21274
27274
23418
31089
25173
27520
28341
27569
23958
25584
24771
32391
23699
23147
22585
28966
28900
53444
23929
31289
26530
23528
24632
22661
24367
23899
24059
23497
28933
28530
29811
28927
23888
25987
22793
25961
19392
22803
21932
27601
23254
22490
29422
24871
27296
21619
21400
30373
31592
32344
32062
27834
23170
24027
31285
22253
34395
23601
24434
26107
20163
26414
22738
24120
26792
24756
22796
19709
24622
20030
25663
31565
26379
22518
23340
24154
25470
23262
28042
23949
21127
25900
29630
25709
25942
31060
23154
26467
27831
18984
27925
25379
22344
28718
25986
20506
31804
37748
32209
24922
26829
27338
30162
34348
21148
23012
25001
26353
28582
29283
26108
35232
27349
24459
24873
27162
31678
31002
26290
26562
28970
23891
26081
29437
29994
23734
23641
22013
23584
26957
24534
19576
20999
23914
26680
26963
19946
23646
24055
27344
32602
46350
25198
27676
21275
28956
30108
28768
29894
29707
20315
26037
25811
30390
26322
27783
35812
28203
27080
20596
35189
28865
29124
28481
22059
25919
31400
27698
27327
24093
31628
24826
24457
22932
25188
20007
28634
33137
20384
23550
22232
26855
24019
27194
25331
26566
21717
23636
21735
26375
24707
23480
22918
20823
27300
24985
26276
29829
22795
24101
29874
24351
23018
28269
25361
23906
24520
26835
23969
25077
27461
23507
25543
24216
20784
25758
26351
24300
19863
25293
24350
26124
25178
25904
25806
24578
30597
24212
24143
26877
22511
45585
46882
45765
45171
26231
199512
36948
28876
29653
33871
24874
26984
23769
30159
27562
26104
20684
25482
28388
28977
27156
26883
32166
23274
27082
31061
25507
27685
32665
31445
24642
25875
22032
25015
22105
24090
21392
23938
31351
25640
28300
24471
23675
22243
22902
25272
27990
31598
26096
22632
25524
24495
22059
22958
25925
27997
25874
27377
25157
28318
28199
26717
30333
36302
27659
24780
25545
23113
23441
21951
34296
26421
23931
24502
23291
25495
25094
25148
23617
23116
22620
27111
25127
31274
26266
21336
71743
26039
25054
24939
27577
22132
24765
27657
25011
22666
23714
24883
27440
29468
22517
24764
27521
26055
24487
21954
21626
24964
34080
61296
59696
78988
33519
25112
21372
30790
27556
23998
25434
25388
28356
25576
24411
28408
21926
24889
26230
26434
31147
27180
29586
33652
25841
26308
24709
24094
26939
26648
24065
26178
23905
26262
24240
25301
23890
24534
27112
30112
22704
29237
28657
26997
26868
25851
19760
24435
26183
25769
21826
21998
24996
26817
21732
20870
23942
25867
30881
22350
26551
25301
27566
22137
23056
27360
23821
22448
27116
22691
24695
27701
25216
31651
22062
31225
26516
30165
25698
27782
24080
25723
25915
24176
25661
28988
22788
27066
23877
28941
25286
20084
25114
31948
30546
29995
28925
25710
25906
27887
94600
30422
20991
23852
21564
25202
25605
26834
23125
23798
25411
26929
27798
21983
26879
26543
26801
22865
22183
25020
23258
22682
23775
25135
33821
27723
25904
27463
23457
24921
22419
24104
33231
28551
27006
24366
32547
26522
27339
30383
22965
20184
22635
22193
21795
29185
26166
30025
25368
27385
29264
22529
31268
34446
28225
24864
38527
22590
21114
19773
22039
22908
21607
28749
24234
24011
27339
24218
20209
27522
23840
21041
26925
24400
100231
32844
22630
26217
25504
25799
24062
29071
29799
29880
29033
28082
32130
28697
28424
22986
26115
22346
21556
22975
25099
30246
23177
26404
23637
36333
26698
38321
29090
23010
23249
30121
28254
26813
28658
25546
25514
23167
27083
26494
26274
24076
24993
27066
21259
27813
28756
23037
23964
22727
25395
23164
21891
30247
29849
25032
30327
26586
21005
23642
27106
28534
27221
23875
23832
27666
24406
28575
23217
25130
28914
26478
26130
28485
24593
26832
26661
26129
28208
25121
30936
24935
27323
22128
26976
23236
19996
24391
22020
27384
23145
22879
24998
30520
32499
24415
25099
29244
25127
24484
27254
21816
26044
23813
26590
25183
25923
24379
21552
25692
30492
31127
25465
26145
28918
26684
26127
21699
27871
31732
22298
27886
21773
30260
34580
46257
25744
50952
26793
27157
28583
21105
27040
30969
25687
38303
31262
23637
30338
22351
27149
21359
26522
25385
24789
26553
21219
27049
34636
25228
26493
22121
23482
22340
22448
28886
26522
22187
29998
29427
20290
22032
25574
24242
25847
26618
27088
27221
21064
32255
30822
26406
26159
26676
22421
22366
64723
26587
22340
32988
26443
23838
29800
24416
33119
21785
28673
30870
23124
26849
24159
26984
23549
21718
31460
33035
24428
21615
41536
25631
23852
28766
23544
24480
25078
33609
22048
32354
26796
29323
26006
32964
21900
24135
29193
25474
27729
35894
27694
65404
35602
85601
28311
33282
25581
23556
20929
24017
26757
24597
29552
24854
26605
36526
29136
25087
27245
28797
26400
28000
27616
25627
34663
20424
21075
23944
24331
28578
25955
25296
26610
21974
26059
26608
28034
30464
25591
21415
31521
25568
20670
19752
24754
23286
22918
27425
24262
30169
23919
21864
24455
32294
26294
32189
24479
196690
59739
79249
34414
27247
26824
21013
23130
21357
24901
29824
29735
29954
22245
29601
25218
24161
35631
29543
286002
26248
23302
19459
29379
29576
26659
23819
25627
21909
25291
26363
26658
24299
26073
31873
21923
21520
22792
23209
27648
28039
21811
24598
21755
26331
21480
27499
20935
24331
25204
21838
29277
20704
20762
24924
27885
30017
24411
20888
26669
25512
30605
24987
31753
25160
26265
24625
21584
26721
26363
29655
21932
27674
24607
23502
22423
22340
25273
24826
32455
25360
25577
30655
37337
26694
26155
24887
23569
29452
25728
30236
26504
35168725
 Average Time : 27475 Minimum Time : 18749 Maximum Time : 286002 microseconds 
 Client 7 Average Get/Set Latency = 0.027475 seconds 
 Throughput = 36.3967 opertions per second
