43230
30286
54813
44909
50478
37446
32351
33519
32654
39989
36268
25653
36593
26585
36474
43071
32895
30762
32844
37221
34626
26099
31725
34659
28417
36545
28317
29836
29337
31113
26333
38502
27135
27783
25527
29043
54501
32472
28675
25958
82027
36749
24756
26439
25963
26904
45005
29635
27658
41519
34569
26305
42614
43650
38186
31498
37717
59449
26109
31955
31018
31642
55980
31324
30805
32752
40644
36319
26826
38386
32835
31946
38846
37512
36231
35701
31769
32005
36164
24266
41588
32957
45142
27563
36212
35814
28159
28784
32975
63391
48180
47440
55635
35406
32428
34044
31564
34414
32357
31401
34341
26375
37394
33895
35223
28628
33548
35296
31670
26973
32961
37638
30665
38344
38553
28884
30030
34150
34752
40799
46932
33238
35197
33145
34196
25185
36006
31385
35180
34859
23484
23713
24599
23024
22306
24576
121384
36698
32461
30767
31560
36547
41118
81066
31618
35566
33869
34185
23418
30151
24280
27202
35208
26197
34644
29230
36587
35640
29987
30007
41345
41566
39078
38762
37438
32227
35863
30263
31580
31051
28134
26529
32051
31186
35974
31849
27968
42312
30356
37174
34413
29564
23582
35433
37160
36581
30311
41057
25200
27250
39270
38906
25995
33131
28520
27068
44899
43928
30602
27056
39312
27253
37444
34376
53074
58602
48833
50282
33237
26165
32602
49744
34822
34676
37080
27563
26665
26806
36685
31460
23731
36340
27424
31448
36918
38042
33020
38923
29647
31405
28414
29270
35435
38435
35635
24419
30791
36955
24919
32515
19987
20425
23234
29423
36898
30406
33918
41002
33878
32803
29615
27115
29924
29601
46065
39976
41758
33125
49879
27890
30876
29102
41731
35033
32332
34862
28859
33264
29472
27001
30836
29361
101540
28655
30821
37174
32124
38035
31595
27594
28563
33980
36787
28248
37389
27015
28024
39575
24810
34084
32890
32452
38093
29703
35681
34497
27765
49468
35214
43963
40976
30946
25469
30429
37624
30134
32317
35363
34921
49652
33564
36054
29888
37245
27792
26583
38694
29913
33314
42409
28139
31742
36408
39860
28314
50839
67352
54181
35296
34662
33847
34009
30945
38958
44717
31794
36843
33481
29608
26984
37189
37858
33139
31933
32406
28195
38123
35722
38772
36539
43644
34869
40287
38860
45334
36872
35181
33541
33957
41211
43222
37509
39783
36155
38392
37103
33115
28802
46506
26487
23528
33628
41449
25797
37331
30938
35283
28059
29795
34307
35280
48298
26553
36521
28487
39281
30964
40182
28934
37634
32551
36460
23899
40853
30908
35232
26349
32004
40011
29351
38682
31323
34997
35069
36066
31586
43245
26538
24879
34592
28701
44675
30622
39305
87223
25382
27355
26230
20749
26334
34513
30832
67377
47403
47343
53446
31495
43731
34221
34907
32414
33591
37555
84614
28643
35534
30260
28658
25154
23909
22156
37417
32905
32179
36201
26451
36746
58630
27721
33392
35903
35897
37570
33034
32529
31890
38892
27996
42099
37452
30638
38183
35209
32715
28308
31284
33380
29670
38284
45401
36895
31329
43282
29675
37011
32083
30025
31643
33944
23203
29188
32627
31270
22881
99100
31892
28307
34826
28261
34722
31449
36091
31986
32798
24886
38232
30182
31626
30994
27096
34064
31142
33139
35469
35483
26102
39331
35059
36278
43774
42891
36392
39337
33352
29611
27458
27938
33551
26425
27146
33648
33329
35155
29414
30535
36289
29341
33173
23079
31247
35477
27050
33982
29423
27505
31636
36747
28665
36284
44014
32133
30290
42171
25926
44169
30267
31294
29519
33439
33977
39281
33395
51999
44408
38947
36760
19118
44184
36209
38188
35276
30525
23391
27880
31859
26177
24927
34480
30121
38352
33876
26281
31100
36310
39444
26529
31330
44661
28758
44563
31889
33736
30749
30567
34556
28457
27211
28128
25633
41230
32716
48816
34190
36648
33244
27591
36299
31200
26629
38274
28030
37883
28792
37104
34810
32481
33570
32785
30228
91891
26626
19668
28940
21381
26592
22367
29650
33650
37655
30285
27326
24884
24801
31389
36257
30139
32438
36447
37362
22874
26779
34290
26266
28135
31444
36267
31614
30930
43794
29145
22091508
 Average Time : 34517 Minimum Time : 19118 Maximum Time : 121384 microseconds 
 Client 13 Average Get/Set Latency = 0.034517 seconds 
 Throughput = 28.9712 opertions per second
