32197
25183
32426
27474
29213
28253
25670
26285
22709
26385
24283
29310
34243
28916
23686
25902
24804
23308
28500
24444
22229
28833
26853
35250
28905
28994
24637
25459
27287
29789
25838
27827
23232
24686
24203
26608
32067
27172
22018
30835
26610
24616
27309
27821
29026
27262
23270
26697
22304
26002
26934
28227
26779
29758
30760
27826
25489
23359
37160
36436
24022
23078
27327
25011
29864
28990
25714
27708
22565
28220
28447
31950
24326
29432
31353
27151
26136
29763
24358
24130
24930
23274
27744
29742
22707
27839
25981
27546
26288
28185
32294
29017
29276
30738
31130
28037
25946
27727
34675
26062
30485
31553
29630
31428
28340
24210
25496
23765
28070
26255
26154
21997
26694
30774
30680
25871
30282
25494
28898
23519
23195
32055
31682
23056
24827
33825
24279
23406
24313
26210
32215
24919
28606
21664
25853
32118
28261
26090
28984
29863
30287
26650
30670
28774
23634
28115
26871
27055
28902
32576
30165
27204
29003
30286
27257
27713
48558
23530
28065
27675
24863
22765
24670
27905
24117
24667
27071
23142
22977
23515
22128
26753
23674
32595
26659
30567
28121
26788
27495
28608
22798
26303
29072
27404
32422
28730
26749
22413
22765
23515
29826
24025
29324
23571
25852
23710
27603
27937
25807
28516
30465
25359
25049
23943
29997
29405
22038
27035
30165
24117
29039
23672
25115
32718
30302
22917
25741
23904
32057
31892
24771
27785
28111
31094
29188
26234
31701
29497
31773
24624
31978
29458
23122
28874
25665
28036
27025
28174
25430
25422
26356
26308
27325
31872
27808
28337
31683
25362
34243
27698
26719
24850
26766
28236
26550
28014
32564
23976
26730
27409
30312
26175
31322
24662
25877
27572
23275
26675
23815
30630
25793
25814
26165
28337
30987
29113
26919
26323
26856
25862
24963
30285
25887
24907
26268
25621
28966
22130
22624
24379
29262
26638
25288
24579
30171
28131
28834
25601
33347
31716
29334
23896
24686
24317
33515
28513
21759
28139
32091
28774
21003
25702
24299
29540
25010
29830
29026
25837
31042
29615
31928
24185
32761
24188
26320
27994
29722
27839
27376
27067
32210
32744
31887
25797
23783
28543
26584
21320
24333
29422
30687
27277
25543
30451
23999
27242
25587
28841
27977
31951
38552
24905
31189
30641
30859
23707
25628
30894
24419
26631
25488
25848
23829
30846
29168
29760
34585
26079
28283
27100
26129
26571
23844
23673
25314
31474
30731
22660
28874
28476
27136
24326
26138
24895
26434
61305
41334
24577
30294
25648
28499
24478
27078
30340
55838
32181
38292
26522
27249
22775
25078
29447
24137
27234
29557
27000
23562
35031
27658
30705
28010
24485
34312
24946
23402
31711
26522
26733
37311
27590
29080
31065
32921
25431
23831
26888
24803
27598
32823
29697
26023
24142
27356
32854
20948
27215
24905
20637
26188
26670
24272
32056
24990
26161
31062
25480
30028
25754
26208
27671
26747
27928
25338
25367
33141
24268
30083
31934
25811
26072
24104
23338
25222
27982
26836
27307
23026
31209
23625
34998
25200
26244
22563
22987
28202
29092
26531
28418
28112
30276
31748
23716
23699
30348
27829
30824
23777
27188
25267
23491
24241
32585
26182
25751
26668
26430
27099
26574
28465
27017
20211
26444
28955
30298
32346
35653
31165
25099
19167
26442
32875
29772
26266
27969
26494
24926
24253
35304
31613
25482
26455
24073
28298
29507
29253
24080
28992
27426
34965
34625
27089
21206
26169
28374
24639
25283
26477
31089
26097
27712
31314
23315
29715
30638
25002
25173
35321
30699
32549
34556
29481
28821
23647
28482
28022
29712
24580
25292
24043
28491
29999
27481
27398
28552
28005
26700
26814
26586
29574
23792
29913
25640
25547
29969
26278
28222
23501
37321
32810
31158
25820
32256
26093
28758
23552
26558
29017
29612
25068
27909
23777
25370
30286
26428
27865
26177
25539
22773
26811
26100
24708
29703
30442
28757
30302
25406
29271
28103
30812
33863
25358
38780
29831
29461
29450
32159
25983
27687
30028
27135
19560
28057
25667
25702
26132
24571
30544
25354
25231
33318
33064
27251
22634
26334
30920
28516
26717
26664
27643
23448
32185
21940
27322
23476
27743
27510
29141
31800
33034
24826
28981
27838
24998
24807
30014
30401
26332
31021
28449
25665
23936
24949
23223
28529
27173
30431
27905
32633
27349
25985
29033
27735
28937
21560
26150
25621
29420
24362
22776
25393
27737
27014
24836
27647
26520
23580
27274
27969
28738
29382
36935
27817
28400
28700
29881
27708
27601
26219
27767
31688
26859
31630
26353
26767
32662
20981
28164
32551
31424
28124
24605
24370
35913
24629
24997
28119
23972
29719
25960
27992
25515
31714
32170
26938
25181
28077
27857
23677
25337
24094
31935
27272
29013
24808
24645
30243
26616
27301
27982
25400
30917
29924
22962
21900
22432
27832
30344
23903
31529
37552
25582
24024
24636
22115
27119
27512
24466
31839
27659
26778
28090
24001
29375
28890
33455
24705
21557
24381
26941
27241
24462
25159
26277
27677
26632
29441
24255
34483
28126
27184
27895
28145
25008
23344
27479
21315
29622
24693
29119
28646
23653
30148
28419
34082
30631
26650
28045
29109
25559
29977
27315
26913
26074
27402
32893
30827
26346
32716
27378
29329
27322
23791
22295
29174
26344
27742
25137
24218
32308
23121
31243
25893
29390
23884
23460
26462
25211
29435
32718
31094
22625
30747
24582
25094
26050
26188
28787
24338
28219
26171
24207
28296
31275
31990
23091
33749
30065
30834
29515
28324
25002
29543
28640
25140
21166
39418
25202
29517
22974
27705
28341
26654
27046
23713
23239
23038
24257
21531
24496
29575
30106
22610
24544
24947
24869
24444
26596
20987
30152
26029
23602
23422
26102
29349
26080
25557
30531
28697
27109
28858
21371
27536
29073
22830
26412
23073
27591
29122
30076
32091
29118
29506
28859
23958
27963
26281
31680
30740
29519
25841
37096
28765
30762
27800
24712
23902
28613
29354
26878
29149
29448
30351
29378
32624
25896
27601
23066
32465
23057
37262
29767
26041
28107
28834
29773
27766
29644
27686
22285
30356
32332
27478
26711
27486
26310
27093
21821
21631
28359
26338
35737
34934
26502
32644
26189
27217
28711
30299
32668
21201
24697
24363
25773
26785
27017
31209
29295
29009
35785
34384
28217
31297
32135
24415
26771
27319
37407
36336
51019
31193
49468
26989
32302
23906
23395
29712
24223
31550
23516
21955
28736
29002
31071
31936
32692
28573
27572
26069
27176
25217
25077
25439
27233
59631
28107
37280
36534
26037
26077
24699
25630
28383
31856
29664
31229
27207
26130
25144
22929
32343
27596
33364
26124
31195
25736
32374
29744
33954
28532
29163
29315
37496
24237
28465
32738
25967
25188
28454
26278
28339
55961
27997
32617
29801
31587
29704
29380
32557
28100
25993
31440
29516
25463
32599
27014
30255
26113
28302
25669
23639
32018
29766
30234
32986
28336
31109
24928
24929
27429
24165
28916
28772
25501
26860
28989
25217
34749
34612
28962
23561
28447
32813
29416
156295
31067
29579
109604
26357
31153
27569
29851
32001
26138
24994
23981
35084
30156
26503
30070
29294
30705
24400
26767
25645
31295
27077
25745
27841
24784
32202
24973
30062
30969
25910
23238
24941
26029
27992
27232
28534
24703
24751
27264
33631
26704
35679
29183
24234
26104
28836
30588
28596
23733
21457
24376
30628
26765
25069
24177
27456
22764
30869
27287
24950
25687
27715
31193
24725
24917
25962
29904
26652
26305
24547
24888
28137
24704
29059
33429
31845
29430
24904
27776
30786
28350
28124
24900
34305
25622
30248
25833
27232
21619
26112
27920
32245
34045
28771
31894
28039
31380
27288
29526
21336
28063
33467
30669
29295
27814
27132
30322
25208
25896
27787
26474
27937
26325
27750
27880
25250
29491
25486
27779
25874
25333
27061
21709
27265
26342
24711
29392
28054
28459
29203
23365
27483
26861
23098
26120
26188
26444
28706
30578
24228
33717
27260
31060
30632
28028
27530
27830
23672
24436
27863
28669
26847
27840
24537
29250
24440
33176
30539
27503
28262
37451
31166
25218
28180
31106
31145
49810
26421
32535
31554
28698
27407
23009
32330
25669
29442
26913
35087
31010
29605
33200
28068
23016
27128
25239
27041
29395
28542
34602
32212
23658
23948
28481
29850
23572
30218
27770
24797
34434
31411
31920
25389
27856
29375
26485
23252
25477
24568
28304
28503
32835
31778
23323
27027
28297
22963
32750
31258
33534
24674
24187
23415
22708
26951
23143
24022
38947
52093
70635
27579
50285
30533
28681
31956
27720
28109
27030
30141
28940
26460
29410
26673
26449
27091
30986
24476
28372
19831
21595
27485
30107
27389
26322
28152
26761
27499
32756
22601
31559
28658
30314
27040
31305
31024
29435
24090
23372
25559
29486
25923
23518
25627
21581
28170
33663
24732
30107
32991
24370
28952
32038
29142
25851
25948
28141
26679
30397
27413
32572
24471
28170
29257
26704
31509
36170
27006
21669
23698
29431
25535
24502
27838
31190
33046
31775
32953
33934
34498
28694
26445
32390
27297
27598
24300
25251
22023
26163
27883
23642
25900
25366
30643
29044
30897
25512
27780
32836
27270
26106
24187
27931
33478
27297
32651
25062
24297
29886
31957
31297
25264
25910
31838
28909
32564
25059
19368
29814
31471
23560
32126
23845
27852
31156
23996
26113
26633
22361
29567
31484
30292
32931
27489
27631
26785
28697
30233
35568
31296
26451
23332
28633
27834
24743
31830
30967
31871
34269
29097
32706
27303
27561
33285
30761
33256
34125
24172
27989
26236
30811
21193
21901
25193
25357
29315
26250
27920
32301
28925
32007
30878
26462
26783
24519
27232
21952
29269
28594
23408
28771
31206
30011
27409
25036
37472
32602
28352
27517
26142
29578
24649
27744
26942
33518
26623
34014
29967
32829
25591
30775
34872
29164
35198
25482
30149
29643
29238
28006
28734
24861
28157
33146
25406
24418
37177
29405
23878
25216
34228
28724
25670
26185
25208
28134
27360
27604
28271
24421
29875
25544
27198
29743
30968
31879
28972
25750
24233
31372
31862
38286
31611
33136
26877
23187
30169
28036
28641
27552
29847
25380
31312
28463
29526
26018
25414
28498
31970
23835
31098
30011
30634
29197
29852
29394
28082
32580
27642
32244
25780
25629
33950
30471
26493
35103
26948
27526
25500
30234
31711
29544
27238
20690
26372
28867
28096
27716
30693
28303
30733
29525
26126
28138
26581
31257
27620
24888
28480
27299
27920
24851
29460
38614
25674
29087
28351
27677
35957
35794
34064
23658
25737
29257
38850
27590
27919
33060
29086
25472
31329
33216
23583
25039
26600
35593
26594
28885
28733
31664
29804
29734
26771
31850
29576
34166
26419
25172
33189
28956
27437
29252
29546
27210
28044
27993
34432
32958
27210
28550
28954
28403
26758
26394
30482
34377
30970
23971
28429
30993
29474
31532
27278
27641
30063
31514
21717
31983
33678
26031
31041
30900
26824
25995
26101
33773
30243
24686
23968
31385
25073
26890
27728
28693
23693
29341
27137
31581
29788
32775
30439
25628
24721
33974
24768
26723
30420
34542
40063
30934
23327
28401
33152
31141
26188
29967
31196
30045
28141
29364
36848
31536
28624
25979
22336
29777
20530
21447
27460
30431
33872
27508
27519
29084
27816
27713
28038
24747
26102
38191
23465
28794
24330
30707
24160
31037
25848
28982
30000
28726
24189
25284
28378
28247
24771
30040
27348
27368
27047
26293
33150
32583
20233
23082
29907
23873
37246
35141
25455
23427
32896
29045
32878
33573
35035
30509
26058
27072
33647
28996
25277
29633
35333
28195
28815
22639
28542
35432
26608
28705
28731
28000
31146
29025
29888
33006
28411
24264
25890
24509
30771
23239
27369
28172
27993
29857
24815
23834
27545
26497
28289
27991
23526
28172
27890
29799
21717
29380
28812
27696
25801
27607
31513
27232
27905
27853
31933
30949
27007
28446
25919
27171
28875
32175
27400
30240
30779
29612
29420
29524
26513
23633
27465
25330
28681
26668
27025
29732
29477
29364
27513
24622
28606
31286
27119
24836
24791
28984
31683
23354
27280
27668
29064
27504
26191
35223
31602
32530
26942
29163
24837
33261
32570
26560
29741
39051
25454
24414
29783
31877
28316
25451
26632
23365
30758
26626
27767
34156
32219
28224
30545
28532
35419
28994
22490
30269
21957
32014
25862
26082
28774
29654
30665
30042
29250
24923
28506
26358
28441
26521
33571
29078
33838
25741
31148
28218
30677
32526
30625
28725
33846
28548
27020
23782
22262
26416
27404
31423
25844
24221
32296
30622
30802
28288
25193
34009
29256
22288
26477
29430
31404
28612
26712
28379
28335
27988
31392
26163
27963
33515
25953
26228
29004
27238
28111
26147
28477
23580
27623
30010
26658
23980
24326
27473
24062
23784
33450
27177
29832
21236
23974
33604
32527
27880
33004
31773
27494
24599
30638
28712
27396
28664
27181
28450
25856
33699
26760
29793
26102
27942
29410
34249
29561
33376
31802
27566
31561
29364
31518
24804
31275
26206
26726
27659
23180
35196
29650
26370
24646
25151
23386
30300
26268
31217
27825
31306
27622
28250
24966
30846
33782
26084
25819
26876
28923
27930
25384
27152
28571
41668
31906
31229
27322
26229
22899
28099
27824
25453
28492
31805
27094
30638
29327
28222
28155
30851
31692
25798
26341
42371
48043
50733
44331
28215
27966
30145
30719
30667
32546
27399
29039
34509
32893
26277
25966
30312
27794
24257
29387
29012
25521
28633
27993
28827
27505
26247
26072
28373
25357
31324
31403
25585
30301
36924
28245
26538
28639
33575
29395
26183
25674
30841
27547
26423
27807
24927
27398
31388
30140
31186
34270
30366
34599
27115
28849
30012
26580
30173
33400
25251
27569
30924
26917
30644
30061
29382
24959
32059
32984
30712
32225
27789
26799
51963
40296
44703
34156
28131
28536
32412
28090
30010
29698
28376
30585
23528
24153
29782
24323
31424
28165
28666
26105
25184
32889
31200
25830
27009
31883
30810
31430
28780
25977
31687
32338
25993
25054
30850
27892
36424
21437
29256
28871
31277
28121
23790
28622
30256
25417
29200
29450
25049
30628
25213
38631
29863
28695
27079
29045
29115
29382
31480
30121
22739
27507
32395
31408
29361
23575
24509
23584
27482
28391
36271
34772
28769
31093
31354
25674
24631
30878
24551
39016
25040
21431
29418
28031
31180
27165
25668
26939
27941
25078
25610
28152
32692
31849
40983
34893
30080
30010
22371
32979
29565
26828
29903
22987
23882
29035
26984
29175
25683
28432
32807
24643
33932
26565
30428
24027
28846
29329
33394
25482
31689
31455
31053
26642
32395
25088
25334
26949
24885
28966
31832
29555
32678
30616
31097
30961
29164
24595
26211
28193
27245
24913
22235
24044
25255
26875
25574
26237
27977
25808
26129
22195
30851
25950
30169
27400
24607
25391
23131
38149
31271
30115
30992
26262
31288
23112
28495
35456
27697
30252
24589
29775
29508
27174
29925
30216
31845
29062
32528
29744
32091
24995
27176
23035
28732
36221
32690
26654
30459
32954
26818
33185
27462
25251
28012
30035
23438
32307
26493
31536
33867
29409
24876
21654
24296
30437
34320
26762
31380
31098
30083
29430
35110
25892
30495
29686
25569
32634
35027
21250
32554
25336
32676
32607
23687
28278
34364
27738
29932
30013
29204
26483
29191
28040
26095
54713
27419
30175
25674
25987
32807
27547
28743
32640
28499
32566
24293
25102
27134
29954
30734
24882
35096
38861
29072
23689
34194
27025
28764
34996
30582
25497
29224
32113
30368
35881
29586
31804
28748
28303
23140
23976
25898
36365
31109
26910
31204
31598
23375
29928
27211
34419
37112
25435
26659
28884
28777
25470
31424
28296
32060
34237
31393
26398
38375
26449
30533
29721
28328
22466
29228
29952
34462
30865
28374
30430
25270
32338
25427
28237
27582
25353
26903
28731
32921
27602
30217
29289
23151
24692
32527
31546
26843
30384
30255
31780
22074
24670
31418
28958
26261
24843
32927
28409
24393
24199
28668
29644
25223
28342
27490
24180
30709
27060
29025
25915
27695
25753
31181
26901
29280
28569
26173
24571
25756
32636
30112
25274
31983
34639
34477
27631
29112
29224
32013
38725
32149
23890
36639
28374
25941
24610
25648
29295
30269
26993
32927
28781
27502
34242
21395
31582
24968
33794
23237
29244
32956
29975
26023
21741
30428
28784
26671
23398
36339
33901
24325
25900
22988
33152
32729
22954
25665
26498
30513
26405
30192
34251
26502
30696
21258
24685
28512
24527
28318
36056
31828
27689
30451
28393
23041
31674
35610
31029
29480
30410
28838
32564
30058
27429
23828
24179
26474
29319
27585
26629
32144
30816
32966
29258
29412
27056
31880
26499
30739
26343
27707
27548
25412
26012
28606
37434
25326
22926
33599
25887
25874
47069
36164
30568
25884
27190
36771
28781
27908
31019
29025
33181
32745
23764
26519
27201
35422
26245
25043
30185
31281
30247
25014
33948
32409
29870
30676
28074
29456
31145
23479
27139
27385
28195
30932
24465
25164
26258
31521
27007
26245
32656
31760
22925
28695
32430
32570
29670
23133
27468
35359
26956
25811
28387
28134
25564
25859
28585
32922
28809
30097
33691
28972
29164
27755
32715
31423
34194
35777
27739
30001
26662
41667
32535
28283
28562
34272
24886
31421
27591
31414
32230
30066
32925
34293
28315
28578
32140
31973
31629
28638
28626
28368
25577
23317
29652
30120
26576
30845
31423
31622
34646
26922
34290
30527
24727
35744
29578
30657
31747
28432
33019
25031
36282
26642
26862
34902
28766
20921
27282
26695
26153
31304
23734
30249
30391
31223
32232
34720
27938
29908
26589
36462
29112
34000
31508
32729
25334
26301
22719
27780
33080
26504
28542
23991
30536
31804
31342
29634
27361
35942
36056
28254
23686
31035
33643
30206
29831
25428
26944
28899
29961
29204
26791
27178
27358
27984
27536
22039
28182
24308
32290
26408
35227
28585
30876
31600
32509
24190
30917
32925
23720
26712
26241
24216
24190
32568
29357
24993
23610
27307
26292
34924
27521
27501
27447
31892
33324
36666
30242
26092
35503
29228
27593
25391
22438
22169
29192
31835
28356
33328
26439
29093
27975
28250
27036
24914
35266
28464
27970
29181
30963
26892
25137
26341
28317
26880
24203
31563
36575
27478
27943
35025
34047
29290
27780
28150
30750
27484
23994
23037
29207
32252
36221
22592
29514
28871
28449
33780
28307
28369
28481
32176
34304
30691
29113
32014
28872
30136
28887
27490
24593
23149
23860
30511
29197
22852
24199
32736
27915
29770
29550
26662
29962
22917
33514
29335
30217
26662
33082
30392
33545
23067
31545
30532
25548
29895
30392
26879
35860
28608
23161
28790
31436
33370
32858
31234
22734
25348
30494
34348
32409
30869
28015
27036
29577
29001
26314
29043
31754
28440
29517
24340
30307
26120
30807
28017
28959
31817
31223
28195
27159
25587
32169
36179
34781
33791
27248
33370
26855
32798
30557
29285
26594
27807
32290
27224
31746
23637
30690
29285
24032
33082
30523
29716
28054
32008
35628
29725
42383
31845
30274
26021
33589
33258
27533
31775
29516
30086
26994
31087
32741
24231
27623
24940
25716
36364
32349
30938
25143
28149
30608
23648
24873
36436
27762
24820
25478
29890
33307
30001
36101
34677
32688
24816
30950
29751
27794
28645
27020
26781
30955
24704
29347
25175
30100
23460
28004
25950
24582
27624
23528
36217
33114
34270
33867
28743
24464
27336
31073
30053
25510
27544
30117
39552
23805
38951
30475
31854
26028
25709
31875
25520
28095
30364
33788
31423
24065
33059
30347
31001
33169
25111
31729
31454
34818
29594
23860
25788
30857
27652
27652
28278
29694
35666
24576
35693
27448
26216
26568
27055
30151
33086
25669
31143
29302
25414
36305
30260
28000
37334
27296
28021
33361
30451
25358
22365
30525
25906
26278
27717
27773
36902
31753
25562
25185
26622
32637
24181
26437
29090
36221
25730
26240
30094
36927
30225
29523
37152
26103
26313
30148
22720
34086
29322
28521
32875
33935
31734
27467
32659
23337
29454
24051
23799
21011
29774
29053
25047
25270
26611
25170
26946
22850
26263
30558
25291
31199
29808
25848
24974
29134
24060
32920
31595
28785
31853
30405
28745
29467
23935
25532
27124
27897
29255
23192
34190
25348
35429
37425
26083
30102
32765
30048
31471
25064
30360
28066
28495
66915
31029
25009
21350
26039
29273
25648
27994
23584
23020
32859
33646
29076
28068
32241
43785
46066
46751
28359
44719
35988
26751
26106
20048
26062
34723
30669
34767
37179
31499
28783
33368
26024
33023
25807
30664
34303
26382
36582
33120
31217
27947
27232
31281
28605
37857
37277
30038
34307
27272
31752
20879
28790
31005
28137
32009
29944
32106
26806
30173
31721
37082
29999
28619
34879
37090
35243
25770
25771
30015
27558
30047
29666
25112
34264
27837
27584
26952
32542
25635
27693
31886
36130
28950
34633
24922
34908
26165
28849
28842
30993
26401
35742
23492
32562
28843
29989
27484
25869
33092
35556
28755
29527
32859
32747
34918
28571
33356
32435
26436
32051
33255
27267
31094
26566
32366
25690
32469
26442
33479
27179
24840
25691
25086
31975
30372
29633
31223
30389
32541
25077
25839
31227
30790
25735
24535
27768
30224
25420
22893
28636
35524
25339
23136
23184
25793
30563
24903
21477
63839
39565
25952
42644
28698
24901
32401
29878
24821
31338
29428
32526
26893
29246
26967
24533
28085
23739
31019
27910
30699
31639
27925
26464
30844
25121
38313
33784
28324
29016
26713
31656
28871
34029
34209
29190
27294
33247
29892
27327
20690
26866
32144
31678
29603
30658
27756
25839
35932
28226
32040
36586
32698
32397
25861
29068
25684
26513
33983
31602
26782
27804
37279
34083
22246
30013
25700
33805
29139
24175
31104
29314
36216
29901
24967
27748
22915
28632
31327
28751
23888
28048
25104
27458
26354
34938
28998
22704
25703
25697
35957
26873
29561
30784
33509
29881
32391
26412
32049
30345
29566
24846
29953
28457
25389
28208
24640
26084
38267
30410
25345
29300
28413
34547
38786
33728
36152
34375
33599
36552
28530
29427
32759
28851
33240
32208
29313
30455
24404
36577
25921
33953
29948
35950
27985
36413
31689
27683
24297
31733
31568
28316
26637
31470
32031
31965
41135
28290
33913
32643
27680
30010
37223
25772
28284
27780
43071
26282
33532
29136
24745
34005
25272
31164
30576
30872
29095
40845
33056
31490
30287
32370
26944
28567
29849
30987
29872
33076
32682
27371
32925
26067
35045
31568
26512
32681
39513
36500
35872
29733
32047
36512
33239
29827
33222
26899
33100
22275
26630
31934
26919
28055
22144
24921
26373
25790
31100
27124
28303
27901
30728
29377
23553
36614
27191
28940
28181
32086
29539
26796
29323
30123
30929
26677
30412
35326
29544
32102
23977
29992
24763
30324
27961
23061
26617
29901
25706
53316
28149
24832
30759
31290
33059
23010
28631
31864
32902
30613
31046
25348
28189
33975
25386
36366
30896
32951
31754
24944
25261
28305
31415
32338
23277
33442
30118
23442
30260
43600
31682
34474
25363
29767
32342
25393
32997
34262
37414
28334
32013
27528
33833
25783
22212
34756
28953
28652
23615
25376
33756
29392
26598
23189
26789
34766
34760
27240
30765
29752
31968
25762
40370
31437
28585
34063
30432
36268
24840
36112
33600
29497
25157
30343
25537
31243
32644
33596
37345
27891
27430
30933
36770
33287
25379
32754
37577
31114
30681
26144
29648
32980
32680
31043
32402
27954
27782
34967
38841
27627
30359
26828
33654
30430
27971
29429
25438
32670
36673
30883
34889
27971
38168
24035
27961
26473
29191
33450
29727
35744
32554
25022
25637
25868
30353
30944
24853
33238
32781
28512
31279
33256
27946
29015
39367
26693
24792
24224
36594
30214
32432
31657
26796
29684
32713
24560
31568
33133
28099
28944
24218
32266
43251
24314
31976
25952
36089
29270
30126
27778
30112
34460
55680
32659
28275
35138
25323
29827
33864
31332
22179
31810
30225
36308
36970
29425
26314
32807
30852
29520
33169
29752
25751
35169
38822
34850
27609
38609
29343
27226
34623
28171
26382
25675
33946
23499
34050
32118
30516
35173
34038
26430
23841
29392
35046
30300
27951
28690
31675
30526
35631
26428
40035
27273
25394
31965
34387
28038
30981
28350
27294
27706
33032
35721
36641
34217
32247
29639
33592
30740
32061
27460
27983
28938
30635
34004
28855
28502
25501
24424
20892
27374
26142
27586
22342
28948
25816
31028
26036
38991
29172
32481
29164
29401
32238
31428
23301
24210
33168
31233
27064
29217
29501
25478
35807
28690
33608
31833
28269
24412
33570
30070
30841
28902
26546
29291
28892
25666
31926
36218
34665
26550
29118
29466
22428
28960
24868
32075
33328
33040
23879
29503
33812
33338
30628
29737
32549
23735
27409
30095
30901
26311
33527
29887
33144
28546
35125
34591
36493
24881
27055
27247
29222
27756
24312
23518
34717
32742
26128
34442
29335
27756
25590
29731
22778
25711
43003
28426
27284
33331
26662
30653
30363
32331
32143
26750
25356
21508
25827
31072
35254
26668
28916
31466
26687
29079
33085
29192
31348
28123
33844
25390
30991
47333
28729
30955
32224
24221
30349
33681
31931
30332
31016
28177
34863
27982
33881
28133
37648
32493
27053
33842
32598
26321
23538
35248
28346
28069
28363
29829
23757
34606
29511
27949
35269
34431
24819
27742
27455
32845
30075
26960
35996
29433
25444
34865
32454
27922
31186
31857
38602
30517
29674
29079
44014
31089
29248
25503
36062
21742
28239
35797
39359
27473
35353
32196
26858
31391
26391
31315
29441
131392
60960
63063
42628
36402
27499
28870
31704
29154
30718
28070
33737
27193
30208
32778
34464
32684
26200
25136
27118
26911
26679
29481
25237
28656
24985
30600
28899
31888
24427
30984
32342
28613
28362
24746
30252
32542
26873
32595
24894
28220
25258
31892
30116
26572
30682
35078
32773
31247
34145
26634
27044
28076
26144
36591
25678
28061
34103
29431
31129
28997
32558
32913
35220
30860
29455
28954
29864
26007
34160
31853
35574
29323
38572
27535
33479
27044
35578
30690
33906
24333
34273
37566
28565
32909
34130
32935
35413
40130
27787
28963
30320
28684
34229
28560
31202
30541
30213
26921
24528
35166
32626
32509
27746
40554
26918
25967
30009
36784
33313
27512
29829
33266
26414
27705
25763
29800
30328
28859
25865
28009
34654
35084
33154
31288
27909
25878
67934
33898
26349
35809
28533
33314
22753
32860
25728
31814
25675
31669
35795
35210
32055
34797
35115
34740
25257
32979
32823
28683
27371
31813
24737
34154
26189
31892
31599
30958
37521
27435
30770
38446
26973
25199
24519
26336
34577
31669
26069
37309
25668
32670
25082
32176
35817
31046
28987
24491
29706
24316
29094
38281
27468
34554
32245
26443
34376
28590
26044
27763
29444
26201
25012
34004
32360
26827
28659
23026
22554
27589
34191
32916
31867
31293
30822
36248
31741
33332
23821
24909
27164
29525
31364
25875
33754
25609
26805
30344
27956
32353
36225
31440
33017
29404
45899
29337
23714
26617
29147
27751
34332
28628
26285
24856
33118
25754
26344
33127
27536
32358
34096
33452
28164
32561
22961
30082
28231
21853
23882
24109
30907
28337
33955
33404
32740
32607
31495
32086
33136
29677
25214
27354
36014
35277
24864
25429
32608
33139
26263
31392
23580
33874
28128
25592
33858
36314
29467
34605
34299
32123
29153
23398
37761
35929
28766
31887
53110
61023
61571
28577
36954
25928
30786
32741
34161
31743
27492
25413
34895
32307
35409
32881
24400
29722
27043
24007
25574
27112
24252
30261
28990
24728
25602
27830
25866
23493
33647
27267
35398
31909
33019
25426
36178
27960
35899
31272
25542
34106
31450
23018
33714
29528
31961
27174
28527
25886
23611
26452
30121
32273
26726
26656
30319
39453
25593
26951
31169
32127
26813
28629
28822
27503
29088
26982
31729
25879
25087
26165
30800
27862
28162
36282
26447
35753
38947
33383
31930
35908
40512
27863
24743
29535
29312
32219
33109
25959
29135
33557
24341
26183
32819
29943
29028
36684
35081
41299
25238
31558
33733
27372
27506
30080
28089
30944
27421
27991
28593
27157
24569
33042
28935
33004
36089
29447
30788
32898
28496
26740
29452
23111
30024
25874
29688
32800
40172
29980
26056
28504
31686
21904
22104
29163
37690
36098
33967
23324
27172
27619
34899
23136
34608
33227
23500
27926
32507
33557
26664
26511
27707
25696
26697
29570
31955
31996
33317
27609
34932
33807
29130
24836
26856
30361
33114
32637
30361
33597
29308
26122
32746
35160
41286
36631
24551
31943
23612
28705
26494
29002
32624
28677
27422
32071
28386
25346
28988
34665
29649
44003
41874
32354
56947
30550
31719
25352
25615
27439
24903
40218
25860
29409
29465
37783
31934
29628
31192
29807
29889
28354
33025
30932
27814
30807
30102
26341
35075
29955
32916
30367
32264
34147
29125
30380
28287
27038
33005
31311
28827
39009
34147
32646
34813
31483
28409
30909
24657
28145
28752
24380
28302
27102
26009
28876
35263
32242
35779
27266
38308
27173
33236
33815
30494
31875
36033
30055
32268
34929
27701
33358
34367
34704
33150
33012
28516
33192
26694
32320
23877
36394
29421
32737
29476
32243
30041
29179
38744
31483
31978
32363
35452
33327
26459
34694
33389
26553
23756
35457
25836
26345
24150
34627
32944
35596
27792
27337
34416
30430
26516
32471
35839
25735
38304
36492
32239
34138
31347
31107
32041
27151
33661
27864
32501
41826
33930
31146
30266
33207
37635
36991
30302
30665
26312
28888
24830
27952
30490
33544
22966
32466
30594
22881
30784
24887
25880
25221
37816
33633
35877
28003
34104
27818
33711
35083
38106
30170
29988
26624
36734
24250
29242
27254
26586
36339
24663
30943
37550
32421
31353
33091
26554
30882
23673
29940
28906
32815
23324
27821
30317
36749
34297
26974
22274
28270
37346
27322
28763
43012
28760
33651
33510
27177
26415
41379
34980
35659
28831
29406
29505
32858
37054
34006
34523
23071
24703
33627
26666
32724
29676
26690
33210
27747
28247
29420
33262
31875
32527
25887
33191
25653
28122
27705
33403
23642
34366
32216
33754
32693
27366
30992
35226
31134
31428
34275
28075
33020
31440
26355
24499
35260
37748
31406
28565
40109
26990
31423
31595
25149
33580
35363
26667
34294
35741
33417
33811
27833
33192
32489
23174
39098
32644
30118
24719
40272
28718
32920
27064
33278
28980
28738
29968
33423
27418
26027
31803
30731
51648
32320
28530
35166
33479
32849
33513
39163
26343
27898
31758
37835
34272
33923
36002
28975
24764
28140
35201
28723
31273
26769
29695
25875
28441
24664
30300
29992
31914
25977
24635
31444
33442
35508
28438
31241
33492
27659
34084
36000
29177
29340
26257
28554
31982
25765
27908
33080
34357
26789
27410
29820
34409
26710
28831
33841
38368
24402
35060
28077
29868
33260
32421
34910
30217
38263
35390
35111
28819
32727
37374
35958
23597
34682
36186
33457
28753
30767
32142
28347
30768
32019
29798
32571
31705
27721
34896
31920
35801
26130
33106
37342
28896
31402
28550
27821
29683
26746
37559
32844
28963
23424
27874
30493
27684
26589
24906
25260
27813
26195
25830
34038
29035
26445
35478
33069
39216
39581
29029
33121
29067
27418
25677
23824
27262
34538
33375
30884
26418
30988
29689
34851
40577
29051
34495
28865
32474
28984
29623
29183
27088
36411
24640
26683
32359
33407
32792
28731
31797
26769
29808
32723
32805
35636
30290
26642
28088
32951
31469
24863
31865
30658
33526
30458
45874
36429
24389
29117
37503
27771
29939
35633
26680
25357
27594
29640
29151
37155
30384
30746
26429
32279
26909
31748
32614
26761
27392
28462
28103
38917
28728
27560
28196
35436
26697
36236
28973
36581
27649
38536
31030
30003
22644
25781
35995
28767
25784
26556
31734
31188
30525
26534
29413
24837
32394
30768
27245
28138
31519
35678
30043
24524
32499
26934
37863
31118
35392
23892
31195
30199
30385
35976
33462
30078
38491
33714
34468
29295
28650
34176
24909
30599
29286
28813
55410
35021
30556
94058
35857
24269
30211
27728
28149
34624
28742
38044
26506
29186
27703
32781
27402
25903
32506
33176
33733
24416
29979
32205
30072
26301
31649
28321
30874
31790
25926
30533
32714
29136
27156
24243
33970
36549
33509
34866
34211
31718
26047
31736
34030
34503
30142
38033
27234
35825
32240
30266
33552
27697
27734
29371
28746
30831
30068
29985
42471
32191
31330
35267
29125
37773
25143
27254
38831
35488
27384
26541
32558
30396
34368
32272
32073
35331
35853
33245
38993
28555
35464
34071
30313
25766
31512
31411
32328
36707
51889
29034
30650
38532
36672
31073
34702
28765
38151
25996
28967
31714
27760
26978
29936
33493
34248
30479
28072
35403
29484
30991
30998
31107
34088
34938
28668
34945
36241
26024
29721
29214
30822
29843
29903
37569
33068
31730
30884
35520
30090
31181
30258
30410
37398
31701
24542
36646
31877
31636
35794
33461
26900
27771
31879
29021
34944
37893
30207
31419
34488
29642
33227
25135
32775
34455
26602
32983
37156
32321
33855
29596
30675
32310
24762
27383
33258
27052
27147
28305
28896
29612
25530
26204
33429
35336
31356
24591
34394
32386
30476
26938
26695
27862
32362
25451
150466497
 Average Time : 29387 Minimum Time : 19167 Maximum Time : 156295 microseconds 
 Client 1 Average Get/Set Latency = 0.029387 seconds 
 Throughput = 34.0287 opertions per second
