48704
48473
104022
41903
50554
51852
55436
56621
80876
66861
58512
63903
68978
52726
100349
40302
42072
49052
71360
67208
43057
50337
36842
57540
36984
55330
42975
57505
42652
60038
50808
56813
80980
66349
62499
72345
49400
48663
34210
104098
51454
55761
48193
60971
54502
38883
47550
54146
45682
56355
50270
50812
57872
66446
41583
52973
75532
63015
47630
44328
51000
58928
79318
38783
47168
71859
85186
74008
59412
70081
56837
51673
43529
44048
128739
106706
25983
59500
73397
51929
69373
53159
62111
67776
57669
63289
74326
97857
81518
59835
69928
48321
57668
55291
58742
49470
61534
59720
60754
60883
47032
66735
54299
67604
56675
56971
49632
49257
65857
45887
70798
48912
54862
34444
92680
67326
48995
56977
69588
87284
70595
46556
58122
42253
51032
80425
52272
59627
75581
265929
117540
53251
66890
51860
41773
58254
52296
65849
57506
38590
69102
73067
56861
52602
68772
45231
46646
38179
66126
48752
44750
46417
45170
58409
47132
61534
46406
51133
43948
46069
49470
55493
55880
51276
54480
47640
51215
78735
82633
64081
79250
58535
50801
49975
74551
31982
57236
46564
41284
59132
48107
45558
44685
64522
41282
62266
47830
48514
52571
26401
61760
49235
58668
44058
40801
54227
47579
66052
45159
78712
85020
50787
54977
62512
36251
48412
63004
40555
62336
65596
83611
43866
40335
62389
87211
45187
75903
98316
49641
57487
53283
56600
73163
60240
38204
48914
44323
68187
40479
44830
79789
59243
57302
60957
182185
56625
35337
53049
48341
71718
80085
57721
73493
42261
41818
55076
39489
41631
65553
40727
74536
81511
58279
70194
55343
52824
60233
48509
71913
55131
54176
46663
60630
63983
36159
53004
53418
53042
63708
54215
56713
63216
69043
42931
82634
70536
52695
60587
67751
37811
51063
60826
64177
46958
57295
37572
34189
58234
41647
52951
48538
69670
53939
55459
55692
46908
61322
50784
60575
57803
50972
53226
73729
71996
58258
58282
45803
90610
42171
40260
46514
32073
32974
27383
22253
24076
23907
24648
19288
30791
18453200
 Average Time : 57666 Minimum Time : 19288 Maximum Time : 265929 microseconds 
 Client 9 Average Get/Set Latency = 0.057666 seconds 
 Throughput = 17.3412 opertions per second
