39058
36761
45972
38066
43253
32976
36891
35898
31398
27002
29917
37583
27826
35545
35331
38749
31615
36138
35407
38896
36415
33021
34573
51736
26508
35470
26237
30065
27339
28051
38248
29922
28690
30917
36607
29410
28021
30535
31671
27648
28413
38496
87282
26985
29073
27040
38566
41327
30784
25005
30612
35026
34608
30498
35493
36865
33258
77677
25429
25106
28264
25982
37115
25908
28845
31036
38794
37995
27947
40728
33118
39247
32958
39653
34184
30404
28206
33975
32459
36045
30053
30770
40023
35117
29813
33594
28079
30579
42164
41648
59489
43695
36995
46722
34946
37700
30864
41088
35291
36476
30456
32256
40635
30699
34689
32003
34226
27610
44298
31737
40463
31265
28981
40954
35957
36701
34659
55068
32414
41445
30272
29030
30927
33321
27660
39564
38608
35508
259993
36969
24419
27038
35559
49041
34265
33419
37871
34561
33667
24910
34561
31127
30704
27169
34976
56043
30998
32158
37808
26345
38696
29073
38785
32721
29767
37401
44710
37508
42771
36239
31615
30546
27138
34826
39114
32105
38375
30836
29570
38603
34441
34958
23904
42807
34669
30052
39037
36548
37672
29288
34936
31329
32079
31694
48798
37616
40139
33040
32967
30610
26105
35487
41163
23570
38570
42474
54180
32994
61632
48235
53286
39505
29406
27993
43392
32796
30050
26102
27282
32366
28149
32420
38772
28901
68587
32158
33693
33720
29595
28938
32800
30803
39218
34576
23701
43996
39691
27844
33187
32393
31989
23637
26500
84985
36448
33775
30705
30222
29490
31792
38732
35229
36093
43873
28638
37830
34897
32738
32344
26004
35169
29093
42161
37249
32822
34682
36984
24993
40632
32290
31908
20007
27645
30983
30394
25907
31519
25261
26633
31405
31198
34798
40426
35515
29919
37668
29825
41729
27647
32952
29775
38652
29763
35579
28506
25071
36724
30111
34441
31999
34484
30770
35656
29980
30077
28654
40863
33227
28424
32028
44288
36867
27993
27424
36452
29040
36919
23909
41465
36606
35012
35320
49798
27302
26043
39196
39819
25426
62207
64940
55512
38850
29327
36771
73487
22613
35025
30151
31718
28453
39852
31229
41421
36701
33248
33421
42802
26701
32482
40862
30027
24892
32602
41952
30229
27345
27581
33993
26980
24137
29141
36734
40285
31143
31042
37140
31107
34895
35116
31136
33336
31590
44333
36842
38083
31836
32426
30422
27718
40153
36060
39555
36814
36110
37206
34718
33384
27872
34526
25782
26278
39494
30651
35973
30673
34047
25923
35030
32538
33903
38774
58557
25546
29979
32155
30624
35491
36179
30681
34431
31488
42740
40772
35329
32747
29123
27819
35421
40850
32746
25527
28544
22982
25751
26208
27021
30836
28694
85632
66399
41341
69298
39946
30730
35574
28166
23582
31473
29617
34966
36520
22217
50984
42876
27529
24244
24247
26792
30151
27251
29571
41105
35546
28979
40591
43459
36003
30647
28205
32229
36758
37396
37383
41715
40002
33065
33925
26231
36002
31907
32607
26658
34688
32858
31385
26552
28827
45607
36421
27030
34930
35741
33144
35568
41043
39177
31551
85168
33745
84651
34293
35385
31555
43331
30554
34374
28358
27733
37219
26081
41756
32216
30434
32164
29567
43529
28887
38417
52137
32070
42182
33582
31405
36646
40092
39502
37175
30895
43114
28433
28976
32173
29447
37253
35400
39383
30073
31874
32608
34336
44092
27692
27768
29351
35743
36525
31577
34655
28701
33598
43512
37133
34323
27029
30723
34174
28130
32210
25303
26566
30290
30970
35163
44343
26337
28009
70091
96964
36405
35026
30720
27424
39752
38734
36657
33402
31981
36971
34453
25608
27020
43014
30306
36482
24079
30459
34029
41021
31067
34759
38856
42300
30191
42516
32597
31909
32907
37593
32851
27013
30997
28837
39480
35995
33373
27136
31279
26533
28467
31147
33877
28416
27828
28897
31262
24775
27505
26416
75903
68705
25430
31252
24911
24809
76160
29083
22323
31643
28405
31490
28748
27399
40831
28789
39141
31654
35033
32230
29651
29617
32372
31344
37601
27639
31674
29124
29343
24835
32819
21012
29413
42865
32899
30349
66378
89596
45142
53088
26362
23375
22531082
 Average Time : 35204 Minimum Time : 20007 Maximum Time : 259993 microseconds 
 Client 15 Average Get/Set Latency = 0.035204 seconds 
 Throughput = 28.4059 opertions per second
