50429
29027
43298
37243
42208
37865
41821
37379
31722
34632
26336
36806
35642
27834
33104
34440
31198
26760
32610
36692
32865
34352
34996
28391
42663
29823
40374
34241
31681
34141
27163
26680
30200
36764
37619
58929
38218
32830
29808
83713
28876
72279
30582
26858
29694
41814
37095
30789
32227
31505
33082
30961
33248
36518
72651
96578
41699
34479
25423
58442
27766
28243
30235
32420
34084
32442
34328
29401
34931
38933
29349
37781
35519
34193
29183
28653
31509
35125
31268
31616
35336
40666
35400
29563
37287
34767
39085
43909
51484
42729
27942
31650
27474
30888
40397
34447
33457
26861
39588
29534
28644
30703
36881
30613
27536
33189
35838
30379
30573
30375
37085
36877
35711
34797
30094
28588
29908
38378
26451
38044
34385
44193
29001
29557
32850
30083
37014
36164
29597
28884
26682
23216
17667
150926
27041
25704
31420
32869
34571
32192
37362
23918
35183
35861
32661
32253
30240
28763
27750
24594
28709
47211
38581
31506
45113
34294
38544
28357
37427
29336
38147
41241
38889
33925
37621
37452
36885
38323
36058
31297
30385
28826
28876
39809
37324
30327
32988
31148
34661
39112
34064
31018
30410
32655
31835
33268
34741
36964
28608
32328
47339
27426
30484
33706
37659
27329
33965
33976
31824
32304
33368
56317
72728
42865
26812
36906
43223
34168
52843
43594
30550
36513
31360
34359
33105
29916
43128
32278
30122
34892
30096
34057
34163
43867
38385
29946
35064
35630
28036
29639
34473
24971
32152
25848
25927
25957
25394
29087
24476
50578
33177
33342
36021
32614
29682
37564
37727
36176
32754
34603
30573
30459
41150
28417
39602
32721
32184
30079
32067
28118
38152
32642
27161
44533
33673
28792
77299
36807
24038
85165
28901
37366
30583
32732
36781
46451
37574
29802
36083
41103
25409
48221
25763
30605
35441
35758
26125
35252
32714
39695
29648
33064
38158
42039
33752
41026
37366
37791
34044
35190
33447
29501
29337
41907
30294
34050
32377
31507
37977
35597
36731
26415
26601
34868
49601
33284
29973
28586
36340
41966
69461
51387
49069
32942
36415
71667
32070
34051
33302
36802
40088
30840
26016
33412
33722
32319
35788
36475
32816
26821
32207
33022
35692
28779
30254
29828
46756
30673
30842
29298
30483
36604
25988
33339
32139
33764
31672
32999
31153
33076
30190
33786
39530
32446
37444
31328
27114
40649
32956
28135
30536
32383
39964
36774
30452
29388
24808
32407
36659
34245
36632
35693
36056
35547
34367
33944
26740
42323
22717
37142
47323
39477
36965
81666
36857
38511
27943
32939
33889
36162
32956
28499
34546
33939
31796
37095
27651
25310
35861
31425
42112
24118
102938
33569
49934
80044
40610
45797
60109
45096
30534
30698
27767
28567
25463
30933
37116
73479
35091
120700
27776
33308
33708
34211
27254
31342
31972
29783
29873
29869
30270
29513
32697
44025
28348
30748
29670
30229
38041
26939
30765
29008
27786
32819
30977
25487
35247
28877
36966
42451
37846
33012
34086
30691
30072
30250
35541
39882
29382
33857
34794
36152
76031
45031
29651
69143
34608
39134
37911
28950
40844
40101
43062
35738
30166
25922
30402
24370
26427
36019
28622
30618
27794
32307
36704
32244
37287
37772
39506
26093
24029
38460
35527
31181
25818
34054
36668
25729
32631
28240
26736
27088
32957
32003
31837
43222
34275
32432
35936
38691
32764
33440
31377
32340
35004
27468
30340
33364
35118
31591
28609
36216
33779
49704
33005
33121
23173
28282
30897
35262
31032
28945
27959
32173
71946
40296
52334
31899
40984
38787
41481
31256
28351
33198
53765
34044
29237
25956
33368
47174
35143
30061
36474
31062
28439
30335
32564
39886
29498
33955
31557
26713
47204
34737
41235
41287
28148
29205
40008
20756
30686
25966
35269
32404
34417
33481
29513
25521
38886
26522
34962
33250
36993
39996
38132
25765
30516
33202
22355
27750
28861
110669
30119
26488
27455
25645
26376
32719
28845
36143
28118
39935
33507
27518
26781
34858
30035
31418
26398
33931
25099
32396
26972
30488
31959
30082
31288
34117
30877
27788
27206
26273
30078
69388
48026
49952
37157
44099
26127
58116
22566726
 Average Time : 35260 Minimum Time : 17667 Maximum Time : 150926 microseconds 
 Client 1 Average Get/Set Latency = 0.03526 seconds 
 Throughput = 28.3607 opertions per second
