39983
83042
89165
64362
66648
83028
63834
66604
78757
57680
87420
138197
32377
34313
49030
57473
48676
56482
52865
47587
71262
48140
53701
65222
43134
56827
46065
44117
48279
42169
51376
68018
74879
49438
34095
41465
142384
51182
41889
62091
57149
48700
60529
68584
57361
48158
56237
45781
42045
44118
53609
65805
55215
58841
59705
47723
37021
48572
56079
62386
68019
55894
42888
52205
56540
81651
53806
54126
51641
51893
59721
65211
53224
94131
68993
57270
69212
36832
55242
46416
60365
48289
54217
41500
58303
38577
126088
43124
43238
48148
63326
49037
42982
59521
63043
37895
46051
48461
52856
82759
45920
69317
41685
47798
42693
48424
65190
56005
51845
69791
72268
54624
48393
50850
43884
46584
48277
75111
50698
97151
54788
60125
141515
65918
40464
39565
49719
68332
51202
46618
65911
38287
30033
37489
34910
128272
149182
48661
49722
120174
56182
51125
70868
80770
45719
63046
89955
51223
56447
46867
53392
53488
52671
48595
38863
58391
50687
54303
51105
51637
35707
55774
49358
50734
45422
62476
56084
76167
35443
48286
63204
41126
40670
23973
57914
54764
45768
90278
61552
70588
56397
58554
47556
51367
79835
55715
40358
57391
57041
53111
52187
44528
46118
68884
75939
33834
80512
73927
53855
48181
49350
68543
42475
50856
55454
45993
63143
57658
94424
39459
43444
62508
38066
58936
87238
52329
42827
49286
52373
63715
59105
73379
59112
65790
56255
43323
51543
45181
66591
39841
58948
53191
50248
65077
38356
55713
70658
56371
49519
64091
41488
101244
61715
98277
62700
69848
38692
61230
49753
71185
42139
54658
57246
45128
37272
37853
64708
54473
58306
39502
36755
69294
40598
49395
32394
43857
80609
54795
93428
59719
40267
52177
61474
71930
40942
68524
72705
44943
57764
48923
45085
56621
45877
61687
43648
54834
54694
57678
52969
67023
66868
41294
59907
57872
64890
50817
42615
56853
60085
50257
49955
62887
62624
51447
55857
43614
62683
62379
39845
41971
69360
51385
69240
72939
58145
62368
26832
33609
36391
34914
18211174
 Average Time : 56909 Minimum Time : 23973 Maximum Time : 149182 microseconds 
 Client 17 Average Get/Set Latency = 0.056909 seconds 
 Throughput = 17.5719 opertions per second
