53710
70307
88220
47064
54680
83709
69275
63111
55148
55916
49210
141179
39965
31506
29726
38168
68241
44546
84648
40788
56548
53463
46687
49503
49184
56597
50205
42782
60737
53282
73721
54953
59246
43701
40314
52548
96810
52705
117132
51099
44393
47734
50874
47546
44776
76012
46899
60382
51260
49009
71989
57281
52268
39761
36521
47217
60157
67421
44849
49626
57841
39345
48127
43862
46725
54084
60113
55029
47954
56904
48016
49028
56451
43749
44905
47804
148264
66133
48479
41748
61510
47253
55686
43307
56488
61711
59701
44179
35382
85422
41324
38420
46152
35661
45833
60837
52733
34436
59094
52912
57245
56718
57171
59574
60676
55996
55736
50579
72426
56493
59504
53188
50375
61947
70497
51219
41290
48488
48240
54296
48354
112270
95070
66734
90976
51264
43349
59233
48337
48823
56089
55306
74526
51028
68351
28331
30700
45705
132124
178475
30780
185619
59332
45897
58984
67681
46245
41970
70809
47115
66552
38348
49029
79674
66576
57658
51886
54004
52954
54875
46618
79208
36397
61306
55260
61167
71566
60363
49800
53184
75515
48644
66908
43152
55786
52535
53654
47761
46463
67428
64379
74978
37488
55370
55105
53066
55047
61127
38264
29753
59907
58833
36288
54155
64011
93698
83840
47080
42719
52733
62659
45234
51064
48320
60683
74595
56925
53891
56839
44720
36096
55756
49911
49386
49328
103031
52893
65415
52760
45366
52998
40433
67913
42375
57599
71021
52213
63609
52868
72643
52061
44213
50925
53529
54444
58386
98186
50270
50684
49762
132836
22689
46882
50227
51611
134139
71908
54159
69585
56041
49465
56021
45729
52813
65194
64182
42338
61832
44376
46919
59106
44525
61054
48867
60704
56014
49556
39653
47654
51921
49487
59076
57436
52213
52574
46654
52904
64781
51309
42419
52147
44151
56910
55433
61208
50139
40278
58382
50035
47442
45849
46916
65235
46460
76123
56382
37333
81859
42719
73170
64813
54696
59831
51590
55771
59000
49011
49568
54762
66062
47208
42775
46905
64106
63127
63596
58375
33675
32298
26570
18171925
 Average Time : 56787 Minimum Time : 22689 Maximum Time : 185619 microseconds 
 Client 24 Average Get/Set Latency = 0.056787 seconds 
 Throughput = 17.6097 opertions per second
