32267
31738
24694
23173
24553
24922
23173
23747
32125
22837
22332
26721
22253
21481
23449
26405
29434
24450
24152
24988
24613
30518
24330
22459
22749
24041
30250
25254
26729
30846
25565
21588
25346
21509
24336
24881
26872
23208
25695
23255
25453
25293
26610
22430
21477
22241
25240
26292
34879
27594
30365
62183
24352
23023
27837
24834
28353
25581
27974
22754
24174
26726
30983
25456
24101
31894
31594
23916
30019
22467
25851
22985
28547
21559
23206
19307
29855
27902
22887
24861
22825
22825
20373
26342
20689
24613
23355
23453
25670
22228
19811
25497
25515
23939
25121
30797
28828
26416
28187
25429
28599
25633
26080
28221
24055
24116
20823
26467
27149
20567
22117
27753
28265
29175
19917
21345
25796
21814
29132
23311
23419
26970
21494
28323
23593
23436
27324
21372
26769
25656
22482
26376
23652
26504
22409
30370
22164
21244
28038
23376
24449
23484
26739
30260
29127
22958
25289
28859
25134
26300
25459
25456
25526
25477
28180
24573
26771
27382
23568
26370
25562
23884
21749
21452
24264
22483
23085
23941
24739
21421
28773
22978
23543
24637
26883
18896
21191
26503
30748
27651
29355
22803
26205
26689
22275
29068
25342
22800
26844
25535
23031
28258
27153
27451
30493
22944
22941
26313
27209
21821
26123
25099
25200
21921
28454
30704
20707
24638
24114
20711
23087
28231
26000
24491
25313
22351
19451
28485
27053
30465
22729
22200
24050
26267
25930
20266
24143
29309
23207
26113
26216
27270
26795
28060
26502
26725
27933
24813
18263
28187
21334
22805
30487
24824
21985
22202
29116
23784
28056
30471
24839
23174
30685
26746
26630
24020
24648
27140
27729
21274
22465
26371
30648
24923
24144
25597
26253
24038
22278
25570
24657
27240
24088
21754
24906
26879
24461
35198
22487
24092
24907
29601
29754
21997
26746
18926
25358
28485
27039
24994
28992
24246
28450
28763
25765
24613
26830
21219
22787
24466
59261
54944
33744
49075
31808
28077
32351
27775
29227
24385
26011
29220
23141
28848
22329
20598
29262
27637
27383
24084
26837
31519
25173
23233
24634
29468
25126
25245
25035
25871
23390
23757
27496
22921
23267
27123
28746
19692
24893
25217
27651
27749
23406
21619
28574
25716
24965
23572
26246
22792
31017
24458
23577
21329
23974
25902
27304
33215
23397
25958
26287
24186
24240
27565
26051
24232
25494
34391
28301
32762
21358
23135
19428
23135
30243
25827
28512
26719
32050
29819
25865
25488
28750
29664
26072
26919
23383
25066
29892
27436
25986
27375
25232
28399
20814
23347
23551
23216
21647
20415
25943
25917
26120
27947
27781
26037
25125
26871
26120
24745
24938
24021
25844
26517
21283
30218
24304
32578
26382
26069
23034
22855
27650
26479
27241
29948
28379
24338
27305
25144
90453
31369
42230
63520
28523
29395
26759
24431
30627
30791
26450
28629
24634
27323
26060
27327
28165
23241
20679
24927
27598
24993
24816
24162
25389
27151
27952
20080
25393
21063
27960
18777
26535
22463
24160
27989
26833
32408
29475
31561
27313
24063
21912
22655
22401
32355
27521
19563
24191
35425
23809
25551
23409
25201
30615
19635
21817
22324
25596
28405
22331
27997
30815
26120
24138
21878
24763
23797
25707
25841
29385
27373
23185
21835
32022
24704
82089
32442
59841
20460
25780
21814
23339
25651
32587
27011
22125
22242
26916
20650
24753
21774
27376
23891
26075
32780
23377
23083
24134
25960
30398
32075
23155
27791
31024
20986
25408
25222
25309
26523
20812
23749
24201
23836
28045
33207
30602
23653
27747
27600
28298
24542
25244
29141
24064
22635
27252
24434
22811
25161
29358
25875
29342
27159
26938
28010
23486
26635
30353
23038
24894
24330
28159
22269
26958
23938
20264
28438
25605
19402
25879
25257
23160
29299
23108
21144
25712
19546
31286
26882
21350
26529
23430
26463
21446
24883
27487
21920
27476
23884
24944
22766
26121
30804
28412
24081
30516
25777
21400
30617
24150
22506
22299
24217
24092
22627
26882
31662
24601
25687
27588
21820
28503
28015
24192
33398
31144
20368
27107
26418
27477
25572
26981
22015
22512
28575
25404
29114
27651
23735
20728
22973
28735
31087
23011
26805
25597
25293
25524
24435
22071
27977
24240
22376
20794
22896
29832
26586
23930
18434
24756
23297
31671
26529
19743
21591
28868
26114
26553
23828
23449
26673
25861
23159
22338
23069
32289
30958
29827
21940
24698
26332
24808
25697
24256
33190
27777
24403
27568
21439
23691
29142
29670
24156
23675
28157
27658
28879
23212
22819
23990
24566
24819
25846
27856
26234
22664
26174
22170
20439
27197
25975
31929
24941
26691
25935
30864
23175
21717
23174
28287
22572
24466
26685
26316
27596
21296
21678
21887
28461
29567
22583
25014
25161
31071
27250
36717
29994
25920
25877
23322
22133
24320
23604
21889
22402
20011
22817
23620
32041
29311
23145
24893
26274
24395
25400
22559
22966
23341
32334
25997
29080
32007
29383
24672
25143
22437
30147
27039
25107
31163
25935
23523
24296
30029
24235
27570
26319
23756
23686
25471
25098
26827
22149
21471
21554
21280
29657
26079
27834
23693
30765
22749
27327
34265
22175
23938
21093
23778
29705
23195
28341
29139
29758
27110
27334
26834
24796
25318
24827
23190
33921
23734
21568
27149
26006
27005
29839
30071
25795
24045
30479
22631
23829
20749
25423
22249
24602
26144
27629
29314
26586
20336
24265
26423
21223
26470
29013
19673
24414
25870
29674
29479
29227
26553
25996
28488
28298
26124
21012
25469
22967
21865
25930
20663
25604
32223
28897
21927
26825
29563
22533
23064
20943
23139
21260
30079
22622
29870
30132
36143
29809
23550
23566
26648
28866
22175
24727
26446
22126
29500
28170
25072
24548
27243
26075
23016
23473
22026
24711
29618
27033
24975
24008
24552
28401
19422
25596
21150
22002
29355
30380
23389
23311
32771
25136
22190
22587
37115
27753
23945
26498
28186
23169
26709
26461
24772
26106
21641
25891
26038
26984
21107
23821
25018
24723
23090
25255
26893
21256
21730
27676
24128
22872
24441
22665
24768
22593
25271
32642
24332
27616
23123
19914
28863
28046
28340
27902
27629
31193
24792
25216
21978
31227
27599
25643
21082
25866
24987
32075
23175
23122
20710
24437
22369
24425
24452
23282
31266
32384
27472
25659
26264
24299
27420
24995
22409
30270
21975
28858
36652
24545
26329
21244
24336
24216
24977
32538
25941
29258
25956
22827
26076
24383
22936
24117
26463
25640
27696
25560
21318
26135
23590
22990
26146
23603
25307
23733
23620
25841
24258
24220
27216
23337
22929
25584
25678
31722
22196
27558
24311
25770
28071
23093
22914
26979
30416
23291
24050
21542
25068
29867
21112
20487
55680
73071
26942
29635
26249
27763
31771
26682
23254
31921
26744
29129
22771
34079
27052
23096
23911
27112
23430
23789
27378
26395
26748
30358
24327
26335
26307
30734
27411
24741
25921
25141
24405
24315
26562
24248
27150
23597
27255
21936
26666
26229
27746
20614
25032
26136
28717
28772
25339
32358
24931
27990
25448
28116
28112
22579
20599
22732
22959
28522
32558
25723
35195
26164
22725
26220
25522
40974
25612
26762
27753
78070
95071
25579
22208
33514
31158
23093
23444
24629
23711
23653
25899
27489
32433
48382
41547
30606
37553
34473
35502
33220
26852
27320
30470
30744
27894
22600
24131
23943
27114
26263
24843
28486
25145
33113
25437
20476
21145
24481
33531
26837
27907
23647
22950
21884
26024
28319
28379
29598
23152
24836
23635
23472
29329
24089
24918
31226
24374
24334
32686
23049
22625
20443
28151
27343
31085
30859
33066
30450
25183
26610
26276
24971
24268
23904
31308
28949
21639
29581
22589
28658
29880
28869
24286
21756
23538
28210
24516
23388
29488
23956
29912
28241
27519
25992
26194
26852
23711
22356
27354
25580
22082
26883
26632
29705
32309
48961
33377
21600
26726
48354
24613
28325
28206
26793
23115
28401
29241
23118
28252
26900
26221
21225
23704
30224
22906
28876
24730
25005
25272
24698
26703
40005
20236
26224
23502
27745
28305
27664
24665
25068
32325
25041
23818
20961
27544
28864
23704
24225
21144
25027
27375
21247
25931
22789
22199
27403
21135
27184
34155
31995
33370
27166
24988
33439
25184
24505
29729
29428
25811
30753
30026
26141
22184
32114
31724
24323
25942
21652
26586
25639
19668
26898
21070
27321
26216
19920
21673
23269
28312
26691
29214
36841
29397
26520
24039
27270
24770
22437
23220
23025
37886
25380
24785
24143
25819
27557
27430
34078
25358
21026
27057
26857
26057
26906
23377
21757
26775
21751
28343
22733
25608
31684
21386
26452
22388
19925
29604
27935
27754
19976
30531
22552
25950
23403
27238
30850
27039
27893
26433
22935
31549
24709
20730
24248
22786
29016
31028
25907
20672
22559
29045
22728
32210
21805
29286
29604
23910
22170
27618
26506
26907
25612
30031
23955
29933
19748
22298
23588
22782
20463
23501
21525
25224
31515
29908
27482
26981
30385
25926
29041
22489
24199
19800
23624
27983
20787
25559
32026
24775
29358
25231
22366
22609
29947
29611
27319
26529
31678
28709
23586
25338
26105
22336
25368
24506
23603
30943
28067
26682
29910
29720
26902
23588
33796
31926
31421
31669
31225
30299
24689
55775
31815
27330
24019
29773
24479
21378
29890
25169
27445
26091
30528
25262
26080
30283
28084
26764
22250
22494
25352
23367
30354
26654
29189
23276
19399
23314
25085
23258
26119
24430
24177
26871
27516
21860
23884
30035
27230
29078
22456
24902
21995
27851
23212
28487
27578
26827
25193
31594
21967
26025
23977
30756
32680
27987
21031
28313
26636
23624
27933
28861
21242
31001
29496
24356
22254
21663
24134
33778
25756
27223
22000
26332
29599
23198
23688
23798
22965
25222
26594
29389
23414
26336
22159
23819
27441
35172
33014
25984
26431
30147
25719
25840
25328
23077
26083
23725
27822
21990
22967
25883
24954
22556
24914
24571
34737
23309
25066
26820
24505
27905
28097
25007
24395
28991
23658
21384
26507
25755
22642
25645
24141
26144
22404
24407
30432
25648
25766
27612
24140
31318
26247
24410
24858
34264
29730
24443
20787
23457
29575
26779
22996
26641
26424
31600
22620
27732
27713
26480
30804
24907
21808
26278
26862
26762
24715
26614
24975
36429
27811
26004
26942
27099
26412
29890
30051
23165
25423
28116
22750
28349
26952
28695
24316
22009
30845
27366
20336
25723
20681
31337
22750
28802
26450
21624
23921
25345
26280
26109
22761
32486
29858
21306
21053
22607
23683
32401
25779
27273
23550
25643
25564
27209
24376
22341
22024
36973
27072
29588
30092
33181
30359
24672
55077
26450
27698
22387
30074
36633
20922
36802
29004
32007
25015
25221
21585
24481
29486
22787
26756
22579
26093
25705
25546
28786
29674
30976
26747
28902
31329
27422
26477
28540
26171
26630
27381
25857
24743
28937
29264
22789
29753
34343
25709
39206
28515
27876
27478
27115
31055
26739
23766
26120
30424
26347
26714
27051
24705
32651
25245
24890
23495
57671
23880
27234
24936
30612
24899
24552
24947
28787
26814
23846
21506
27516
24434
30434
25662
26192
21796
29761
28971
24676
27029
27196
28568
25347
30476
33849
23939
29596
20686
33414
26043
31128
27402
27419
25896
22646
32137
22518
30579
25057
30142
17765
27272
49830
57764
43240
23846
30588
28138
27678
28578
25274
27918
27646
23801
26501
33323
23896
28756
25999
26900
26976
30334
32143
32709
34225
25005
23684
23801
24567
27787
25862
24044
26815
33377
25195
27240
26713
32101
28467
21958
28312
22954
26653
27296
20201
28540
25800
21403
28369
25307
20627
30821
23150
53693
44816
37030
28254
27851
22617
31200
26736
26741
25709
26780
34704
19347
28096
19895
22134
26947
25027
26820
24166
25388
26036
24966
26785
21610
20815
24666
33128
28315
23096
27093
26414
28219
21019
34777
26828
25126
27141
29702
28735
38846
28164
26121
29323
34899
26937
26009
27075
24921
29561
24036
29081
27947
25394
31038
28507
24361
27146
30461
23263
27989
27168
28833
26215
60004
26783
25995
22520
22189
25337
26737
30067
25811
25317
23662
23167
24866
21218
25943
29399
29207
30706
19152
20906
30910
25981
25167
21058
26113
24495
21405
24068
24797
21164
25416
22087
30084
22608
32595
21031
25100
28964
26925
30260
28936
28603
26514
24195
29393
25059
30352
25278
24546
29207
26155
27133
28511
30107
27958
26038
28324
25842
27016
24446
22824
21838
24217
22306
25941
27484
29403
28386
19034
29847
26582
24044
22614
26259
27658
26447
27595
26496
22604
27027
25291
24981
35780
35269
27345
21859
37333
30557
20541
28113
27187
23395
29363
36150
20115
27689
26315
27536
21603
24841
19106
21614
31858
21949
28716
27476
24772
23429
26550
29904
26471
25275
27022
29261
27729
22855
21211
25581
25500
23319
19797
29264
28785
25846
28917
22791
23365
34219
30759
25727
25067
34298
27544
21533
23352
26781
34229
24050
20788
24793
25090
29410
22562
21768
21961
24706
25800
30181
27392
25665
29763
28762
26286
25839
27292
34640
29850
31382
38752
28114
27273
25893
24158
31039
19990
25334
28894
23999
31730
27137
21397
20523
24908
29228
23915
22522
24632
33096
34342
23580
23214
23834
34227
27451
31417
29878
25776
27115
27044
29861
24947
27303
23208
26207
23252
24882
28695
27390
29399
23173
29018
23520
25269
26347
25601
31574
29287
31538
27948
25605
29060
22877
23126
33591
31997
23017
26346
27871
29246
30916
27659
28116
29809
31086
29176
30795
21402
26101
23164
20298
28051
27982
31292
23419
26087
26350
23753
22599
28128
26523
24742
25005
24005
20372
26119
26375
24844
28010
26948
25629
22773
20186
31269
20773
21216
22307
25097
35615
27182
25230
28273
20116
27789
19115
24000
24351
24877
28964
23185
25387
22984
24518
26746
19795
21849
24209
26042
26529
29896
25851
24600
28129
32347
22874
25098
20688
20456
26544
24776
28701
21367
24287
22476
25302
22238
24903
29097
32941
20876
22564
32421
30778
27506
21288
27404
23704
23491
31334
29608
25904
26912
26972
27659
21037
27012
22006
31233
30393
25559
29959
26958
21427
26607
23170
23979
23140
24836
26946
23675
22541
32119
27155
24976
29786
25317
27423
29056
26482
30697
23469
30697
25068
31060
25645
27622
23463
23884
25031
27008
27051
30407
24857
22595
27175
30633
23204
26391
25526
25438
31006
31037
23081
28703
34187
27600
25919
31898
30933
31891
28785
24766
24177
28983
24088
20989
27832
22469
30805
29187
30340
66650
28616
30355
26745
33883
31738
27696
27368
27086
26459
21462
26685
25529
27010
28233
25490
23936
24031
27815
24539
31473
36023
30779
24667
34269
22340
26399
28303
31702
26652
33086
27556
28114
26840
21780
23489
35960
47273
30712
29709
33922
28437
21804
25073
28039
23456
24265
29058
28889
30638
20334
21165
22845
26516
23704
28249
25895
24377
25642
25879
20315
24540
28813
26872
27735
26727
27592
28105
28728
34039
30172
36024
28136
30393
25351
24904
32843
27709
32885
31295
25833
29687
25695
31540
28037
28917
27556
27827
28968
30458
20553
25473
25616
24851
24307
28365
24137
24633
21682
28097
28817
27264
25793
20013
25813
24227
23541
29680
27766
23423
25530
29417
21426
24458
27288
25671
24476
39060
29963
19160
22909
24006
21269
34453
25790
23305
26737
28924
30383
31385
27637
32363
27354
24986
22649
25439
24795
28375
24116
22136
23638
22562
24440
24102
23187
20550
24937
32974
27910
24613
24546
26629
26583
28078
24187
28871
21309
28406
28711
24424
24924
32223
27270
25086
27538
23651
34596
28584
25866
22700
27211
22727
25990
26089
24158
83258
31420
23830
21480
25708
28483
25329
22897
36406
32807
24513
26539
24534
28127
29862
29329
26298
27839
28352
26495
33637
27753
22421
25868
32942
27470
31299
25142
22371
24488
21884
23236
22569
26393
21033
30121
38025
29193
33547
33190
28431
25464
24895
31789
23110
24689
39237
24387
37100
26547
32616
25035
26657
28633
27802
29448
22154
25590
24291
20941
23307
24626
23404
30601
24348
29002
55320
34059
25469
23725
23420
74288
30960
24393
22610
28225
29291
29978
29572
25400
23246
25606
26458
30174
22108
22996
33880
21933
27988
25095
24143
28423
26462
23730
28674
29755
25066
28658
22071
22846
21660
23251
33428
28455
30140
21713
27906
24653
29453
26110
22456
29903
22724
23893
29846
22272
22574
24621
25960
25985
25593
27808
31266
29597
34033
27689
20453
25351
22822
21464
25424
26471
23610
26047
26397
27089
25758
28051
26309
29753
29667
28610
28785
34568
22918
27546
25347
23736
68086810
 Average Time : 26596 Minimum Time : 17765 Maximum Time : 95071 microseconds 
 Client 1 Average Get/Set Latency = 0.026596 seconds 
 Throughput = 37.5996 opertions per second
