68854
116932
66396
66448
65377
72043
54969
62590
66496
68531
122969
87531
43705
49932
56508
54840
47464
47767
57539
55500
56331
42976
69986
64814
46792
50592
64471
55423
42418
43399
59506
58428
38700
58934
42352
36870
160316
54596
56057
39308
65813
56108
45945
86922
39473
54661
33804
76158
61738
36973
43287
71996
46138
63065
64723
50141
46401
41200
52078
50672
43874
57441
37614
47037
56563
50699
54075
61900
50309
63979
98773
65168
110076
97323
31199
60947
63683
49162
45366
45559
43223
54340
44506
52495
38863
51386
50764
46451
62979
47379
86514
65792
47840
54103
71343
46640
50770
54432
69845
57045
42537
65668
59238
49317
59542
53996
58689
46239
47236
50846
51393
72724
58584
59668
44476
149608
78708
38568
58177
72594
121661
54048
44604
52105
42765
64032
338908
144429
118590
152047
68742
54886
43924
40252
46361
50297
63845
64990
45976
58472
61383
60410
67834
50753
51065
39168
63995
60417
50356
44942
55338
65127
52194
35470
53285
67501
36762
51112
64687
71111
47727
64804
52591
54986
69999
39829
47295
49833
63421
49804
55805
57827
62147
66653
61469
46738
51696
49711
64715
43012
76455
46154
59359
62305
61184
49883
65297
44835
69741
52280
73386
53958
46195
48224
51267
60106
42914
45135
46183
41198
52403
46778
48259
50316
40059
68677
35581
38933
49861
67995
48301
51673
57630
75073
65657
66156
47137
60655
56819
64083
63564
41806
59873
52812
85708
48257
58585
31152
54098
50315
50853
54106
36330
99085
29088
42808
90644
42043
82954
52873
43421
41225
55682
58367
62750
46735
63454
40407
41885
59182
78417
54805
57540
54405
42024
42614
65309
40900
42321
80829
44551
41014
31586
42778
63517
50564
65310
60872
52824
71333
44157
43111
64233
55724
51739
53036
75281
63241
59342
53563
49537
54046
52704
65969
74202
55851
55868
68085
52142
41319
67001
59766
57680
50736
53158
63360
52208
64694
49515
51733
58388
60816
59605
45878
48206
57794
55482
29026
62261
55366
34855
32524
28266
27413
25077
34612
22908
20887
21670
19138
18355980
 Average Time : 57362 Minimum Time : 19138 Maximum Time : 338908 microseconds 
 Client 25 Average Get/Set Latency = 0.057362 seconds 
 Throughput = 17.4331 opertions per second
