33105
53776
79618
65054
51111
65787
43815
54338
57316
55471
73236
54210
52146
60772
43615
81434
47886
35398
54369
85142
47674
48971
68711
39921
50023
53153
48529
57575
64686
62958
42402
53876
55189
40145
41529
33191
44801
70498
72324
66486
43603
39504
59107
67398
33211
55160
37672
62644
51412
63623
34913
54699
54583
63402
65224
40456
58435
39695
45843
47185
35055
62955
51165
68203
50237
59782
59756
48801
62006
51862
58755
62712
57648
56239
52816
66088
32178
42176
72138
77431
52216
52563
31227
61269
55508
57765
61108
68563
57053
63929
60867
32158
43014
50405
45717
93787
49434
43744
44589
35513
57787
48017
56981
69149
53570
34117
57463
36561
80941
55925
58694
54122
53753
67662
46706
59121
85351
51811
51773
64857
45338
41422
47356
108227
75479
50045
60746
80445
46157
33973
71940
55296
79724
45020
61954
47776
74687
60867
35935
34902
40978
174087
141403
192574
60066
48598
62646
71392
62585
57087
43296
61107
56726
76394
43131
54078
48412
74174
64378
45766
77278
46135
56883
44990
49757
71681
46402
61168
67852
41156
48615
53851
53804
58626
50355
38075
64094
67574
72343
68312
50794
67967
52628
46838
52580
39674
46411
48714
54435
63188
55882
65423
61721
44520
57780
63508
73585
68407
43155
57122
64548
39357
54957
60986
51408
75130
33359
70663
44207
71976
41973
42011
53826
74128
41373
72762
70051
47544
46625
77452
63891
60426
63216
48034
67066
57655
56191
53604
46874
58079
56951
61370
48179
49080
47978
67357
62655
80406
64524
44127
41874
45117
41036
24595
32583
73992
54211
54448
83916
66774
60392
26094
55245
34233
59908
47475
52653
45112
56489
49019
57576
45351
57661
72225
53484
97829
54333
55441
63814
147904
36154
53698
40081
55791
75948
60930
42139
40118
60464
39679
40922
57027
61584
60051
47426
59167
47284
75981
51602
39370
63066
75036
42516
55583
50580
43248
46387
34562
73898
42017
53386
57078
63156
50974
58108
54270
50579
38654
70772
50950
41360
49231
72084
61451
48080
57361
61533
90702
42842
37236
18135152
 Average Time : 56672 Minimum Time : 24595 Maximum Time : 192574 microseconds 
 Client 13 Average Get/Set Latency = 0.056672 seconds 
 Throughput = 17.6454 opertions per second
