53056
68968
73858
55006
66256
45761
64713
57772
70067
61021
39598
59079
47277
40693
40517
44216
36347
39827
45571
40229
73004
42581
43009
69438
77879
59400
67827
49332
48555
62938
44994
41869
61429
70603
35916
57012
39614
66269
62204
63900
48924
53609
45618
99302
74778
65148
49678
55334
55694
50553
80131
52523
72089
43228
91801
52026
52485
41198
57531
66080
56815
57533
61336
68480
54225
48707
72216
50478
41769
55674
56021
45460
46765
50240
39988
40024
94643
42393
75395
28295
68092
49943
47707
47811
83617
81601
72070
48599
49180
90993
49096
35741
66621
38733
64268
47775
39381
41823
74304
61072
45425
48807
37931
65316
67386
56747
41608
54706
58706
46641
73496
36823
53520
50106
56177
60488
67954
45750
43884
52676
105325
87271
37928
62996
57286
58448
53531
43342
52262
77849
61080
60848
44386
34118
244091
145449
118410
51681
78524
47590
42802
96232
53203
47847
48736
56091
39955
41122
40640
61192
42582
46486
44056
80330
62749
99875
70935
45312
56606
50306
63503
72337
60052
51767
68855
46151
67049
58555
50411
54092
58803
55801
53928
53816
50364
51248
49886
61299
56257
49252
63865
60203
49592
59929
52026
58079
44365
53271
53156
50586
54415
46697
61169
79494
72122
40595
50968
58834
41845
67107
86046
60370
63376
56564
36869
40404
66432
45878
37638
53658
51871
55794
49846
57134
55655
54279
54139
75549
42339
54708
59323
48636
52587
51057
42600
43838
50626
58435
41354
58003
63851
40796
39019
63916
51096
54597
52881
56918
40030
65657
61441
32075
106124
42418
98184
40050
66824
90193
63265
54596
40337
41515
53102
48771
56642
61340
34432
64315
51258
43657
65081
56333
50609
55293
85498
88854
51845
52524
62951
56378
52409
59644
67941
50028
81524
55103
55195
43410
75457
64669
51457
67140
69039
58500
90379
59512
66400
52692
38188
42965
69196
53522
44605
42284
73383
40530
52454
44255
63658
76570
58565
39045
57075
43253
49692
46861
54676
41566
54183
47832
53087
63328
72672
57053
72402
42595
33369
46391
35421
29781
18276212
 Average Time : 57113 Minimum Time : 28295 Maximum Time : 244091 microseconds 
 Client 18 Average Get/Set Latency = 0.057113 seconds 
 Throughput = 17.5091 opertions per second
