53847
53689
74920
77263
55376
41326
80583
64890
61260
60767
48889
146268
39517
102943
52551
48320
35164
56006
68064
72186
44132
68256
41044
53651
64576
37616
47209
41304
45511
56825
47425
40701
54706
53773
47413
51355
54951
60513
47911
44152
41136
47502
60456
46552
59547
45784
52584
44202
48299
80164
53564
44855
38417
47592
77414
51202
50235
57727
85047
67285
53133
46497
67956
45128
52197
55590
43769
37272
50275
49950
53030
33719
43477
62619
44858
58774
56156
97502
65828
55912
52017
58064
57635
43288
50047
39531
43553
47345
62679
59686
47100
45616
66051
52291
34290
56656
67038
41380
61817
45965
46521
58823
53135
50420
63878
48374
42311
62280
45536
44663
61859
55561
44529
54942
37685
47033
40618
52935
49655
47414
56754
48542
72488
117314
110460
62532
77347
68240
60165
53755
68010
32844
58816
48483
54059
35916
47914
54165
36159
38816
38232
175652
115386
65754
74372
59928
38943
49400
45725
57481
46951
59695
58434
54441
61577
57342
44050
44769
51018
56580
64119
36060
57506
69193
57684
56317
38305
60034
59547
60834
71450
58609
44170
61090
65177
51237
67319
59143
61451
59866
62584
53595
53224
44066
59520
41441
54177
56899
39050
65761
44667
48963
58203
53835
50706
46017
68496
42536
36637
77094
82063
39890
51910
30532
54110
59306
38172
65133
84417
51545
45124
56919
64584
36000
44263
88910
32775
50057
42401
57694
56979
54547
48444
57580
35100
50111
36634
50935
64236
47566
42358
40234
79145
33110
59433
32385
52738
52418
56519
37711
54544
78170
37811
48502
50487
43625
66001
44622
43373
217347
102205
138751
70736
31916
60719
51715
39776
32679
63275
52455
44900
65110
69147
74917
63813
81945
53156
67394
40037
63324
54651
59182
55694
55424
38474
53604
54338
45832
33599
44876
56443
45776
48737
55868
53997
52138
50115
49813
49538
91321
53427
56722
57059
57428
36332
42564
63748
61381
46285
41567
59542
49810
50598
45539
62360
61149
53632
46829
70633
61158
66310
48663
57168
49455
42290
42005
55463
49026
58022
51814
17849210
 Average Time : 55778 Minimum Time : 30532 Maximum Time : 217347 microseconds 
 Client 26 Average Get/Set Latency = 0.055778 seconds 
 Throughput = 17.9282 opertions per second
