44281
86760
74584
63613
76627
65621
47514
57399
81703
48899
45619
40364
43203
45501
97651
44220
53372
52734
59457
46152
46462
72669
47608
39736
43945
56081
46796
45265
80192
57839
65145
58119
55521
54176
52223
58126
66400
41508
42651
41788
47087
47388
58515
46584
48922
65717
35866
48591
44138
53593
54636
46918
49378
46165
55815
37863
53925
57887
68149
53071
61110
37711
47642
59920
47923
59827
56640
55229
41734
53912
52060
43186
51293
77988
49931
37757
83702
45736
105093
54802
63012
23695
65048
34664
47452
65348
71663
56536
58627
51734
49915
43443
50712
50189
114364
60517
55559
54027
56768
42355
69069
62537
68620
52632
60587
56420
46378
44186
64327
46465
60274
58347
62051
54666
49159
51454
59522
58341
67862
44774
55078
110257
66058
40883
64748
48131
57473
72596
26848
44842
48090
40462
50237
48631
50585
51841
38401
67274
35108
267059
116524
60979
87063
37612
48192
56096
53963
64259
52962
43949
48157
67420
93030
61307
54151
78270
56116
40795
44627
51496
50283
71715
45534
44811
60163
86956
73232
41487
57141
66923
54936
79356
59801
43898
67925
55778
49527
51083
33955
48894
57813
42700
59900
58060
52596
65058
46566
49417
45484
82497
60385
67139
48036
46778
43400
89961
70280
99332
45070
51234
48496
49964
55679
65276
42961
45360
45683
54358
59455
59325
49000
47692
48775
57480
45629
53400
54574
54388
63890
38550
43528
42019
57628
39038
48397
61573
50381
46230
49037
60164
39837
56007
50651
67160
67407
53177
56852
51062
57326
54261
57032
52875
54647
49759
54227
33245
59942
70526
44918
49891
49050
56110
88529
58741
72159
52287
48890
48517
43905
56416
42237
53939
53308
60593
50173
47964
53005
57466
46006
64652
41318
51248
43241
37642
78968
53044
33027
55558
58046
51297
45624
42471
30353
67095
71433
56386
49937
37383
61910
46885
57512
58088
48696
64254
56714
48650
63692
51766
47380
53000
49865
52347
56023
56696
36141
59559
47193
61402
65003
45370
39351
46776
57053
63431
64817
39063
46554
57345
58842
48167
17807196
 Average Time : 55647 Minimum Time : 23695 Maximum Time : 267059 microseconds 
 Client 20 Average Get/Set Latency = 0.055647 seconds 
 Throughput = 17.9704 opertions per second
