64234
102258
86917
61012
59917
57318
65318
87595
87548
155248
97401
48963
67367
42085
50237
45426
49614
58746
49707
39903
50145
51317
38987
48074
58317
79512
52553
52947
59370
67667
56041
56172
52236
58877
56571
51290
43208
37501
81987
63300
80117
60541
47886
42250
37558
41422
47783
51425
65927
56635
55057
53415
64833
54835
33176
71602
43432
45059
62197
47489
39309
64866
43357
37120
48767
52562
47649
57456
66807
52001
47313
61852
33897
47738
113427
52891
62841
54692
66932
53802
59362
57732
46495
58767
52336
50436
55752
43467
45052
42308
46361
37083
86621
59830
42135
62606
54311
39865
52571
56666
43729
55922
52546
44093
78319
41592
52573
48675
78885
59815
39408
53586
62793
44553
48250
58173
45702
50806
57540
86110
65576
55372
70609
45110
59611
58817
30581
68109
48831
47419
55120
71151
71871
52008
32267
289369
116081
53469
78397
42533
38209
53570
30032
65859
49665
48747
67684
63311
35551
55097
43952
50191
59856
49529
72397
49251
64966
49478
32978
30925
51192
57708
53913
59654
55211
42872
64944
37791
46425
66914
50748
58869
59682
63942
71587
64196
51257
36486
57050
54855
53789
51861
60099
76962
51057
66417
79646
65605
59139
44620
38286
43843
60913
59047
47309
67828
39721
85801
63256
56922
51425
59097
70747
37989
53841
52606
48248
56848
34161
131905
52347
65057
63219
64327
40809
53915
55794
51615
66289
49895
61964
76959
57671
50315
48271
67058
54778
64300
51005
56656
71024
79548
62047
53343
96680
41213
51272
67810
156365
44248
38779
50275
41371
100076
53644
84860
72822
67469
50623
63719
44805
62284
50822
47907
86566
39721
89833
58291
56627
52520
43896
53356
51397
47136
67354
50047
77837
56512
43894
61371
66311
46281
51788
48369
58675
49005
52582
61630
45139
35997
54196
74339
43311
66347
49665
47923
49140
45834
52869
55921
65991
67025
57136
62975
61362
58595
67604
36975
42854
48098
53239
59369
32854
57503
46578
39632
48603
52453
39503
50984
45087
61369
45631
78006
30884
37303
34832
26835
32734
31561
18281968
 Average Time : 57131 Minimum Time : 26835 Maximum Time : 289369 microseconds 
 Client 7 Average Get/Set Latency = 0.057131 seconds 
 Throughput = 17.5036 opertions per second
