68971
77999
70101
54864
67081
64729
55947
45357
56000
68753
40785
84236
42786
47780
104332
51205
57860
49219
65072
51149
41035
43461
54214
67850
62384
53521
52721
56673
65244
50734
72092
62264
52424
38366
51218
55168
49287
134540
60675
43298
54206
46498
53194
52990
32953
56938
49530
50863
49630
62833
45118
51552
29455
51463
76156
46336
37991
58205
61878
46921
62777
49081
56545
43208
87471
47563
38714
46510
44169
46016
66430
46379
72721
89217
34641
72626
62248
54164
53133
35665
45263
29378
52529
86858
42914
73079
67105
52171
52171
52830
49898
46038
45833
44085
61623
43022
49056
63202
57498
59081
64784
55265
65497
63227
70261
53852
57780
79315
38112
69476
63361
68312
39831
64096
61601
64544
50497
58174
48720
103321
77927
66026
70710
57542
104186
32168
83144
40135
49727
328416
135821
153446
53133
92806
48668
41806
57855
63319
57635
56455
51693
48449
73712
60982
54826
67907
53667
54707
52405
51469
93794
63016
58008
41578
65454
70347
58658
65323
48521
51490
38901
49463
55328
44818
44900
43321
49056
39624
42837
57116
47371
45648
48813
41393
45461
65258
40822
51583
57197
51216
55220
45354
61406
50604
42141
53159
48533
49910
40825
49220
62759
65607
39407
60192
41700
58343
58372
37972
58488
52558
55395
47055
39506
41717
43186
38063
54294
43475
41127
30347
42477
66342
45016
59356
45723
50925
32226
69386
56502
70240
43778
58943
68048
60539
53653
52355
56282
61097
45891
45719
48718
49644
41500
53548
50877
53442
53416
90391
52490
66277
58346
35548
33560
21171
57868
33475
32313
37205
47547
43452
51167
78187
59866
50736
58093
51082
53171
69641
65838
53277
55351
50822
46246
52630
46001
50386
57593
58879
53179
56452
57801
49048
47273
42964
94016
75458
71686
39264
52840
61436
36700
56690
37585
55753
42584
54204
66542
53697
74477
48939
52278
60437
77566
59464
63101
68725
52921
51043
55441
52491
45679
44798
50343
49197
40819
57194
62539
57265
60288
41559
78209
56341
54597
52510
70718
54247
39073
63102
75499
53239
18095558
 Average Time : 56548 Minimum Time : 21171 Maximum Time : 328416 microseconds 
 Client 5 Average Get/Set Latency = 0.056548 seconds 
 Throughput = 17.6841 opertions per second
