31672
28366
38895
39139
49174
44111
42337
41268
35376
40145
31283
32499
31513
29937
48072
32375
35375
28608
33155
24668
30153
36615
28061
32061
31500
31999
30058
34344
40814
28568
33885
34534
31211
30157
39710
29790
23198
27752
33866
29492
28382
38869
25697
32075
41358
28881
24839
42359
23056
34770
33122
43081
34608
30952
37262
25888
36332
42008
28840
26031
94952
29354
64929
66561
26849
34349
32835
41405
32895
31113
35744
33709
35050
33178
38147
38154
46953
43106
34720
29104
34275
35832
31438
43738
34808
35298
26093
32742
57759
48318
67829
35843
35943
30375
33209
39674
34492
57369
46975
29338
28346
32268
33096
52705
35428
35364
30597
31481
27828
30504
26571
31980
36341
29282
58379
39551
30556
50866
32701
32641
29506
31411
27570
29953
25418
35987
316593
38763
24493
21816
29597
37204
28383
28797
27889
27591
23047
30364
31126
37287
27560
32652
54322
31779
39415
32273
36529
28716
30067
31703
27276
29296
36785
27054
28391
38990
32087
28888
30276
31272
27626
28977
31653
49506
31685
32157
36607
47309
29965
32557
34247
38197
27290
31265
38376
37857
39144
34925
26470
29188
37437
37790
49408
38092
45303
35096
47336
25500
33005
34797
28105
30542
41685
28432
46907
34819
60222
38794
48331
26968
33232
47810
38210
31192
36395
23809
27086
83352
29459
29879
35190
27771
27082
29724
34992
28304
37451
44278
47768
32741
36529
30213
31837
25439
39100
28078
26578
38865
24289
22566
26263
60769
38784
32933
35256
32572
36423
33154
32969
40568
47695
37143
27389
25470
39166
36839
29198
33651
30100
31335
28400
27824
35843
27004
37540
27235
40309
29451
31903
39001
105690
27666
28988
35749
37204
30497
33234
39790
40802
33786
41930
33792
34389
24404
30978
32572
28026
31163
30228
30952
26250
30180
35933
35623
36677
32356
36977
45237
32814
30400
27089
25907
29531
36223
26525
23755
34556
26837
32010
28780
37272
36653
30105
27858
29481
26309
27823
26102
40006
32454
33514
44030
38060
45178
37703
31842
64097
57680
35396
33043
40521
32372
26486
25433
30410
39666
27034
31379
42004
29967
25614
28013
30325
40667
32224
29466
31886
29893
30597
33996
30895
31487
41426
29601
43515
37669
36055
36654
29422
36886
28660
27859
27820
37095
27102
28099
37969
31279
29835
31175
34393
31291
34719
33339
35543
25915
37009
30096
33789
44746
36037
37620
35156
29768
36800
44158
34695
32681
26114
29342
34491
35939
32581
35224
35674
35585
27344
33321
26880
36054
27371
29938
36230
31262
36584
26762
29291
33221
27240
33051
30284
35797
45915
33007
36004
32152
27730
27869
42578
116085
31700
19939
29623
23520
30115
81282
68101
37158
68016
32312
34645
42360
33057
42213
31939
45911
30990
21864
51177
27694
41378
29858
27975
31543
27636
36802
30165
38904
25879
23633
37286
31879
34915
33295
31598
32076
36390
27808
35437
32585
35066
30618
32742
45731
43840
31174
24469
32594
30193
40413
37702
36452
27861
32415
32809
31097
54677
31381
31539
26287
29881
34220
41362
32311
23011
25736
44986
101005
31796
38510
44810
34621
31417
27533
33684
33947
34804
29463
32930
27140
36548
25392
32443
31810
26766
29430
29296
35089
27378
39512
28765
27044
47845
47974
32203
31620
35763
33779
34024
39308
28538
46684
31668
32579
37738
27469
29809
27426
33572
34356
32147
35302
31632
33015
28034
35214
31491
26396
43403
35469
37092
33134
28467
30437
41248
26549
33483
32129
32988
31759
29300
31547
38361
37319
28019
56363
51333
55446
36310
34234
41001
23699
26698
33850
40027
35271
27447
35853
38911
32307
25748
36309
35954
33415
33757
24651
33947
54382
29452
33566
33349
21724
35855
31141
33311
25706
32331
27130
35105
37110
30756
68061
32496
29790
26791
36627
28332
26564
41416
38089
30108
23662
32057
35867
32151
35233
33015
70247
23780
27666
25203
26993
29590
21991
25062
67851
29489
35611
30574
37022
44309
28118
35024
36820
26696
30416
45621
28863
36984
31379
36646
32979
26048
27870
26199
25463
24568
28550
32367
34436
26132
30697
29275
30206
65216
52405
36505
47114
39690
29884
22501340
 Average Time : 35158 Minimum Time : 19939 Maximum Time : 316593 microseconds 
 Client 9 Average Get/Set Latency = 0.035158 seconds 
 Throughput = 28.443 opertions per second
