28070
23936
31473
22356
23937
25662
25176
27154
26002
22654
19802
24702
22305
25310
29456
24554
21503
23898
29915
23850
26526
26907
28813
26093
20388
21444
22745
25874
30793
21909
20194
30787
23711
24352
28373
20753
22891
22593
22780
25909
29098
35695
30823
26995
24126
25285
30397
28160
26526
26908
23904
26272
21643
24566
26461
22458
33044
21509
26803
26460
20199
24646
30760
29347
25766
24549
23252
27305
29205
25148
26379
21344
26701
22217
19353
23151
28065
25597
30405
25710
25169
31477
27630
19680
25210
25490
26160
23694
26000
23222
33173
23199
22800
24324
24925
22657
26656
25836
22005
20520
28967
23828
25943
23465
22524
42457
27492
28160
29489
34157
25230
22162
23797
26764
22446
30041
22562
27773
28554
26581
29410
25088
25630
24544
29156
23690
26088
197854
31388
24191
25541
21319
26721
23717
20424
30776
20637
27934
26819
21258
24435
25704
26741
21451
28493
26478
22722
29925
33198
23808
24890
22787
24185
23435
24807
24660
27033
34142
30671
27418
29586
24381
27374
23541
21953
24031
26699
22609
23061
22195
34472
29434
24341
25208
30635
26843
23913
26226
24556
26627
28188
30252
21965
27037
26546
29514
28527
22780
20617
24979
24242
24544
24088
27365
24197
21598
23768
22145
20785
27954
23578
21578
23282
22924
31698
26704
28857
19864
26504
19799
26078
28479
22317
19857
22283
30207
27690
20340
22287
28789
35327
52498
42021
39784
26600
23715
23396
26173
30522
23195
22164
25288
23488
22410
23797
23152
28031
27463
39602
24888
27702
22919
27429
27383
22648
20386
31022
23760
21528
24792
20848
24559
28382
30456
28791
25760
21279
22313
21560
27445
38217
31107
30143
20971
22082
29842
23096
26640
21955
22243
23502
21953
27347
24764
25893
29361
27384
25212
25789
22200
24900
25081
25932
24245
20450
23318
29274
21842
22682
26344
24252
24963
21828
21753
22781
26465
28550
26535
25848
22087
29139
26068
23321
20905
27878
29109
22679
24897
19967
25744
31430
27768
23222
23091
24966
21837
26447
28465
21158
25263
23524
24747
28062
20202
20888
20779
26800
28131
24764
24269
29847
26007
19986
23710
22833
28253
24935
35705
26352
34050
28570
27343
28439
24751
36659
27571
20845
22413
21449
25457
29540
28712
25960
26836
33683
24362
22409
23837
21998
20578
42838
72706
44438
47086
64702
45410
32632
23979
27305
25053
27075
20472
26504
23152
22140
27073
27579
35419
22960
27984
21096
32625
37182
29242
27039
22288
27953
30147
26028
23926
23647
32865
26631
25825
32558
22216
26521
29107
24985
23840
28262
26598
33424
22991
25785
26542
23048
31492
20556
30597
22281
25560
25317
22778
26582
29919
27481
22371
25479
24501
23428
25323
25953
27474
29447
30535
25022
21085
23404
25742
26274
23883
18714
25817
39503
22647
28913
24372
26895
27337
27436
28881
20821
26321
26302
25051
24321
28192
26154
24360
28592
21885
27512
23140
25970
28685
19781
24758
22460
29775
54536
24490
93628
21772
61475
32385
22908
28402
23270
26629
25081
23965
24016
23537
22019
28751
26993
28169
25071
21610
22216
25748
29590
22972
23763
22207
20581
22273
25065
24389
25324
22326
21971
31911
28570
29334
23720
20824
29967
25115
26485
25866
44749
28016
27317
38101
28804
22543
21973
23342
20727
30037
21880
24022
26778
22062
25598
27917
26954
24400
30066
29264
32035
23530
20400
22419
24846
25877
21877
23330
22715
30502
22917
23579
21346
25637
28617
25127
26826
29494
22863
24970
26229
24339
21304
23249
24479
19727
32835
29000
25540
24397
21393
28208
24649
24541
29575
30406
25969
28303
26739
21811
27514
29521
30623
25512
28680
25019
27394
27031
30417
26118
22617
19573
21041
28004
26003
22451
22311
24677
21959
23914
102896
38715
24900
22071
26447
28422
50890
23789
22799
28930
38165
26214
26824
27237
21999
27317
25714
29602
24896
22367
26901
30731
23563
28999
25510
21970
22081
27290
22533
20555
19843
26026
26938
30470
24776
20369
21883
29377
27489
25975
22109
26535
30102
22169
25486
25298
22739
24021
25054
29450
25194
24564
55766
33136
22068
39747
45904
25353
19269
24322
37441
26964
23727
23621
30316
31703
27701
27542
29550
27215
24275
23961
22541
32345
31261
25716
22377
24662
24799
28724
28171
26100
24944
26745
20638
22893
29797
29247
25366
28644
23998
25366
22290
24748
23477
23842
23792
22972
30853
27372
20716
31198
26168
22519
21219
25330
24368
25798
23143
23169
27940
28959
26528
23744
25667
23540
25267
25931
20595
24012
24560
20272
24132
27374
23855
36608
28349
24372
26304
28437
26352
22129
25224
27498
23847
23411
27533
29048
24438
24318
24181
22061
22508
26928
22731
29610
25300
24178
22502
23707
27918
27705
85426
24070
22799
24050
26775
22669
28027
22661
28808
25470
25397
22154
24407
25550
21425
24583
25083
21350
25139
55966
28743
36589
96080
45450
28393
25323
25985
26327
24611
26836
23880
28851
32917
25443
33032
29759
29153
24496
27263
25976
27129
25331
21795
26345
22175
28932
26298
26757
26892
23499
24260
26820
23951
28493
27868
30680
24843
22672
30242
24178
26585
28356
23238
24671
27454
27652
24267
20615
22771
21972
24646
28474
24384
26505
23800
21221
21140
25524
24458
24366
22853
28069
25923
24659
20456
31132
23350
29049
19865
24731
26395
23765
28264
26115
22202
26452
22868
22553
21999
23767
30997
34573
22757
29486
24814
26073
24448
26574
62017
31394
25320
27061
20891
25120
24561
22926
26207
21973
25366
59879
24586
21323
25426
27979
26488
24773
21106
24201
28023
22760
28637
29913
38200
36700
21468
25586
28188
23761
20390
22905
21963
28929
23669
25319
26429
40636
26142
20501
25410
25385
20563
24495
23706
25774
31169
24857
27684
29792
24933
23265
24307
21901
24442
25306
24718
23820
22478
22098
20169
25272
25654
29729
31581
32131
29364
35811
25726
24657
28452
24646
23884
29377
23440
31001
26256
24311
20669
28722
91400
29124
23185
60133
21422
23442
66937
24233
28505
24644
24189
27227
24531
23533
29355
23594
24352
25523
22080
19515
23114
22550
26089
23551
25520
27650
24874
24962
28005
25821
27694
21682
21236
22650
24819
25817
24750
23417
24895
19806
23644
22561
27627
25370
23928
35435
23451
25465
27575
20924
27013
25738
24825
23125
23647
23890
20762
22486
27966
24419
32474
24317
31808
27826
22220
31417
22597
34242
26807
26537
20883
23632
25340
25911
22677
26207
22981
28453
23540
24694
24731
24697
29573
29391
21874
30175
25086
26073
28907
28518
27665
30146
24311
26697
25654
26639
22211
30722
39366
28632
24091
24961
25086
29867
21196
22651
32904
23426
24462
23429
27781
25108
21689
25399
28992
21601
24958
23994
33764
24794
27707
24708
27104
25478
27909
26338
27160
53792
46265
23818
69710
30703
25305
30212
27722
21441
21737
21564
38478
28575
27183
28700
32905
30601
25820
27720
25503
27284
25023
28164
23264
27040
25509
24767
20309
23345
24743
27108
21929
27652
25971
23217
19688
26561
25690
22990
26637
27954
26829
22062
24929
35724
30002
27116
23068
33508
22798
21423
25275
25927
25139
66659
23931
48143
28613
21579
28242
26919
29753
27442
24985
19955
27163
24690
21292
23893
22107
34928
24502
22654
26247
23066
23155
27047
25474
26816
27557
24367
24452
24272
23861
23386
27382
23212
23868
22796
30426
28508
31873
36319
29249
29087
24377
45791
36056
86227
31456
24872
21350
26739
25565
27629
24598
23762
27251
26187
24469
36975
32357
25088
24423
27578
24497
22708
28312
25652
26227
23402
26170
26550
25350
25996
28439
21592
29141
27938
22740
25858
20948
21779
27635
22942
19612
25809
34514
24827
28037
25155
24177
22342
20135
24431
22211
26353
25902
19780
27557
26849
23952
26020
204240
60815
77230
27487
21549
23301
24179
26400
25909
29508
30333
27462
25893
24478
21168
26558
25625
21276
23958
27957
24357
27576
28695
27196
26858
21656
26790
33432
31763
25432
31712
25188
22261
36056
27246
23228
27316
28375
31972
26055
30299
32864
26258
25343
21997
26600
26815
25353
24008
26605
20821
26669
28434
27866
25358
38788
21965
24092
26643
24186
23424
20854
24867
26717
42339
24056
25458
25416
22886
30300
31903
24702
29927
27112
26989
26145
22792
28283
34611125
 Average Time : 27039 Minimum Time : 18714 Maximum Time : 204240 microseconds 
 Client 0 Average Get/Set Latency = 0.027039 seconds 
 Throughput = 36.9836 opertions per second
