28322
22014
27451
25971
22502
26751
22958
22608
27834
23756
24713
28724
26134
21124
27089
26910
23362
21705
22687
21301
23558
24104
24936
21970
29182
22396
19133
22375
24480
27575
29847
33840
23346
26871
30720
27816
20674
27651
26779
22602
26480
29742
34731
23859
29725
29766
27549
23306
27322
21671
19675
23262
25695
25712
25714
21386
22395
27243
21578
27260
22800
26267
22098
21694
25182
22040
21367
26857
33064
28747
29251
24422
23554
20493
27145
28416
58535
32892
108876
22659
27369
23685
31688
26431
24552
25595
30943
24534
24682
20840
20788
25316
25387
37828
23536
22961
25962
22726
27603
27584
40332
28795
31302
26649
26576
27223
22286
23354
22541
25436
32873
27528
22681
27186
25864
21704
43203
316927
35434
32521
28991
27918
20771
25329
20262
19906
23171
24075
21620
24075
20369
27719
23119
30328
25389
27263
24091
27651
25083
26390
22737
20587
26978
21458
27607
29774
25865
22772
19941
28154
23570
36429
27811
22182
23035
21626
21475
25156
24983
20212
21695
24078
26105
21629
20537
25695
29278
23176
22557
25358
23419
23511
29691
25425
25697
21144
25090
25251
29503
23273
26406
23460
24174
26319
24986
21180
27178
24414
26835
23798
23641
31188
27711
25519
25262
22401
26615
22486
33753
26395
23272
27257
24381
22734
28818
25791
24666
23227
25043
24480
24838
47060
69293
33762
34893
28442
23206
24026
29779
26205
24961
26781
25339
29535
30831
25288
23812
28226
28588
27210
29243
20814
22415
22979
23666
27086
28936
26705
26006
22972
19914
21323
20003
73852
25855
49081
23684
27091
21668
26649
27442
28938
22822
23985
25542
27400
23570
22839
28099
25533
23943
24528
20938
23093
28729
27442
28123
24766
21835
21331
26899
22194
31836
29039
24516
28457
28668
26045
24953
25304
26767
26298
26305
24164
22300
25821
23523
22176
30504
29921
27215
27418
25320
29075
27899
20417
26066
29423
32710
26851
30322
34600
24179
26261
20985
25495
20297
25980
23420
28963
25541
20704
24299
23893
26644
20520
30923
20664
24358
22380
23511
31387
28578
29730
28366
27077
43407
26635
30274
25307
25076
30343
27673
26245
28693
26430
22952
23752
26328
23495
27760
28628
25602
27362
22103
28546
26186
22968
26896
28080
38556
94267
62636
29483
23291
29513
23336
23387
33352
24127
101827
29167
22946
24041
27678
23977
41368
25334
22005
24308
26949
21889
30454
27066
29347
24428
30573
22048
26158
22685
28940
38181
22670
28001
22191
23916
21655
25064
22743
44712
29111
25262
33020
25290
35909
21760
22477
22170
21558
23162
25410
25262
21895
32104
26385
23667
27925
24660
25367
22889
23590
22541
30634
25097
21611
21391
22153
24015
23674
27046
25117
26051
26781
24574
29147
28095
28340
27202
26937
25179
23940
21854
26748
21538
22440
22107
24503
20732
22804
25736
21216
24270
21693
26500
26720
27147
80767
23884
23069
25381
27309
20101
28115
23799
27149
25411
19300
26591
21223
27401
24512
25117
29098
20693
28797
23186
23108
24635
22173
29146
25439
23572
23226
21040
27820
21563
25103
23975
22022
29418
22177
26534
26797
31441
24403
25339
26916
26526
22001
22209
24560
22623
30614
27097
31982
30136
26151
29223
25052
21817
23141
26781
29845
19915
30594
27037
24193
23503
28423
26016
26129
29700
30783
24046
24612
27197
30108
24655
20953
22921
26216
26320
25749
24107
26744
31593
26507
26782
21164
25431
26636
25244
28141
22744
25991
24257
20953
23950
24879
23328
26726
22333
22649
25370
20299
29172
27490
22908
28663
22103
28652
21798
25962
22514
23867
25176
22114
29729
42847
26445
26122
20444
26487
22774
24558
27181
28395
31942
21958
23060
33465
26896
20147
24786
31206
27643
22973
96161
24625
29834
24229
25062
25834
27537
30920
26545
23651
23498
29083
20670
27797
25882
25635
24659
23835
29691
26678
23812
24928
25802
21857
27073
24479
21483
30083
27171
30100
22722
24430
33200
26943
23707
25410
24269
22802
21987
26663
21869
25485
26065
23401
22292
28048
25828
23071
54573
46799
35206
51577
28182
24054
23252
29831
27020
27863
27242
28841
31446
22358
22917
32162
32523
24845
29985
24486
26778
25081
31634
25507
28467
28180
24562
27068
28476
29192
23460
27852
27204
20308
26189
26540
27220
25444
22157
24144
24986
25099
26255
27360
28873
23122
24339
23741
23001
26964
24179
22653
25741
21401
25940
25720
22355
26191
24882
28151
26934
24457
20504
26777
30639
22985
26604
23737
23326
28094
27664
24832
21351
26401
26118
30013
25160
24706
19732
25177
25945
21976
26618
22750
25095
25837
24779
27198
20236
22544
21510
23606
20922
56446
29800
23117
27337
27235
27720
21271
42679
28518
27855
23175
25199
21677
24161
24532
24378
24140
30926
28823
24170
23348
24064
26206
24586
24666
29576
42547
58664
43328
54210
30158
22652
20911
20325
26990
22945
27089
22594
20249
25417
25332
28104
20990
29506
20525
23692
22937
22784
25644
23660
36254
23487
22619
20360
22108
29964
24077
30105
23184
25341
27684
24091
22152
27310
27102
24007
22002
32488
32853
23565
24757
28776
23060
21646
29914
29706
25152
25357
23670
23869
29895
25140
22658
23481
20497
25037
22991
27246
26737
30674
24478
22784
25285
25262
23994
23865
25971
27009
29235
28763
27589
27401
21380
22828
23659
26875
22003
26459
26731
26402
24967
22893
22450
26310
26104
25224
25249
27220
48481
29015
28179
67484
27173
104110
57806
27999
23525
24981
23108
25331
21888
27205
21783
23648
24689
28625
31549
28615
21840
23641
23758
27143
22101
32719
28567
25959
31724
30195
24907
21856
28651
21542
27240
23061
25456
33305
25444
26263
25138
24416
24898
29461
23431
20514
25752
28498
24271
22682
27248
21635
24292
28166
30261
21816
37013
29979
30708
26910
25385
29967
25739
27808
25846
27651
35480
25892
23746
24094
21647
26227
21726
23928
25812
72918
28254
21062
26324
27652
22828
26819
21575
63973
22305
27849
25659
23701
28766
23000
22942
29354
33401
23083
25455
26274
26328
21710
20448
23310
25094
21516
30292
23348
23198
23151
24716
34878
29661
23810
27116
23093
30343
25526
27453
26141
29705
21097
25712
24498
22502
25684
24340
23979
28441
25807
29324
25283
20784
22424
21017
24209
23190
23833
25121
24132
27227
25702
31200
30142
29672
29035
21287
30114
21872
25747
29728
28720
23373
25057
29917
28222
23560
26095
23272
27604
22253
23196
26423
24307
23615
27111
26934
21247
26061
24128
24824
20876
27326
20432
25931
28805
21599
21046
27669
28397
24391
25037
21336
21484
30811
21629
23106
25399
22608
25985
22631
23061
24491
32671
28896
27310
21822
23350
26523
25032
23939
32538
25224
25729
26571
26543
21268
28801
28262
61844
42204
42881
46298
28247
21081
24946
21896
23868
23417
26413
23303
21717
30436
27802
25187
29617
28073
20038
23058
39413
22612
28029
22363
29323
22798
21567
29863
33036
27365
32354
21446
22561
23200
25146
25542
23612
25254
25395
26108
23127
25607
33563
28082
27260
22693
32635
27805
25632
27406
29959
27975
24153
26214
29488
22349
29421
27251
21109
29162
22209
21955
26005
27239
23870
30394
39821
21847
26043
22984
27477
20569
29468
25312
27460
48218
23822
29165
23255
21963
22649
25121
26400
23777
28635
27198
28995
25572
21458
22075
29112
25635
25974
25059
22866
29254
31539
64074
37058
86280
29914
20604
28031
20612
26292
29220
26746
21164
22693
25019
26506
23223
22074
24088
24512
26509
24471
25312
26689
23812
29597
23620
31092
26459
22182
26359
36867
26539
26650
23876
23279
26768
25773
24784
21771
24563
26200
27609
38685
23275
23836
30390
30562
24025
22407
28473
25910
24600
27931
29792
21267
22943
20525
25404
193590
60650
77561
37535
25848
33122
24388
31354
27027
30665
24746
25799
21779
34586
28413
20454
23034
25313
24380
21755
25658
28743
26361
27120
180248
23084
22063
26048
27955
18716
23902
28366
21485
25689
21595
31552
31502
29737
29721
26733
24238
35350
29363
27303
23011
24934
25965
23570
30485
29519
78900
30763
28611
25112
32092
27653
49172
24177
77547
22194
22594
21137
23471
27045
24855
26835
21628
25776
25186
22990
26525
24235
20118
24643
23984
20852
26557
28927
23153
22275
26466
36874
25755
23880
19802
35028749
 Average Time : 27366 Minimum Time : 18716 Maximum Time : 316927 microseconds 
 Client 4 Average Get/Set Latency = 0.027366 seconds 
 Throughput = 36.5417 opertions per second
