24875
23379
26154
28734
22740
20869
26153
23317
21983
23520
23077
28492
24348
24629
22585
25294
24475
23111
22150
21345
21795
24361
26032
27087
23962
26133
26363
24219
30201
27629
35739
23388
28233
24381
20041
22014
26337
26718
27894
25061
26814
22629
21861
22381
24326
20697
26436
23688
21426
24815
25804
24641
22630
29678
25907
30235
31300
27522
27091
30385
45168
29716
24271
22350
21740
24955
26842
29442
20650
21121
27870
29061
31837
22175
30383
24467
21687
27145
30076
32404
25923
23104
25530
21361
26642
20270
24118
22478
22495
29890
30587
27593
23037
28235
32756
27781
19827
20680
25875
23217
23572
22406
26002
33908
27050
26207
24941
25687
26771
26194
27317
24742
27268
24928
24664
26252
21300
27661
28496
23568
26941
23195
26669
27901
21986
24864
22417
23067
22087
22746
24434
24421
23160
28133
23098
24977
27082
25407
27144
22916
23648
26835
28454
33851
28671
29502
27011
28873
25730
23970
28523
28422
25210
26919
23727
26855
21986
21702
27179
23829
27010
20641
26846
23839
22736
26986
28092
30094
29572
19477
21444
20325
24778
22872
22683
23704
23252
24953
27452
27871
26095
23669
27109
27012
23125
25349
24342
22483
25404
25486
25140
22917
26693
28192
27213
26806
22242
30628
24030
26364
25585
23100
29928
30461
21748
25161
26226
27569
24601
21350
22381
30348
23217
26309
22191
20365
24967
23801
28335
24302
21930
27692
29656
28126
24007
27446
21911
22972
27624
22793
20290
23531
26089
26261
25978
23075
26828
29556
23307
21463
18124
23093
26106
26616
26144
21953
22924
27504
19759
31527
30397
28455
20141
21106
25719
24760
30055
25939
26259
27472
23749
25449
23931
23123
23445
27149
23785
31476
20148
24650
20409
24716
29662
22500
24295
24616
27061
25410
24732
26202
24142
30848
34724
22959
23478
24196
27314
22948
21677
24309
25630
30978
24707
24692
28760
33125
26234
26281
28056
30277
40039
33418
47036
27188
39481
31572
25668
27163
23500
20435
26211
23004
30523
25366
23848
28382
30626
25539
22215
27504
22162
25304
28146
24389
28546
21124
26239
67877
24704
31499
30519
29439
28160
23914
27982
23213
25011
26849
23951
25540
28734
27544
25416
26335
34492
21166
31420
29385
26964
25691
25307
27024
20069
46768
25895
30570
23275
26246
21198
24274
18022
25318
25670
22989
25635
22893
24164
30375
29162
23303
20601
21374
25274
23715
25178
22151
26311
25958
25711
29984
23958
25768
25670
31280
23448
25198
22014
23037
27565
22158
26083
19887
27268
23485
23362
25441
26430
25744
26360
23165
21894
25091
28393
25482
25299
23677
24342
26663
25329
20033
22947
22423
25804
29595
22697
31319
24486
20445
29833
26470
25790
22233
22655
28557
26022
28571
27404
22692
27173
25839
22670
25020
88264
38090
39222
48585
28037
21812
30730
27608
26105
21574
20431
25654
26092
25844
22888
33304
20236
28358
21957
23420
18659
26004
25694
24792
28987
26153
25957
24104
21749
25693
32555
23763
22931
23859
27920
20496
28301
24187
22846
34231
31281
21308
22772
30570
24506
27641
24143
28994
23657
28353
34401
22331
25377
26476
21991
24503
26364
21480
20516
23928
28827
21950
28892
26285
26513
32334
29718
24398
23964
32580
20384
22986
21575
26308
25520
26527
26666
21897
59978
38252
31194
26070
28574
23131
21050
20010
23419
27217
24005
23187
26153
22780
33207
24959
24491
26463
24214
25030
22400
24714
24075
31446
25910
25533
21000
22452
27438
24292
19710
22642
28333
24300
29542
27716
24233
25350
25703
23580
32275
48312
21269
29160
28015
27371
24333
24247
26206
26686
23583
19803
21906
32273
24359
21798
20773
27101
21410
25152
24356
22574
23586
21273
26047
24548
32064
26811
27184
26919
19737
25406
27749
28569
27189
26353
22366
21688
27585
29865
27755
25292
24880
28665
25677
30158
25363
31334
23850
19608
22645
23411
27394
20695
29645
25900
30658
31305
27222
29584
24627
23895
25361
31713
27274
31844
23210
30428
21376
36370
32284
26631
19637
29222
23994
22434
24376
28747
32732
31103
23658
28813
21592
24396
23634
39270
26900
26359
28542
31347
25367
22573
22422
28011
26177
21729
31921
25248
26219
24096
22232
26029
20747
23450
28027
24788
25605
28469
27942
24546
26861
24691
29075
26254
25195
21153
34751
26720
28142
27512
25004
26051
20765
29446
25949
23126
21737
24734
27646
23425
30036
24554
24712
23324
23772
22641
24737
26866
26884
24159
18396
21629
27718
32885
30468
25670
25984
28474
28017
29436
25106
27545
28438
24955
24211
21343
22944
25926
19770
22859
27238
23801
29253
20032
25752
21130
25115
26839
22795
24521
35630
27845
26303
26229
24796
24445
28129
23113
24298
25260
24197
32762
25716
24417
24058
26873
26018
26673
23722
33617
24536
27398
24421
26406
27092
23918
26255
23095
26536
20630
26269
30634
26848
28505
22074
26995
22682
24654
25440
20238
20122
29188
28627
28889
30666
25694
24473
20968
21325
26534
27485
28204
24898
23926
19623
25377
26428
21367
25406
22787
22693
21000
23998
27917
27634
21386
28984
25008
23860
23393
22903
28985
24671
24493
26236
29062
26444
26029
31316
26822
28287
20618
24029
30560
25911
40816
22084
24622
20565
22730
25365
32503
29123
19591
28237
25949
27204
29896
32604
32801
24225
25940
22615
25493
20853
23381
24704
26690
27460
26678
25970
29065
23653
25635
18832
25214
20184
23136
21264
24353
36266
26434
30599
27173
28211
30652
25082
22861
28130
27626
24071
26600
27022
22814
21902
24448
25705
27349
22784
18582
22752
23089
20149
28624
29278
26383
27531
22250
24298
26467
23108
23565
27354
28034
26927
26470
22127
29218
29214
25505
25937
58960
21916
24563
26566
28792
27338
25315
24380
24227
29806
30197
26910
25225
27030
25842
25843
22360
24102
24690
24301
28083
34780
26470
24619
27535
25055
27804
25520
31823
27345
26812
24212
23295
24654
25383
21142
28036
31945
28119
25372
23583
27804
25042
25072
23252
18942
25003
21893
26040
21810
20972
23536
24856
29113
21145
26545
27507
22814
26658
28289
23432
30437
22374
28843
24432
23315
24776
21018
28742
25021
26216
24109
24912
31046
27242
27649
25170
23094
32294
28397
22060
22139
26968
27317
21934
28594
27304
26563
27995
27332
21988
24076
26901
20725
22896
29729
21324
28781
20195
26052
22058
28440
33542
27107
30597
27295
29082
26358
22252
23536
24535
27164
22576
23342
22569
25373
26911
28084
26829
30469
30441
24764
31526
26831
23323
20824
29914
23792
20852
24055
26877
28403
24999
24450
28760
25562
30125
26251
31334
26395
29509
25070
23458
22700
19913
26553
22682
22441
25096
25537
39777
23575
40234
49860
51921
38675
31314
28423
31561
26785
25006
23637
25360
29251
23776
26422
27005
25947
26594
24004
25445
27348
30176
27287
25126
26524
21848
24140
25130
29085
27492
21194
24499
25667
26493
23341
23159
26528
24447
25371
21852
24667
23026
27217
28889
26339
22443
22875
26598
20645
25738
30892
27857
24263
22006
28793
24133
25826
26707
29143
24971
23022
29599
29060
24429
24661
22088
26350
29553
28188
27623
25348
25243
104742
31437
32931
61253
31362
37787
21529
23729
22433
25949
23550
22652
28334
25084
28800
48149
43250
25591
27401
22673
40124
32678
30527
29735
31246
30504
26309
22942
22489
26406
28191
28501
25344
22350
22895
29447
25033
26310
27769
25683
20992
29772
21129
23768
26652
31037
30458
26920
23496
26038
26412
28897
25630
25630
21472
22981
24494
28212
27206
23329
27487
25970
23140
20654
26788
25891
31283
27589
25224
34560
25539
28990
23664
23242
21068
27903
26677
26509
29011
24271
27269
22919
24227
24454
33111
24451
22785
22823
23054
27267
30917
22863
26592
28956
28798
26222
20752
22570
27616
28795
25353
29152
29956
24253
28658
23066
21323
22341
26933
82858
27645
29148
21146
23672
27202
25384
29591
28253
28639
29596
22915
26631
23244
23778
25229
19926
24158
23821
25017
27277
24568
30648
23599
23561
27797
25964
33566
22379
21054
22160
27167
22336
24625
28913
26743
25761
30983
20503
26899
31703
26348
23339
31987
24195
24702
30733
39521
27006
26170
28329
28751
32058
27777
32222
22309
23611
24595
33582
30116
21665
27713
28890
26178
22007
24974
26341
28405
26808
21838
25171
24955
20751
28162
24478
27756
22911
27638
29041
29302
22262
22669
21623
25682
21422
22862
28951
25995
32899
22041
23543
20345
28346
29548
21369
20635
19621
26170
26172
24364
22707
23489
24039
25814
31306
22364
26437
23828
25765
29943
27229
25531
26149
29090
23321
29513
26472
25540
29003
27866
23522
26392
26408
26586
23771
29181
25922
25007
21851
27912
28055
27465
24794
23004
23167
28774
26558
25144
22688
21784
22281
24451
26915
27486
26568
28406
22775
29555
27137
27473
22217
22759
29550
26651
22424
24642
26791
25670
24818
24129
22533
23921
22556
22608
24194
26597
24071
23117
25909
25580
35007
30322
31461
23604
27345
30100
27026
25683
27124
28083
25390
22397
21445
24513
26280
27778
27198
25615
27672
22772
25886
26697
25150
22359
25548
28478
25067
25041
21440
26217
25573
29341
29054
31281
26534
25048
26579
204675
31723
112173
27057
21622
26832
28704
22319
20886
22005
22493
29297
32338
24393
26836
26323
20990
29660
24635
23212
29693
22763
30550
28158
26525
24416
26768
24169
22239
24672
26371
26562
20900
21441
26795
26648
24850
30853
21462
26750
21188
33476
22416
24191
24712
21017
26511
23987
26021
27271
27899
27505
27147
24204
29338
31933
23088
22410
26843
30306
33154
26980
22401
22473
21081
31564
22707
25553
23861
22137
28863
39906
25244
26513
30971
31031
24735
21933
27971
28495
27374
26564
25984
25770
21360
27027
29365
25400
32768
30804
24918
27123
22810
29924
24760
27372
22760
23315
24368
25448
28185
23867
22148
26403
25050
26422
23431
25018
33430
27300
23128
22922
26813
21907
24894
22955
26478
31871
24045
30659
24588
22650
26829
23152
23630
30584
26531
23960
24329
25933
23764
25643
34151
26268
24851
23918
28748
22399
27044
27112
25895
28184
23616
20367
24953
25827
29586
25676
28566
20814
26923
27407
25422
35398
24430
25669
22577
19497
26082
22135
24666
26523
33794
23088
27424
30626
25253
26645
26203
24608
30503
29018
22986
27309
26916
29115
24799
24520
27830
34143
20763
22035
27363
24279
30346
29715
31414
26318
27151
25743
27551
29178
21776
24782
33587
25185
32559
23743
23412
23807
25039
26307
26945
29153
25413
22369
20324
25812
38787
23214
26411
25730
25336
27812
28796
27123
23032
33699
29536
23838
35615
37452
29672
26179
25568
25116
25073
26412
21445
22020
29363
26369
21936
30550
32095
27499
23951
24115
25097
26641
28230
26638
25007
23308
26328
24871
23717
19897
21447
26554
28995
25183
29751
26042
26191
21942
81300
33169
24971
27453
24121
28970
30297
26942
26065
25088
29136
26460
25275
27796
27244
33008
25468
26209
20275
24983
47391
30058
28859
22075
24172
32412
21228
23845
36837
24404
24963
24000
28088
22702
27750
24980
27932
37947
28784
29578
24209
25904
27842
25130
25479
30482
24651
27863
21723
28921
28992
29413
24890
31680
21866
23951
33246
24817
25823
25764
22508
34617
26118
51445
50265
29782
26499
31655
35559
30486
28378
20338
24577
28050
27274
25934
28253
28241
26071
23978
22537
27932
30781
32491
23082
28565
33065
26743
21131
23672
19790
26853
25675
24464
22861
27318
29173
24692
31656
24609
30727
25593
23918
21802
24613
26148
23958
24433
24471
28522
29279
27505
27384
21066
23868
33996
63348
38503
32380
25569
34449
24076
26841
26688
28221
22113
26220
31250
28105
27352
24052
28886
27265
22807
25208
28666
27828
25309
24358
25561
26705
33798
26798
27613
30580
25602
21618
28898
28695
27539
30435
29181
27686
31813
28189
23525
31090
29907
25882
29714
27682
26934
28402
23918
25053
36157
24120
21993
28288
22224
24879
22754
24348
30624
20870
26293
20675
30166
27755
28312
29388
29633
28347
94653
30481
31428
26234
23083
25466
27776
22087
20952
24003
29997
24618
25277
28556
25328
23935
32526
25373
27894
24244
23142
19352
26201
25238
31571
29157
29676
30816
24971
20281
26619
26270
26184
21511
33314
27062
27916
33053
23761
24021
32669
24670
24554
23902
28493
24973
28604
32446
29994
27053
28904
31207
25533
24150
31612
23343
25516
26518
23921
30495
22530
26623
25930
23017
29203
30469
26718
32988
26794
27145
21604
28603
28797
27379
29517
24181
28296
23054
22385
29789
30086
25240
23378
25814
27787
35768
25157
25810
26302
30021
32357
27925
29447
22000
29700
29053
25789
24293
28583
26348
26579
24302
23983
22097
33459
23365
27677
27818
30597
23061
26301
24248
24106
29951
23600
22175
27139
29452
24004
31305
27511
25428
27834
27557
24991
23662
28440
29227
20720
25346
28738
24693
25522
24460
21133
29148
22052
31745
26529
25881
28313
25348
31945
22492
22496
26284
25281
25370
33415
27910
28113
27323
29661
23662
21663
23725
22337
24224
26814
27416
24343
26612
25459
25347
23153
23537
30137
23865
22412
25543
21321
28839
30658
22718
20668
29210
34049
28712
24515
24557
30225
19613
25192
26993
21871
33104
22935
23350
26992
30075
26016
24587
26220
25028
23367
30968
25125
25665
26177
25586
27740
26583
21857
26905
30353
28005
30942
27932
28490
23316
28709
27099
23580
33162
26052
26760
27123
24041
26014
35871
26879
25789
32518
24587
20201
20059
35193
35259
23091
24074
29874
27854
22918
25440
22542
24345
30748
23219
25122
28050
24302
23628
30103
25740
26417
25992
26115
20132
17968
27388
27892
25419
29097
31031
22434
24231
28676
23541
24685
23469
27213
29905
25944
26676
27222
27295
22712
32218
28113
22967
33955
36804
31838
22323
38858
30205
25825
29041
29265
25186
21066
29614
24214
26086
26685
26480
26029
21290
25521
21906
28679
27521
23686
23434
22800
34714
27414
32320
28169
25194
25902
24327
21548
28888
32960
20181
25606
29511
23925
23864
25958
34438
23671
24068
25900
32662
29014
32136
25282
22715
28991
32210
29060
25737
22507
23498
24840
29492
29569
22524
25567
20779
23736
21536
27467
28648
22822
23648
24566
23709
24356
36625
37471
26900
22749
23702
22936
26942
28051
31045
28708
25675
24342
26158
29159
30843
26025
28117
28962
24706
30772
32365
29689
29914
24926
23958
25815
56888
36001
24206
25131
25580
31439
30114
42446
31150
30840
28779
28495
30927
21483
28984
26800
29625
30185
21585
22630
21901
22625
36935
32772
26667
29748
27028
20441
23720
26140
23226
18652
23819
25897
26155
31328
30709
29698
26003
26952
29738
22767
27732
31857
79316
29465
29387
31021
23564
28885
29467
31445
27887
29241
27151
24994
32213
37847
28295
21878
27539
29244
23645
21915
30052
26550
30627
26211
22609
25034
21982
26476
20800
30651
33605
27391
23041
27118
23493
28621
24804
32385
25172
26217
26780
21804
25787
23050
31581
22742
23855
29957
24073
29423
21665
30959
24754
31491
22252
28014
24347
23987
26402
27750
29288
23599
23020
20676
30577
23302
21009
19801
26237
31628
26511
24225
27888
23686
21454
21726
22313
26635
30296
32672
34144
31970
23372
29489
23772
25155
32416
25445
27610
28676
25917
29838
27731
25558
25590
21737
23693
32290
29265
25097
26456
33053
28020
24301
22113
26751
28108
24386
25052
28458
27531
30604
33580
27512
25282
29538
26858
25062
24410
29916
26679
24669
25377
28444
31343
32902
28139
26054
29717
28363
26498
23841
27100
75935
34922
20618
25464
26747
26753
25603
25369
26639
26919
32414
28068
28711
24061
29640
30448
31206
28870
27416
25026
27753
28458
21089
23121
23870
31058
25494
25400
24081
27495
26159
23593
23410
25852
22622
21554
28016
23309
28526
26668
27739
30952
28813
30011
24726
33047
21312
25654
34139
43243
31142
27043
30632
31147
21302
28091
27011
22901
24857
22918
30812
27574
24452
31115
26703
30879
27443
42358
42536
23274
21851
41698
35211
27585
27598
26910
22768
60798
27353
26838
30114
22380
20490
28809
29810
27967
33948
32799
23783
26171
23965
27841
32050
23601
24563
26098
24320
29811
22987
31166
29875
47169
36232
22973
22958
28047
30348
25464
25355
37238
26286
24051
28101
31800
28380
21222
22625
31918
31429
34970
24684
25913
23205
31296
25372
23286
26144
26075
28264
22373
22289
23798
24246
27583
27772
26215
27492
32345
24163
29747
20392
25751
22669
28223
28384
26308
32506
29151
29336
29949
26316
29620
30294
29497
32011
30115
24759
68417115
 Average Time : 26725 Minimum Time : 17968 Maximum Time : 204675 microseconds 
 Client 2 Average Get/Set Latency = 0.026725 seconds 
 Throughput = 37.4181 opertions per second
