27940
25076
31365
28947
24448
20923
22219
27041
27329
20849
23310
22940
31112
27504
24258
27501
22736
23417
23040
21140
26336
22054
33744
34991
26818
23223
27319
28481
25936
25592
20808
24865
26114
31726
29308
25415
22905
22943
23161
26106
30002
36282
22667
29775
25948
25699
24812
22890
23639
24670
23895
28396
24721
27038
26632
27562
28467
21698
21698
21385
27727
24342
24965
22842
22232
26255
19731
25322
30643
22093
26052
24305
29040
25773
24674
31204
24110
32204
98264
23174
28581
24847
40891
26561
26258
28324
23017
23760
23319
25277
19661
24600
28576
30855
24581
30756
25907
21615
23919
21395
21429
31240
31551
25463
26855
28614
24856
22877
25341
23220
23811
27503
26835
27815
26496
23885
23583
26862
23402
26096
284311
28216
23882
25709
22555
24153
19806
26787
25276
21519
21729
24313
26321
21604
22005
28006
30502
22611
22058
23403
21148
31826
27223
21329
22865
22928
29849
26735
27197
19615
30164
34367
30307
23625
32288
29349
26343
25007
25031
27145
46659
28402
21222
25588
22214
24565
24906
26021
25251
24926
22894
23486
28751
26792
29047
31452
21258
22087
26108
28065
25150
21104
24186
24200
25568
27517
22704
26109
28528
22161
22575
21172
27243
25115
28564
21303
23876
27963
24711
23883
27089
26248
25610
26902
29908
31443
25619
26600
21577
25425
25467
23718
46325
53580
32665
20057
36463
27385
27330
20568
28714
24535
31125
24920
22198
26500
27209
24767
23742
28433
26940
21129
25408
25782
23330
26084
23746
24747
23474
23031
23757
21342
18303
18491
19832
23333
23752
25525
23079
22045
23633
25928
26057
50085
31273
24331
33060
21959
24128
30670
26998
26393
24167
19831
27884
22386
34213
30078
32480
27602
26441
21014
24297
23214
28243
22971
29577
32792
25520
24692
22485
24579
24423
24274
19507
26239
22501
23162
29312
33395
26953
25357
26577
23069
21511
21293
27439
28308
26031
22086
21665
27892
26788
31468
21910
21231
26589
26162
27150
24957
24798
24714
26929
21819
21411
27429
30934
22334
24211
30725
20536
22509
20999
27951
27230
26429
23348
22659
29287
23600
22352
26999
26167
23006
24066
26257
24725
31912
27361
24898
26124
24605
23260
25914
20738
25291
26565
31783
29869
25314
28081
62789
23784
21813
22611
25148
36383
47074
67128
43439
32013
34011
25771
27804
30526
25260
24107
25359
20096
49706
33548
26533
25365
21469
23061
32736
33949
29108
22337
32936
38956
24851
28826
28538
28324
22310
24829
50368
23167
21883
24820
23310
24189
25286
25712
23470
24532
25139
33038
21892
24927
24555
21551
29358
20896
30824
25434
23382
22513
22063
27299
34125
23941
22092
23935
24693
25569
31987
25610
21317
19610
49849
24856
23978
21007
26969
22515
22352
29086
23681
21484
25325
23961
25081
24163
20941
24466
24479
24325
28603
23170
22023
23687
24008
21697
20702
21340
23535
22532
21966
26776
26500
29354
34359
27293
21741
21353
25586
24104
25948
24736
22680
24607
21261
24743
26411
29712
22429
29587
26477
22979
27485
27044
23025
23764
27512
28702
22420
22246
22836
28540
25000
33029
25618
23807
28926
19813
24514
23053
27368
22922
22693
25989
24724
31945
28618
26251
25649
26532
25297
22687
35185
27717
20424
21281
27838
25187
26757
27535
24475
20499
28486
27490
27955
25231
24831
26366
20964
21832
25663
21759
27764
26854
25498
26087
23528
22352
27921
27090
23749
25250
29724
27651
25046
28267
27612
25240
23134
26075
28400
24948
29590
35835
23135
26131
27622
24269
26436
25143
27319
33771
22498
24679
28666
27201
24197
25900
23503
23829
28834
29310
23937
20140
25396
26858
27840
24417
23049
25593
24896
20824
23235
24263
24787
27048
24943
20698
28966
22424
30654
22329
104247
38362
19967
22741
24216
22376
20504
22471
24148
28360
23957
25318
29979
29150
22810
25902
20580
24045
25811
21322
27136
24568
23635
26468
26343
23920
26257
25853
25418
22242
23101
21116
24967
27391
22439
31813
25318
25029
20767
27270
29101
29985
24433
23644
23214
24410
27560
27059
24642
23382
26329
22743
21271
20873
26777
71990
31938
40994
270024
27335
21809
27369
30646
32172
28178
22953
41978
32004
26675
23373
24178
24721
25200
27932
29520
28619
27739
26542
25649
22812
22994
23859
24127
24483
23582
27649
23443
27646
23946
24008
25746
32519
29942
23399
24854
26977
27242
28803
21378
22050
25029
20630
26594
27627
24461
26586
22010
26868
27584
31320
28704
25895
28570
26410
26133
26093
24062
24625
30513
29420
26046
27992
32846
27752
22743
27304
32626
26917
28486
24318
26078
33106
28056
22895
29994
25935
19298
32856
21955
26323
23734
27516
90489
28864
28304
28312
21673
21493
27287
22907
28694
19825
28447
25641
22933
27804
30273
25482
23419
29833
63313
58236
25510
70266
48190
25824
21307
25461
24905
23032
27909
29043
26727
26422
29803
31506
25677
26226
26953
23538
24113
23725
33114
26687
26623
26804
25036
25663
22497
26148
26113
32261
25957
21741
22516
24016
21980
26505
25955
20956
27692
23580
20292
24936
22088
24722
26735
26214
23478
22077
23073
25304
25465
26120
25202
26899
21848
30004
23244
26230
23872
20724
26020
28762
25465
25019
25935
26050
23705
24111
23664
25610
26391
37142
29681
22460
29900
25058
24826
29481
23636
28809
25346
21063
24423
25122
25363
24484
23015
23653
26419
22950
35886
22860
25118
79630
26790
32787
19141
28759
24459
25685
31867
27991
21549
19972
28617
25138
24882
27477
24876
24946
21422
28739
33469
23671
24180
22810
25920
26861
24334
27008
21814
22507
33554
28338
23408
23657
27019
25768
22985
24702
28286
27725
23678
26029
27689
27501
43086
28283
30077
24772
22555
24727
21009
23271
25276
24656
25599
22604
30377
28538
23051
27598
26679
28354
30146
25541
27635
25233
26898
26300
21425
26268
24399
28736
25162
27146
23505
22775
24733
25419
24480
24800
24419
29062
26933
21847
114647
26095
34339
33194
24452
25652
69665
36757
25114
27794
24740
26177
23403
22124
35127
29315
26805
27573
28596
23833
30293
28470
22099
24673
27223
27198
23437
20794
23772
24720
28854
22666
24686
25310
25881
26489
24127
28695
22943
24539
34104
35318
25409
21514
26329
24755
31800
26314
23058
26958
26095
21129
32517
27280
27766
28019
26635
26221
33112
27823
21923
26869
30205
26359
24862
23474
22698
24317
28327
22794
24417
24185
21649
22688
23734
25946
22959
24878
27005
28756
24405
23588
27309
27985
23911
24653
27976
30895
26060
27797
35695
37375
31553
25723
29889
21494
23328
25497
25178
24123
25240
23268
23159
20602
23925
30435
28323
22986
25522
28797
21058
29520
24687
22215
24038
22648
29590
34890
45805
31643
54007
29388
25397
22177
30197
20747
24500
28975
49925
28761
22357
26805
29849
25648
23549
21073
33065
26430
23173
19848
20918
40976
24263
25530
32785
22896
26532
30473
26732
21014
27609
30064
28909
26902
21892
23753
25610
22594
26691
28629
25806
21946
31169
25944
28932
28252
27273
24487
21884
25385
62799
28687
26273
30852
23217
22779
20588
23013
25912
27605
31124
26033
19591
22923
27830
27329
28609
24012
27616
21300
26646
24671
26593
23217
26247
26615
26666
23027
28769
23576
28777
26311
23190
23834
22641
25711
31631
31054
28351
37151
23473
21676
23311
61039
36112
102263
29603
28171
25512
25039
28598
25638
24146
22052
25807
25627
21112
21019
27690
22788
21315
26230
30878
26339
23967
24241
25180
32456
26582
25002
24633
29367
28035
26040
25708
26871
27890
29548
26825
37317
28197
23711
24979
23237
26414
27873
27984
26948
27617
26964
23013
27440
24352
26174
29748
30932
25385
21170
171465
90131
77270
26169
23071
22389
27107
24333
27535
24832
24238
29661
19711
23880
30470
21955
27037
24939
30166
30276
23859
24083
178468
24318
99659
27193
65759
26879
28980
28389
23936
21754
23547
25716
27533
21342
24490
28373
25326
24014
23407
27021
26709
32445
20874
23638
21871
101064
25513
21087
26150
24541
26172
25237
29224
21225
72759
24519
28245
27613
28577
27131
35877
24201
23578
28584
22078
30690
27177
28347
26694
22462
21596
27352
25831
25554
25565
23644
31156
32464
44315
28218
26302
26195
24091
27074
27754
28013
24641
27776
26474
28183
24961
35351430
 Average Time : 27618 Minimum Time : 18303 Maximum Time : 284311 microseconds 
 Client 2 Average Get/Set Latency = 0.027618 seconds 
 Throughput = 36.2083 opertions per second
