72475
72474
62061
57017
60285
57809
68512
68643
74061
60312
78560
45931
60058
40667
43803
42790
45454
62793
68049
42880
53913
53719
44691
61020
41565
44581
51482
102653
50411
49240
51179
51871
68128
42955
76480
48164
48119
44516
55183
42135
42182
40871
50379
50732
62884
52422
47536
43075
52870
35053
46442
46031
57251
85556
63820
49776
40191
54401
51942
62085
36524
51321
50122
63681
62130
72719
33774
46728
76314
50518
59167
64393
43746
40220
52509
52077
53833
115833
54359
83512
40014
45764
56163
53374
49548
54007
68448
71507
55884
55904
38546
55212
47956
45272
68921
46076
58260
54264
67654
50800
78946
39212
46076
64198
67992
48280
43023
63060
66140
59610
54839
49079
55821
54754
58684
72287
42821
69330
52982
60432
92143
65094
53458
55624
42553
50489
50918
48756
49826
56638
70724
44202
51445
73645
55797
72665
34068
43161
33475
178105
119844
74459
62567
37609
39738
67944
60457
66797
41013
49627
54281
35144
66275
74446
38217
53915
56670
65961
58216
69467
48571
63712
40697
39057
48151
86110
40805
40477
42873
59043
53770
52895
63150
46851
62894
46491
69266
62096
58721
46986
66280
39685
49690
44622
36863
60360
62605
69574
66483
58826
57112
48703
54610
62857
67140
43604
60698
53592
64884
46257
77355
55177
64426
51998
59089
36759
64444
56118
64417
63786
59370
51845
68166
50688
44178
60446
52968
62841
41328
33805
56666
88218
71534
44504
44214
47307
56192
43368
41903
70793
56444
42617
61295
48643
50865
48854
39628
56876
75423
35621
48194
47444
61724
57830
55062
125548
23676
68017
29667
49700
33388
78212
51758
39662
64397
71130
50597
55829
57324
95342
41436
70215
58348
49794
48002
32353
51764
48612
49225
45418
74760
55720
67164
55795
51329
58013
57954
86598
64192
49367
49885
58111
52863
68129
59576
62651
51106
46956
57256
58746
70857
47406
43582
39510
45377
54396
60619
47176
69772
43631
41603
56241
46920
40924
47500
59431
41223
57982
54208
60239
46579
54527
48893
46647
61831
51243
68629
70022
64718
65243
17952189
 Average Time : 56100 Minimum Time : 23676 Maximum Time : 178105 microseconds 
 Client 31 Average Get/Set Latency = 0.0561 seconds 
 Throughput = 17.8253 opertions per second
