81998
112264
98140
64902
81751
60588
76275
61087
51748
70771
129113
38184
46677
61586
48337
46262
62752
53834
54396
47754
75069
68746
36646
42007
55601
66712
35819
73106
50879
47939
34524
70083
59106
39145
44765
53080
44849
29823
41855
42806
50111
45116
86192
48768
53125
57517
65300
54499
43202
57937
49000
51149
54006
41798
56340
45408
63156
41695
47964
64634
42110
70024
45215
50864
52810
65174
51187
93486
38000
47512
39667
58811
46827
49652
55847
120459
69514
48505
49391
59742
45667
39035
56800
64131
61768
52998
43884
46247
47393
60684
62879
45232
50039
68882
56553
76055
57108
98444
64996
49762
64276
51854
49434
53486
55171
59800
48721
44938
40910
62377
63576
59645
56311
57028
57215
63387
75071
105965
107072
37910
73185
43388
67313
35112
37451
50351
37284
39580
55217
71189
49621
43034
47996
37772
29039
51047
51004
159349
114835
35444
73827
83511
103907
65029
37523
61205
52547
59777
55754
63167
65653
53073
64221
56926
52051
55894
44851
37192
46031
49158
49697
50130
65497
80284
41673
42153
53377
50678
53522
84772
45860
64002
49768
45842
47142
51831
50647
63008
92111
63350
79148
35917
38777
43551
54323
36153
53789
72241
59427
49249
59993
60515
53363
82094
81560
44443
61974
54536
61417
47897
43783
39425
77459
60931
64706
62192
60644
62304
41475
49759
58239
65670
55952
57375
36085
53082
60887
65774
44515
69859
41342
71485
55386
55099
53882
49157
41201
49196
51639
70293
33933
76615
61574
53448
49826
41803
64692
69426
74880
35530
46876
35986
94849
48916
36890
43431
36976
75383
77053
56072
38907
51620
63053
60632
45506
67366
63388
53107
55748
67441
43978
46087
51944
48637
57566
64868
43206
48539
43206
54867
42281
32852
46484
65828
53944
48044
78979
47501
74583
63278
52712
61955
56614
49577
52086
44731
39477
49557
49910
36448
44187
60591
59549
57536
59542
54393
50168
76672
48310
56758
45566
57410
43117
44012
51022
41702
60933
59074
54722
61626
52279
52610
52467
66291
45487
37227
64532
66758
59222
58109
18082950
 Average Time : 56509 Minimum Time : 29039 Maximum Time : 159349 microseconds 
 Client 14 Average Get/Set Latency = 0.056509 seconds 
 Throughput = 17.6963 opertions per second
