34565
29586
45745
34451
29700
40275
36440
39299
35660
35569
39297
35892
30325
29631
29296
40467
44862
31648
27404
32488
34566
33485
28302
29554
28899
37245
31863
31559
38901
35293
33842
31004
29082
32358
37335
30176
33465
28265
81915
34832
31249
22840
27643
29709
23629
29583
25323
43466
37912
45425
33822
33478
33730
40154
38321
49190
81618
33424
23961
26570
28351
27295
37166
23165
22405
32224
32264
39976
32377
29038
35469
27286
39336
30097
32553
29819
36350
37420
26195
29149
46513
25930
29170
32671
37562
38225
30798
51683
33581
36583
59731
43056
44022
34904
38277
33793
31572
32326
34155
27158
36508
32416
44284
34119
30478
42323
31902
37222
30914
24797
36227
46366
36712
28854
29975
24480
34304
39405
46779
29622
38106
28732
36203
31609
38120
30186
42496
30624
28325
348169
39178
45494
28002
34706
35273
30150
87804
25406
39839
29911
96771
33144
40429
40877
25478
28206
34648
31190
33844
31880
37341
33389
41215
29616
31964
32179
36721
33925
42665
30908
45221
41659
31998
37021
41145
28478
23940
27127
42511
34659
31090
38589
31131
32809
30910
36941
36954
35356
35782
35741
26508
42774
41891
27764
38430
30948
31705
43718
37643
30905
29845
32365
64184
63232
46411
40057
26882
36193
35796
46441
25853
33159
33151
32111
63210
32317
41807
30133
31283
27556
32482
34992
32433
33452
40710
36325
32108
33458
36386
54412
24105
25999
67320
27734
113259
47403
42133
27103
38778
30880
32119
39451
25903
35365
27243
28128
26530
34876
39182
27729
33989
39524
36348
34871
29527
23026
37160
32497
29751
31458
30536
40805
30329
36215
26563
98322
39734
32941
27419
34146
37007
36173
52378
30827
30706
32486
30739
33037
34638
30301
42405
28659
31763
41649
34664
31246
45280
38908
37043
36734
33472
36943
40220
36993
32343
34859
35208
35389
34840
33660
27833
42125
25225
32240
37874
30119
38037
39644
33741
45276
31636
34527
32687
28558
32266
70422
60002
54741
45836
34451
38321
34534
37928
40057
32609
30727
36222
35484
32017
33482
33541
25728
32775
35705
34264
33559
34900
39337
31743
31858
33908
30184
30606
35813
28390
42739
37291
33330
29685
33054
38977
36933
27700
35885
26855
34881
25841
27097
33996
33363
31733
29685
28125
25114
28484
33120
32462
29267
34782
25325
26517
31551
32224
29778
28384
51081
36731
39218
31621
40469
31597
28214
36150
28317
33179
24138
27913
44261
32507
30891
26714
35562
30964
25093
35540
29981
31962
29617
34495
36211
36825
28859
42239
31617
31894
38145
22919
34941
38140
29040
29265
32309
25172
84689
32360
27324
43062
76241
48025
79890
41228
33206
28041
34231
30287
24558
25941
39238
35793
30129
39676
32126
28274
27855
21987
21835
30344
32753
32216
32708
32481
28875
31375
30608
38325
25431
26554
29445
31732
39643
30688
32592
31922
36801
40410
30320
34347
35078
32451
28773
41722
31522
46279
40470
39299
28251
33887
28014
32574
46254
23795
33040
36042
40948
60703
31767
20610
24960
27360
38908
32214
51325
29355
33347
45464
32824
33699
34924
30427
33960
39018
28699
49031
38550
31933
28558
38586
37129
33190
33934
25902
42694
31099
26722
29136
37673
34320
36117
36969
25554
29727
47241
29009
38666
27919
33991
31239
30374
33968
36084
33415
39817
46178
38858
30345
36905
26997
28663
38775
30152
34509
31042
32722
38516
27952
29314
33276
32846
24990
33501
30670
26908
37044
33238
33231
37401
25173
31190
65516
30110
32725
47193
27068
40858
34216
34779
24090
35835
35413
56473
27522
25655
32500
33897
24726
36235
30925
33421
39819
38511
27823
41038
42481
33039
44218
33017
35106
31894
34844
32306
35206
36240
31272
29002
25333
23380
43483
35603
32542
29067
38847
30506
25670
38590
28645
27458
33819
26439
30267
29629
27512
31608
29041
28000
28586
114749
29748
21922
70423
30400
67525
27228
35569
37888
29320
35773
39007
30057
29363
25172
35389
31904
32904
34744
36753
39087
22428
26556
39056
32378
28965
26570
40811
32700
30883
52094
59488
39522
46941
30857
68381
56230
25627
21351
19993
24258
25251
25918
25887
30705
22802852
 Average Time : 35629 Minimum Time : 19993 Maximum Time : 348169 microseconds 
 Client 3 Average Get/Set Latency = 0.035629 seconds 
 Throughput = 28.067 opertions per second
