63834
63220
100905
77085
56397
68400
62908
75552
89698
58595
67143
38182
104056
47776
53078
59197
48786
68217
53721
62724
36405
57086
52681
52254
52657
46187
75408
47244
36692
52825
61855
56320
55884
64985
135537
43625
31259
59473
48867
67115
70813
45048
54399
69527
39333
49642
55974
61112
62883
55503
63723
53178
59643
40205
51488
72955
35617
47638
57246
45968
53088
49572
55912
40848
83422
57807
67557
60962
61504
43279
87947
103087
56018
56310
57600
46661
54232
50969
51074
53956
59016
49451
68532
45888
61544
36520
48621
55696
37428
53214
44143
57044
51537
66162
44408
59965
52050
42923
42717
86353
59625
71610
66250
57188
54475
88385
51977
51153
60272
56226
43879
49373
34018
56042
49671
39786
121530
89942
34227
46635
50931
57581
49175
54544
122175
51021
62736
54845
58905
117641
32668
36168
296259
50779
92100
67694
110860
53303
41658
35995
35610
48353
38595
52823
66344
54704
69019
58311
46653
43631
64610
57393
43622
60269
65586
50337
54152
70879
50392
58783
61177
70029
56745
53455
51238
49339
57503
62610
68327
53258
39866
58903
47198
74094
67180
50493
73352
55994
55886
61786
42575
38687
54134
46434
66089
61814
64506
80191
59489
48422
79903
36136
60713
54975
54074
34762
42649
36699
61751
39511
64139
71331
56908
38716
68082
42069
38615
81865
46651
48385
42027
40534
54738
56682
52807
53614
60912
52490
67526
55628
47187
38580
57352
53301
57961
69240
45656
39167
53184
46357
47240
48920
46533
51319
41385
55799
56893
148137
47116
65043
53604
116458
45519
44009
65816
67846
39764
59527
83406
70625
45222
54646
57425
69680
38242
60603
74813
55216
73086
48694
56343
34249
41596
40784
50786
52484
74862
57268
40169
46422
48609
53753
53201
69914
54327
59821
67081
45875
52652
53731
46443
46313
26458
53105
58943
54477
51375
62366
63082
56751
34468
54460
50827
46835
51840
51247
72429
52006
56151
45323
69742
54647
41508
59353
56485
37401
68163
44419
50429
51208
46402
60118
90851
43609
43689
34726
41869
30985
28276
21670
18300726
 Average Time : 57189 Minimum Time : 21670 Maximum Time : 296259 microseconds 
 Client 6 Average Get/Set Latency = 0.057189 seconds 
 Throughput = 17.4859 opertions per second
