34085
28455
23852
21913
24227
25093
30603
27610
24401
24492
29841
22368
21287
20234
23484
23626
27813
21431
23891
32791
31174
22149
28333
26125
24509
28554
23586
24595
20741
25787
32574
25771
24374
24733
24616
27274
26076
23504
26476
25096
28347
20932
27099
26255
24019
25718
19643
23301
29657
30492
72625
26463
27170
26650
22022
24663
25950
26599
23821
27825
23558
23838
23724
30093
21859
31552
25835
31189
22605
23507
26210
23209
23772
22808
26371
26113
28724
24377
26855
28265
22302
23558
27831
22629
26112
21199
21690
23393
25724
32238
21076
22211
25496
26220
23359
25744
27365
25421
29009
23899
31222
27554
25617
28054
21325
27030
30797
24916
25744
20066
25527
25785
24351
24140
25162
24460
24273
22838
23494
24429
24542
26345
26346
23518
21998
24511
31899
27906
22138
23910
20077
28881
26780
25363
20912
26250
21360
22186
22780
24624
24286
25861
27607
29332
24843
22763
31665
20905
24527
31131
24880
29799
22244
30805
24691
22490
22933
24143
28642
26104
26795
26133
22155
23435
20611
26850
27465
22365
25113
25254
22080
24630
25325
23712
22365
26168
28267
21201
22630
28170
23066
21476
29548
28596
27648
23431
21629
21177
19262
28852
30166
25636
24788
25038
23188
24719
24463
33295
24561
21525
22315
22840
28075
27886
20013
20784
28773
26698
19633
20316
21645
23823
28582
26547
25765
23546
24870
25714
27483
25800
22897
20944
30576
20965
21428
25080
24246
34154
26001
21636
25207
20288
25649
24818
30647
25987
22370
33494
24856
25267
23931
28643
26146
25334
23828
26746
25663
22020
23445
23722
28878
23987
22960
19244
26636
25451
23677
36879
22330
22072
22822
25247
29794
29685
24393
25666
27592
25559
24141
24406
23476
23478
25570
20782
22602
23670
25102
24031
23641
35139
23379
30934
29835
29243
33667
24139
23212
24281
25978
27238
29697
25592
22673
34029
28170
30897
22689
21817
25725
22626
42205
44348
44060
42040
29269
21351
23672
26250
27056
28460
24848
25196
25622
22506
29363
25926
26050
31099
24149
25427
23559
27316
21971
28222
24921
19242
27775
60902
25702
21573
27764
28434
28554
22938
28478
22274
22258
22532
25609
23818
22512
23940
27149
26943
20386
32290
24912
26074
28193
23780
26622
31075
23994
22574
26877
24837
23046
25619
24143
20136
32752
30162
28557
24036
22503
26893
20578
26659
22490
22155
27535
25699
24002
21615
30238
23696
25820
21841
20382
31861
26971
21355
25948
26008
25176
21420
29185
26243
23188
26090
23457
24863
25192
25898
25122
19970
19579
22069
24422
20299
27948
25821
22302
22337
31410
22355
25399
21921
21991
25503
27806
25555
25805
27561
29254
25736
21390
23664
25206
31293
21572
27208
23253
27767
25192
27170
23304
21804
21947
21951
25961
25138
24635
22910
83457
30380
42768
63155
30233
25675
28437
27867
26000
24396
20733
24490
25393
23282
22740
31199
29566
22932
22756
22454
25443
30289
22007
24926
26148
26994
24352
24106
23425
21578
27591
22921
20979
27062
20682
24053
28919
26835
27673
29546
24735
33821
18855
27344
22738
25769
29493
27115
26246
27576
24492
24104
22997
22950
26577
32748
20563
21024
21903
23343
25273
22678
27788
29701
24257
33265
26228
24444
28209
22955
27044
27303
22533
19222
23077
34485
24640
26582
24167
28182
26764
21249
23748
25228
29762
23415
25119
26556
52320
27054
30421
21889
23944
23262
21821
20544
23921
24062
24575
27120
21920
24023
26971
22088
22842
24294
34164
29001
26044
28343
23132
25390
27884
26077
32288
24622
23009
25720
22437
24907
18955
19495
75544
29023
27975
23395
25211
25266
25090
23743
25970
31239
23572
22134
25061
25994
27014
27461
26005
24972
24374
28572
20684
22654
22513
31416
29810
23683
26539
24267
29583
22458
23300
21185
26384
19367
27011
20214
23407
31282
26454
27361
26749
25942
21973
20864
23977
22966
25815
24598
21980
28377
22612
23546
25613
22836
25730
26913
28179
23149
31500
30087
23532
26130
28395
28324
29973
19302
25317
22986
26890
27135
22453
24071
22461
27143
29091
20108
25144
23100
28571
28370
25495
28948
27241
28380
20270
27415
26302
20370
30355
27566
23645
21499
25005
28369
20873
25446
25694
20361
25985
31029
25335
24963
28044
22451
23160
18213
25244
24928
31842
28257
24886
22907
23859
28411
22241
23157
20414
20180
26458
24923
23945
25876
21991
25154
24512
26055
26788
24303
25664
23515
21850
26824
26839
24611
28352
25691
23445
26801
30503
24607
26225
22441
25056
33409
27679
27030
25435
28956
27065
22643
26450
25785
29601
19302
24699
23966
24073
26665
25490
25206
19548
24746
26864
28763
26623
26655
23830
25753
20957
25942
22737
21141
29010
27380
27329
25431
23876
28206
25256
21918
28217
23099
29022
24680
26753
25553
32232
28470
27544
30123
21410
28309
23042
26274
21213
24113
23977
22054
24179
26445
18354
24568
28830
25151
21685
26858
27655
24309
23362
29088
21414
25042
27161
24578
30095
24708
26326
25854
22972
23484
25363
27099
26751
29989
25903
29083
26603
25384
33872
25236
24651
29647
26120
26726
29524
32747
25346
27078
25311
26843
21179
40163
23991
27134
25765
22397
19916
26836
27145
26913
22089
21705
20100
26485
30593
26168
24806
23867
22790
29233
26325
20772
24331
26817
24178
25049
25997
29161
26230
27688
21776
31593
27740
29079
28569
21747
24642
20707
23645
28485
27938
26745
24513
28276
20770
22800
26526
24616
27994
28509
25185
28521
23992
27538
24001
29434
26135
25541
25559
19754
58008
24198
24614
23492
19758
24360
28158
28033
22466
19412
23106
29768
20883
24800
23747
23377
26217
22494
21227
22823
22795
27110
27648
25808
25058
25785
25106
22905
28493
31948
22831
28154
27573
24562
24789
31145
30994
24559
23087
24727
26356
27619
27987
29592
25994
21607
31505
22554
22383
23497
22504
27612
23610
29852
21203
27201
22010
24453
22549
25489
26184
28198
24883
25806
27033
26719
30547
32930
27357
31226
30103
25514
26045
24850
24943
23008
30054
28328
23041
24491
26574
20572
21445
22882
22283
27616
23466
25588
27997
22665
26036
28199
26490
23428
21099
25840
25869
20275
37789
27051
27940
24406
22460
20937
27672
20912
25261
23006
30101
30405
21136
22112
23351
24319
22763
23675
25715
33428
20147
32580
32709
25927
25439
22327
29867
22717
19566
48883
37183
25723
19790
21869
26285
33076
29501
24862
32115
34625
25706
27261
25786
25349
26955
23834
22919
50914
25029
27862
32899
24482
23114
23062
24016
24348
26289
24667
28337
22620
23596
23975
24386
23719
28243
24141
29065
28955
23767
27722
27870
26353
32156
22864
25168
19930
23643
25636
28114
26096
19299
25468
29463
24841
56526
73624
28320
27212
27700
28757
33029
23976
24140
21483
26062
27403
24516
27692
28636
27235
22268
22226
26163
24875
23721
25517
25029
28599
25477
22951
26771
22492
28555
22813
24612
19673
26927
20506
31078
26079
27577
27482
27661
30330
22278
21025
25259
32479
29326
25194
29102
22182
31733
27756
26071
25694
29203
34617
23359
20509
21570
27862
26323
23685
21974
26353
28435
31592
26354
23332
24886
24884
43023
27222
24206
35043
25383
34404
34490
26585
47336
29984
25529
26831
25031
22786
19245
27793
27899
21038
22963
19019
82285
41993
42978
55097
30128
22413
34424
27248
28979
23709
30138
21287
20998
27371
25885
33658
26817
25025
25750
21617
33126
22481
25479
24262
25436
28641
24284
25215
20781
27953
27626
27914
25854
26877
27436
24823
23032
26642
22389
26332
23793
24271
23875
20949
29779
24980
24869
25506
22172
25019
27429
26199
27381
26729
24805
23365
25777
27363
23298
30838
26894
29399
27125
25981
31394
25295
25395
20456
30537
29169
25340
20575
24836
25043
27911
28930
27329
22455
30152
24614
22786
26583
24937
26070
24576
25752
22736
25549
23824
26770
21218
23312
29596
28406
31234
24462
78136
25427
21542
31182
25628
24143
25032
31268
30617
25832
29890
29205
22934
20628
24670
29427
29906
26113
28220
29549
25347
41474
34188
26071
27439
23697
26578
28216
21477
25200
29047
29777
24664
27754
21826
21406
27691
21535
27851
20887
23123
21488
34067
36428
26381
20979
24806
25351
26668
30741
24850
24065
27474
23559
24952
24611
27029
23690
22968
25248
21425
22968
24564
22573
28390
30285
29249
29501
21863
28959
25857
19754
22655
28214
26672
29928
26714
31731
26198
25018
25287
29159
21462
27249
31922
30983
24932
24944
25771
24999
32279
28798
22565
25971
27229
31232
24963
19865
20900
25033
23634
26400
28470
22894
27083
27133
23365
22325
23283
22342
20026
26688
22095
27841
37450
32547
23181
27921
25713
22738
21898
35355
33789
24556
23093
25983
23063
24247
30393
26153
22354
23103
27802
29803
23648
26067
30054
28755
25486
27713
20831
23790
26888
27328
28659
25751
24059
27796
27116
25367
22934
28080
32058
25321
21669
20671
27343
28232
23942
23733
22076
20749
27318
20504
24461
30742
25896
26429
27397
28927
23209
25241
29877
25056
23396
23392
29377
21107
25471
28843
29471
28680
24632
27273
25616
24592
28096
29916
23763
22790
29315
21062
21101
24254
22653
23229
22832
20264
25565
29120
20285
28413
25145
31902
218730
23938
24183
32445
30145
28762
24605
27920
24517
26298
22985
29556
24101
30316
25344
26929
28128
28810
29382
25178
27758
26772
27372
25599
29141
25827
24815
26653
22529
25686
20767
31763
24967
25709
30148
28977
26487
26027
27697
27904
27611
28054
22300
24966
23644
19153
26892
21875
24493
25636
24318
30266
27320
25143
22447
22013
30235
22788
21988
22654
30889
26663
23924
30215
25071
21115
30928
19602
22679
26146
26358
28665
43742
31671
24839
27885
25449
23458
23453
31636
32563
29494
27457
28388
27920
24782
19881
20984
27987
29599
24361
27468
24389
20643
25929
27237
31351
24743
24536
28510
27963
23049
23021
27561
23869
23120
28838
27345
31066
22550
20258
21584
25289
23687
27650
22505
21557
28012
26745
26131
28376
26015
33828
32576
26790
26970
28377
30046
21709
25994
25212
22496
24004
27593
28134
28966
23737
26605
29263
29447
28322
23863
21883
26144
26556
25868
25681
24191
26260
24389
19092
25875
29079
28240
25146
26259
25998
18892
29619
23107
26705
41804
28636
25840
23692
32254
27171
22054
28536
24679
32915
23382
28094
21143
24550
28126
26371
23727
21209
24717
25388
24280
30325
26910
28989
23587
23747
28872
28700
26092
26173
27070
19536
25564
30799
28366
24351
24086
31029
27090
25737
27020
29211
24387
25473
25658
30380
26255
24248
26483
27613
32722
24856
32646
28068
21138
21867
23477
27607
33716
26949
30402
31101
24455
33430
25614
24220
27509
23046
27264
29279
31039
21546
20910
27290
24311
26389
25361
26516
29504
27352
24063
24664
24445
29972
29503
26671
23213
27720
27198
26870
21675
22714
21355
26879
42910
26119
24548
25936
37153
29462
27455
24203
21001
33414
30711
25807
27027
59540
36589
28280
29609
24981
24514
24780
35248
26264
22953
27312
31566
28828
28080
31090
25927
27816
26414
25019
28242
24234
26999
29242
27433
26036
22141
30884
31567
26698
26255
22648
28475
26599
29984
26343
32172
28952
27429
33044
34284
28888
29515
27847
23688
33948
22197
21794
20952
22747
36113
26581
42911
23499
44284
35575
26208
19474
31117
33465
26013
19519
24006
23837
24311
26025
23025
33870
24748
27524
26440
26911
23643
37542
29135
27661
25955
22558
28066
25926
25659
34785
22020
25193
24259
20288
23919
29202
24227
25224
31126
27028
28856
29042
25951
27421
28257
31605
30821
23058
27230
23956
27654
22065
35713
54446
31680
37037
38430
35812
26225
32935
27592
27483
27339
26038
26148
27816
23521
27677
28892
25525
21779
29822
20923
26233
22674
26080
26668
26123
30207
27122
26702
29193
25575
27359
31801
34732
27490
23930
29011
28762
29514
35471
27080
24734
27551
24742
28740
30639
29659
30620
22973
25555
28037
28318
23770
34307
25777
25314
24440
24266
24932
27077
33094
28647
28251
25569
44371
31402
23760
23083
29938
29810
54009
27958
25527
24027
28410
22450
22997
24441
38085
27665
24402
23923
24570
32843
23479
29273
27928
22998
28525
26015
25681
36287
28399
28239
20818
30066
28400
25999
28137
25237
26677
29504
23971
25825
28979
29146
25778
28633
22178
25792
29558
24704
29947
31090
28192
25977
23981
21218
20113
30914
33245
22468
22961
28678
21959
25104
27948
29426
25742
25380
22355
22815
27751
27434
24760
31269
26756
21100
29041
31306
25379
26004
24993
24869
32562
25753
26709
29873
30110
29873
27059
31255
28307
28687
22170
25381
25348
30485
29185
25953
26535
21835
26381
24996
30272
23575
22698
23598
24488
26721
30547
27703
28861
31590
26956
21331
25466
25338
29066
23917
26584
32885
21128
26457
28689
25032
30493
26664
29334
26155
24519
25421
24057
29195
21358
29981
26800
22540
21892
22004
26947
33487
27773
24701
21716
29585
29798
25821
29022
29662
27283
25108
28249
26000
29416
26305
26720
21990
24023
26192
26138
28152
25896
24080
27958
24476
29150
25942
28429
22567
25758
21185
21550
22265
26274
19538
22106
21358
22017
20903
24941
29760
25054
21433
29177
30476
27353
26247
24115
29203
25311
28517
28236
32928
30164
26695
25971
28719
30013
28644
27803
27657
31654
28432
24226
25160
26627
29293
22654
25591
25271
26288
21699
25422
25154
24845
22574
25525
28479
31992
26397
31240
26808
26413
24705
21746
25472
24904
26308
24758
23293
26750
25217
30603
27196
29885
27966
26214
30260
21536
28958
23569
24908
29347
24585
28379
20404
26091
25358
25816
29641
29709
26443
26034
25520
26277
25029
26083
22813
29029
22033
25225
28245
23154
35102
22741
23042
21671
29551
28914
27000
21750
26478
25481
25284
25204
25270
23891
29614
24838
31001
21827
22587
31819
24039
19046
25924
24105
33839
32665
20546
31673
26200
32575
22930
25918
32932
34575
25867
37892
27610
28160
25629
21648
24302
22404
33892
31131
29821
27465
31309
24811
28477
24596
21804
37905
26039
25486
27253
33345
28748
26942
23310
24640
27913
27080
22853
29476
25799
32679
32949
25473
30653
28420
38808
25515
25341
34935
28152
25056
31051
30580
23034
22859
22579
27328
24436
20559
25648
26458
25642
27191
25422
27543
27293
24754
28700
28624
25555
27043
25346
27529
25688
28707
28732
31103
21776
21831
20381
22050
24149
27339
21188
20653
29742
30505
24255
29648
30996
38289
31349
97370
30348
27474
32579
26658
32733
24675
25873
21353
26937
31952
25952
21103
23861
30676
26874
27299
25299
22650
29284
24752
25654
28632
32585
23223
31423
28874
24137
31132
23072
26117
24007
48091
22127
31854
27763
29448
26235
31084
23940
23151
25262
32516
27587
26484
25732
22530
23667
26569
29180
24895
32056
25771
23881
24415
25102
25945
25209
24372
29266
28442
28587
25967
27210
28221
33909
23887
22616
26248
23898
28004
24561
27497
30139
32115
25729
28002
28047
27209
34391
27300
22473
25846
33116
23648
26693
27652
29642
24980
29136
26420
22635
30870
27961
25621
34691
28225
26521
21904
26275
24546
29172
26933
28879
25099
21159
29819
46367
30143
21156
28739
25368
24756
25268
25606
29863
28835
27683
24494
28775
26983
28732
21418
25005
30395
28342
25839
25487
23960
33682
31510
30571
22354
27146
27275
31645
20364
26521
25130
26317
25255
23473
25734
28852
25493
28762
26490
28288
26147
30345
22374
23846
32468
25525
24570
24178
18930
22489
25293
24493
21819
22674
35181
24853
27732
28290
26522
28908
29320
23757
23930
30231
20902
26400
36833
25018
25936
21281
26386
26706
35187
29039
28038
28040
27537
25544
23278
29491
28957
22162
25260
22484
27088
32759
25007
27137
25059
27917
23224
30600
27614
28395
25084
21011
23158
29977
26644
24225
29271
34447
31184
25416
27628
28888
27592
26518
24655
22826
27507
43322
27632
27536
24517
19435
35710
31650
24846
27951
22753
32916
27013
24548
25765
26107
24446
23671
32259
27358
29969
26969
55537
37679
24328
23369
65363
27330
30612
24521
24056
49955
27380
26756
25260
29696
23606
22016
34600
26401
23149
31424
28142
29770
24540
24682
26432
24488
22407
28672
25141
30395
19565
29105
24058
21428
27982
29516
33174
26936
27286
26306
27060
31342
28054
24211
34280
24633
28473
26686
26823
27446
73483
29639
29208
22551
24201
29411
23797
23973
28940
24235
32451
22306
23234
25600
21254
31528
26245
27610
26784
26907
27088
21237
25184
27224
24743
29711
27921
25367
24823
27133
38433
23999
68200732
 Average Time : 26640 Minimum Time : 18213 Maximum Time : 218730 microseconds 
 Client 3 Average Get/Set Latency = 0.02664 seconds 
 Throughput = 37.5375 opertions per second
