50669
41062
91647
77034
51677
68555
78887
57389
65533
69894
50227
73723
40421
37950
41494
41880
55454
54937
43648
72772
55289
47515
65407
60938
47420
62613
64612
49815
91305
56834
45713
58103
51258
48396
70808
29542
51665
37494
48858
45500
78979
42862
61410
60703
48047
68768
43405
75748
92515
52349
56205
46075
58567
64047
51361
37888
48406
45218
53665
51041
68512
61775
47194
46763
59518
64554
46801
47422
43255
49300
61543
67482
64353
89230
38442
97865
55168
63629
41244
54344
60493
56029
69620
53253
66728
60596
42577
49619
112749
115916
47959
45527
54385
66318
54973
38470
33917
55343
40319
55762
59865
46669
40155
57029
54710
58140
47862
54883
59197
38261
55647
47530
52835
50996
71232
73612
58159
56926
82482
64659
54239
56693
72452
65025
39924
42399
118050
57087
60135
242634
50508
29297
295328
60228
143848
39313
54027
141216
49098
66935
52182
50548
79798
68163
43433
57520
43559
61305
76510
37271
64213
51999
33651
53487
58547
59892
82869
62661
48237
40270
54154
74501
46189
54445
62934
61489
53513
53434
81268
43079
59510
47633
42659
43886
72429
31512
35506
50788
70668
40145
45058
44055
56945
55924
62753
52433
62845
74082
42710
59854
32733
57460
70916
70842
50109
63520
49851
50295
59465
80192
53320
44943
57497
39824
53869
63204
40312
77883
42120
54663
69460
56381
51120
51528
43985
60711
63360
53487
50089
51301
71505
45381
51394
37808
44953
50056
67043
75230
38215
42210
64495
33393
54069
177848
59467
33508
88858
40771
41595
52860
77356
59476
42186
53019
64044
58919
47928
60961
43710
53338
41653
58711
70695
78216
43961
60288
63277
67609
43922
58358
65371
47556
59812
56457
66822
70040
63631
79279
54303
43607
44926
48150
53526
47496
60241
49192
51892
52219
43801
59901
74394
45035
53421
39847
50145
46629
52178
39029
61007
49272
59502
54148
73752
39132
70767
72974
59578
61313
59283
57947
60990
53278
46142
48054
53754
49352
66549
55161
63427
32919
36859
62094
48444
30873
22341
22181
23402
21161
20727
23926
18433880
 Average Time : 57605 Minimum Time : 20727 Maximum Time : 295328 microseconds 
 Client 4 Average Get/Set Latency = 0.057605 seconds 
 Throughput = 17.3596 opertions per second
