45176
34743
44407
37696
45864
49552
34906
35575
29651
37059
42041
28388
35929
27911
31643
34786
29011
30230
28661
31173
35149
34576
33696
33418
32035
40136
34491
43042
36056
38644
31228
29613
40978
36937
64207
32368
32506
32536
31722
28874
88406
33010
30540
39033
35705
27319
36847
34121
31956
41782
27527
25517
33464
40988
26337
31052
26016
24098
69453
31375
29557
66615
29472
38044
36712
38161
35650
28665
36036
38917
36880
31120
40102
28376
31383
24407
40210
23579
33787
38234
32600
35529
36856
44654
34339
40011
59038
36577
22683
63103
33353
32084
30927
27225
35747
36253
36522
38233
32547
27004
34303
38062
37981
26471
25657
42134
34060
32671
31154
29486
37090
26815
27069
32178
46936
33310
31952
32366
30170
36506
37101
33844
32493
29269
33947
29143
27340
36994
25243
22068
26736
24798
22519
23472
25232
121581
40793
36614
34384
31422
31253
35994
28759
38346
31595
39154
41271
36335
22781
30688
36407
40098
28600
44285
35272
31877
33637
30685
32622
39351
30993
32016
28794
44587
34269
32601
35319
24788
29730
32454
38684
38935
39589
27972
29673
30015
41554
37354
36854
39268
29711
33331
26923
41688
27072
31936
27033
30367
32102
37108
28563
30537
41625
29550
36694
31733
28004
31459
33174
32750
33046
30177
31862
66901
60701
51304
47313
31987
35029
29032
52817
34092
29328
68303
32296
29581
30774
32539
22815
35070
37802
36054
30339
40349
30614
28948
40561
41617
37032
31824
60065
28296
40623
124138
27233
26949
36695
35467
30361
27948
36519
32978
28446
33467
35366
31702
50436
40095
36454
31218
34137
34859
38710
27014
44610
32462
31492
33735
33455
29144
25227
28758
39132
35594
103264
110079
37288
42665
47617
32700
28015
30795
36146
33355
36446
36344
33890
36606
31920
35731
32651
30159
29136
43599
31113
27372
31948
39555
26691
40459
39986
29900
32236
30642
33413
26818
33787
27719
27814
26477
34793
32227
31328
31746
37101
36655
34627
32036
41411
26999
36465
28775
33501
50185
48361
63956
33606
40473
45389
25053
33642
36930
25651
31114
29127
36419
32709
30217
36244
32093
36279
33250
34700
34547
38855
34925
34297
39169
32553
30666
29266
33730
30653
34146
33201
30083
25211
36958
30529
29634
27629
26001
35142
39091
33365
37408
39669
31731
27852
29526
38416
33410
26724
36391
30018
41436
31560
28991
37593
25223
27323
40275
38154
38658
28803
33715
28299
40542
30443
35890
31926
33873
32157
31668
30104
40223
27210
36872
32067
43928
35144
41471
29503
35397
33217
27038
42462
29461
32340
34501
36455
30231
37594
32239
41549
39446
47875
35472
25889
30643
108588
35004
98516
46440
46944
65220
31600
30685
33488
33681
34552
36902
30518
89925
23227
31923
34314
39112
24927
23907
22451
41516
37495
34169
39386
39581
60945
32462
27606
29430
32721
27667
32534
31732
27239
33368
33569
29613
32930
34004
38557
34267
31084
31460
37566
50573
42468
37502
26141
28174
32443
36544
29406
30371
36889
33945
30375
33417
26030
31675
66207
35672
118277
34152
24860
33229
36647
30633
34754
46847
29506
38602
36986
35947
31339
27813
32742
39202
31174
32545
39286
30390
25768
33763
32749
38735
42796
30807
22924
40465
38565
35248
41508
34463
35215
37274
36155
34814
30257
30998
35589
29653
25280
31227
30272
31093
39938
34206
23877
27346
35606
34916
39992
34477
25884
37105
31063
30585
30732
31802
33810
33242
26659
30665
26415
33108
30544
38283
39281
29778
51661
51953
51921
37157
29756
39506
23411
28449
36801
40775
36801
30877
38470
38955
32967
40664
29031
29267
40412
37080
38388
32973
33736
35688
33151
40118
35671
31074
33958
35150
30695
30362
27672
38429
29543
64101
28825
34616
30593
30793
32156
28755
33352
39965
30078
31521
30747
37545
31463
32231
25930
25424
28316
29117
22101
29944
24612
31594
25671
31626
23641
73616
24014
62971
31953
41736
33423
26556
42948
29515
30742
31056
31187
30420
27626
37076
37075
28695
25685
36012
33590
36982
34126
23331
29174
50254
30415
22847
96903
51651
34420
25870
30315
26017
28112
19521
23162
25208
34753
23208
22655405
 Average Time : 35399 Minimum Time : 19521 Maximum Time : 124138 microseconds 
 Client 10 Average Get/Set Latency = 0.035399 seconds 
 Throughput = 28.2494 opertions per second
