32765
40315
38225
36680
26297
50256
43095
34996
43465
28533
35246
40206
36029
26283
34855
33696
33890
32856
32606
38090
35109
33967
27552
34089
30109
25833
29924
29057
40847
30638
37238
39966
30997
29648
38956
28023
31184
31527
30355
26948
25347
28156
21758
28268
34755
26551
30030
28735
36981
30150
31417
34723
28023
36810
37547
29013
33342
35413
49427
24642
29582
34256
25522
65258
29922
27774
27780
24308
25932
30558
46058
38661
38818
38252
36427
40421
33453
36397
35173
37102
28115
30555
41418
28155
28000
28572
38129
37102
29926
32690
28691
25929
34234
67300
43320
34780
38680
23587
30309
38288
33810
39882
30196
34127
29947
29911
35676
44448
31666
34020
49179
22048
30200
36519
37879
30236
34478
23190
36553
39193
37941
48142
31314
43173
41428
27334
33508
33532
46356
36219
34706
32638
30050
29616
26727
21381
28145
24049
22976
27434
21791
23808
69041
32914
26442
35134
39677
27859
32347
37946
28587
23943
29798
30969
40583
29929
26766
33776
27094
31400
27952
31271
28885
33409
29006
29461
41068
32843
44918
36683
38137
31855
29707
33300
32180
37381
30316
32317
33083
24278
41252
44623
30366
35674
44432
31074
37558
38387
32636
27552
30126
36740
34633
35055
29346
33995
32066
29151
28561
28698
33170
43527
39993
37458
39199
29818
29463
31554
31825
39049
74658
73194
48197
40258
28827
35118
32628
46196
34116
37341
93256
28810
35712
31838
40120
37189
33203
31562
27047
48751
45238
38946
30557
38097
29060
27615
40307
30861
33362
31088
36263
25157
23535
67851
30409
35387
30505
31763
36488
30825
25786
21725
35573
28501
36134
40487
32394
30593
28043
25744
38828
33002
34009
40544
48756
32203
30703
38817
33947
34140
38407
30198
34991
27846
40999
23556
21348
25175
27231
35251
33181
28811
32403
33992
29359
33654
25307
29119
30350
26374
39110
38735
29917
32436
38142
36075
31039
25057
33557
36308
35274
30220
33221
32017
35197
39225
35135
30289
30401
42325
36774
32189
28184
31573
39848
37214
30118
36578
26230
42271
27866
28899
36592
32616
29715
30230
34793
39100
36803
28456
60118
61241
40575
47534
30826
29994
27440
30034
31449
25202
36375
26881
39492
53186
34081
28440
31546
25833
33392
43920
49176
34524
37791
40616
28815
29794
32479
36862
32973
38765
34112
31744
33862
29235
35644
34410
32312
30587
32987
34734
44802
28113
33208
31364
36336
27046
31301
41047
26254
43466
32849
38413
38104
36522
31710
25408
34086
42241
36722
29267
32468
29666
32196
27952
38610
30389
29010
30920
41606
40938
35299
30862
29440
32282
39453
30941
25711
25407
30263
35042
35951
30716
34049
28287
43773
45106
30640
38163
32110
35397
34785
30816
30354
22961
30123
23975
28395
27438
21250
29237
24153
40270
80728
37314
40562
66522
32106
38547
27284
26561
35961
36397
40516
21611
31658
29097
33225
28625
29577
97912
35036
22845
25765
27717
43566
37622
34941
26593
25982
37566
30795
30526
41649
36881
30782
36604
33802
40605
30913
31407
31247
39275
37467
25704
29453
32674
29045
29903
31424
28853
41575
27681
33647
39858
38530
32484
28665
38113
23806
59597
70025
22918
33634
27232
20096
24027
40895
32819
43261
33739
34867
35448
39154
32115
32533
37644
36286
37399
34842
29714
36512
39303
41156
28956
33057
30616
40585
27741
36639
27318
34048
36159
23617
34986
32034
24481
35538
44863
27812
49679
24146
28886
40375
33890
34653
29921
30334
29613
38507
39382
28342
31307
37442
29211
26720
32885
36320
26195
37266
29380
29460
33759
41609
31867
27674
38033
37906
27680
37160
44518
38746
34218
50221
63009
37677
37453
32761
44662
38916
34498
23755
32740
51752
39542
31161
28743
31853
36925
26576
45204
27887
29750
34342
31829
31496
32396
38570
38920
34168
25540
25764
28592
29109
30366
34678
32918
31969
34877
25687
23573
35424
26649
31695
38024
28569
33011
27718
30519
24989
33972
47150
36596
36234
28114
61134
25039
38633
25094
24283
31147
101571
33689
30320
82709
36505
32963
29102
24929
31164
31999
29218
35086
40513
27315
27101
32519
29548
30323
31912
40714
21966751
 Average Time : 34323 Minimum Time : 20096 Maximum Time : 101571 microseconds 
 Client 6 Average Get/Set Latency = 0.034323 seconds 
 Throughput = 29.135 opertions per second
