36242
58959
88058
70688
43361
63467
71662
53838
45599
69375
45281
68384
71893
29464
35762
115444
65470
38162
56357
48219
51235
66716
35850
63016
58234
49880
42152
49363
75459
36611
38613
47714
51482
58592
62142
56282
47850
61951
53130
47480
50696
53461
46776
66506
45083
52376
49900
53027
37383
54644
46481
66695
54464
46815
51352
44034
49230
36248
62342
58735
63376
66651
51795
54132
35927
58135
51197
46310
35570
36211
65262
68678
37237
44654
49560
45510
44617
69936
40106
67992
73757
65604
55253
34667
45571
52757
43411
49210
80985
59112
48049
72009
75394
43205
44359
37437
54371
51576
47244
53399
50526
54488
51473
55491
49664
57990
62597
49326
42094
56676
52803
48081
42315
81547
70381
44465
56640
51193
79167
80942
51251
37586
53129
54939
119968
87033
41338
70799
92892
54873
44629
98937
49880
47386
58274
46979
45789
44581
182789
262433
50365
66028
96314
56204
29212
57751
91703
70627
60169
64607
48752
45565
57571
63826
69426
59260
61444
50514
57978
52219
31992
62766
64415
59036
71602
55510
44220
53696
53405
47246
42588
32345
65395
49318
54617
46266
39113
49150
40702
52682
67660
55326
39593
49568
59334
42071
50526
59813
48049
48131
38183
43206
57134
45603
53237
56760
61098
45458
52073
47762
83157
68558
64079
49724
52573
57005
65231
47911
73210
54898
93567
45404
46273
52030
61109
55297
35638
71801
70089
47317
65251
45926
65341
42539
78952
49729
46627
51788
60343
51290
45406
49197
39898
40959
69888
56789
37421
56611
40008
47733
47322
36784
47179
48993
43143
54196
44431
26179
87742
39017
46710
44833
107076
74340
63243
37643
51678
57492
41095
36078
53831
63023
53219
60292
65927
51265
57972
61855
51276
53626
54792
53410
50360
59642
52895
52322
42885
46446
49554
45059
56113
46638
42833
66925
70981
45161
55810
54336
50564
53559
76358
54073
55709
58793
56936
42872
82383
46180
46068
60971
54105
43182
58386
59682
59715
46261
70443
47654
37680
55690
56024
49917
70068
60002
51014
39413
45635
53426
67206
58316
17863913
 Average Time : 55824 Minimum Time : 26179 Maximum Time : 262433 microseconds 
 Client 0 Average Get/Set Latency = 0.055824 seconds 
 Throughput = 17.9134 opertions per second
