52574
37103
43337
41231
38737
37120
43480
27412
34893
34387
32565
38333
38065
28734
34158
31910
32152
38782
34504
31308
30311
22529
30777
32261
48328
37297
31457
38211
29718
27355
36547
38425
32469
30674
27797
35751
109613
35239
31737
38141
30155
60671
26995
39907
29981
27032
42139
29472
35238
33487
32259
29347
38411
28733
26507
24473
48727
25764
31197
47364
64388
25616
25660
32099
38359
23790
28497
27489
29675
28780
29100
35184
45200
29215
27164
35132
33088
27696
46216
30971
36116
27020
28271
24961
42993
33554
29188
41105
29814
54883
47671
51988
52356
36314
28705
32422
29024
32013
36774
32885
38561
33724
32218
31411
27869
31463
32896
33045
28618
33356
36748
33955
43432
26826
32947
26528
28763
44354
36263
31529
27900
29150
25785
39615
36099
25117
40488
36159
37426
29887
29566
32634
225764
38557
40771
33383
40482
33439
32989
29844
32365
30862
37068
24493
33057
26977
35140
23134
32971
36128
29392
36216
34613
27326
29423
41942
30588
25297
32812
31387
37509
29115
34941
32965
28683
34842
34827
35024
41730
31010
33637
28479
32815
35300
29042
34327
31868
32255
34429
29654
28981
40251
40339
34981
33365
39991
29274
37304
28929
32544
27065
36779
32363
42334
29329
37580
37601
40057
39081
26682
70801
74626
47507
55813
42036
29470
24153
35916
36072
44526
33680
35822
29386
25914
32991
32029
36605
32930
38144
39112
31085
32738
38505
33896
26341
39696
35495
32279
37007
32673
30629
43243
117754
19150
26092
28434
26169
37561
37670
26538
32716
31195
32535
34544
29789
32141
23920
33667
34892
33452
32595
34268
33190
34131
26038
30310
26935
35822
54395
32250
32446
27863
36006
35160
29187
98479
25390
65656
38947
38726
37141
30204
37724
38482
26016
39845
40295
29397
45286
37144
27925
46219
36413
39366
32769
30912
32114
37540
36540
34396
27463
34912
41826
26690
39429
30670
31866
39302
31824
40915
31765
25530
34004
32730
42385
43119
37023
34266
24966
31596
26966
31270
36090
31457
26775
62657
66568
52502
45949
33547
36274
32702
24677
37051
26732
29422
32196
33455
38408
34615
34342
25655
40010
31350
32773
40258
26099
31830
31466
36938
27735
42869
32492
30978
30929
23970
37983
33577
30352
39750
35306
27781
31999
24848
32739
25396
34342
36982
31550
39432
46063
27103
30654
42456
29492
35415
35412
26027
31884
25592
30001
37457
34540
31757
37338
36413
28297
32381
34799
33240
36069
37103
38084
28537
27149
32124
26967
31611
32215
31512
34417
36447
75178
33412
36754
35730
37565
31434
37569
36013
32820
37648
37577
33521
33713
37230
32770
30451
24322
30594
25971
30869
22070
18662
25474
57992
58698
65245
42402
69017
38052
40286
27990
38238
42503
32338
31158
79643
34769
28855
22526
25258
21915
20065
20847
35630
26449
31651
29408
32480
32884
33072
30396
28190
38135
32989
38350
38375
43130
37260
29438
34612
38126
38989
33768
34278
38600
32130
28366
36544
31757
31739
26741
27737
37886
35961
28332
40001
35926
30299
35752
51982
33624
33910
25447
62098
118798
29538
23833
31453
49493
28449
29900
36646
42871
30565
26485
33904
32117
30420
34675
29112
39831
26850
42689
23321
32095
32301
38119
28409
42673
41739
42119
34231
24647
30541
34934
39652
32322
31429
30247
34666
29522
34168
38171
30764
29047
40839
29331
33593
38861
36503
38813
32767
28287
31739
31472
39859
29713
33946
31356
33369
39839
34732
30010
31727
41437
36093
42029
35164
31796
27971
41841
61161
52770
53492
31513
31026
22647
30415
40766
40319
35856
35965
33207
40334
35338
29489
29155
29937
32338
34356
25883
37329
40642
31069
27638
31061
31982
40388
37895
32284
32325
34905
30772
31210
26657
31589
36395
50917
34599
32365
29169
25887
48086
29270
36744
39244
29503
25270
44146
35558
26738
32363
27133
27365
97944
97257
86199
29108
49781
32391
34251
34967
28444
31367
29167
29924
38899
35170
24650
26438
32628
39563
30106
32460
46439
31054
41916
23884
30729
32985
24041
26301
35306
35877
60356
53870
42189
32153
61306
91654
24919
25016
20645
21189
17983
27165
23059
22629
22748696
 Average Time : 35544 Minimum Time : 17983 Maximum Time : 225764 microseconds 
 Client 2 Average Get/Set Latency = 0.035544 seconds 
 Throughput = 28.1341 opertions per second
