53822
112901
77907
48696
64773
67973
41965
61710
64642
83816
141337
45238
88046
41810
50118
53693
67206
48171
63106
41583
54226
52393
44576
39121
37718
56335
92785
47436
57787
37987
72492
47713
54910
77008
50729
42930
35409
46251
43577
39976
55268
57730
57549
51108
44181
51636
73164
49316
55132
68970
46318
58581
52294
38335
38445
71164
55694
67253
59042
59668
48802
58676
32869
47637
70048
37134
56007
48681
46471
48429
61317
76409
49089
44075
47847
123243
71091
52992
56577
60592
44766
66206
40348
51541
48991
58399
49792
54383
50300
45819
99722
44371
75376
40544
59603
85419
62769
61929
43644
57178
47755
48063
66436
48858
43373
30919
57056
41888
43951
58895
47682
58272
49380
56625
57391
47280
69350
54760
43763
85119
48259
68782
51882
54213
57140
59169
47443
77004
43341
48805
61985
75688
48306
65833
179531
236363
40477
63643
67990
39594
29691
57347
57367
73064
57198
62588
65245
51747
61166
34837
80059
60940
48978
68378
50451
72235
60222
64270
44176
60229
59495
53710
69242
45511
54987
49438
63029
40950
84006
42952
51671
52580
61617
54625
42580
54432
71700
52709
69016
56548
56827
48927
40731
74294
36411
74964
58991
56062
48882
62426
59892
52246
80617
98971
31210
47384
59237
32999
57621
35278
57322
50299
46081
72265
53957
53641
44504
56845
52877
44835
58536
35468
54979
38118
52593
63469
47421
47620
67439
34886
51686
45059
52111
60566
64531
40503
55875
64483
88108
42110
59927
36229
37863
54970
57196
53491
50273
46253
61606
72925
39256
35389
35484
19890
68660
37542
38087
43509
50858
103401
39437
68026
73304
49462
58823
53092
61419
44855
57175
49100
57400
42860
45613
50999
42674
66420
51457
53259
54843
60912
49411
45463
50647
50622
50677
49068
49762
68634
43017
54651
46788
57988
56899
56338
47159
74505
50463
39220
54045
59857
56499
41824
72741
57869
41922
65860
47624
66363
42203
43647
57759
64747
54408
45929
52939
58563
53464
61913
57402
62999
48254
53046
55293
58887
61761
60257
64804
59018
42914
45887
18031162
 Average Time : 56347 Minimum Time : 19890 Maximum Time : 236363 microseconds 
 Client 28 Average Get/Set Latency = 0.056347 seconds 
 Throughput = 17.7472 opertions per second
