41267
34097
51255
44966
35726
39229
43027
34494
28796
27562
35228
35189
49304
38275
31490
35033
36231
40330
33027
32382
31246
33945
34458
32826
28550
37993
26825
27375
28739
38264
33955
26529
38312
36505
28607
33966
28413
25760
32337
23330
80106
29126
63701
46989
38732
33174
29081
34506
31886
31517
41890
33794
28013
27036
32429
26103
26736
24838
25784
79887
31586
30390
26228
26312
32742
27759
40964
38090
29985
34409
36992
38590
29631
38334
35197
33107
27735
36634
31263
40808
35063
32735
24037
33365
29413
28216
34592
31142
41737
61869
46136
41529
35024
32446
30439
33701
28225
33257
29159
35057
33664
27943
39643
30775
29047
31922
32979
39652
27371
31538
35996
33545
29000
28918
28125
35620
32117
29371
33390
32626
33697
39981
38194
33688
27695
25877
27068
35246
35417
30616
33581
33602
29294
30173
23073
21594
25693
158614
40100
43323
36702
32289
28719
28604
30780
57574
36076
37650
38461
34852
28915
26405
35378
29833
42085
33123
26080
28439
33382
30778
45348
26994
41473
37464
25207
30977
30007
36593
30769
28987
26124
35768
31087
28516
27812
38098
28909
36398
40835
32808
45179
30682
25935
29610
36303
28989
27916
42703
31721
39467
28765
44778
37181
34451
25559
32247
23860
30421
31557
31259
36920
28390
30158
42619
37254
65439
63861
38827
25370
35827
45722
39395
43341
24151
31064
39634
31726
34536
25580
28728
28678
30833
32388
34231
30630
37918
28511
32937
29650
29421
44680
45611
41447
38656
28181
39389
28269
32283
36731
29955
70266
26185
29029
44544
44752
38910
44845
41618
26334
36487
31721
38368
38042
31686
31670
35358
33788
36542
29259
28698
33866
34448
33660
32472
31673
33452
37056
38682
29562
110925
29247
31108
33812
28250
30982
23023
28234
32333
43511
26866
35636
31041
31520
25527
34552
35038
30739
29846
36865
30944
35496
31411
24698
36214
34119
42462
39341
31344
37795
34323
34268
29656
45794
34309
32869
47888
43320
31875
29645
32364
38777
34623
27545
37752
27211
42275
41402
39221
29587
31538
36544
34347
44645
39008
32252
51997
47012
26802
33307
77248
35732
38296
37683
31512
39859
35736
33100
42780
37556
32953
30674
32710
35942
33054
45548
36201
41137
33638
34400
37715
28734
27516
28838
39418
32775
33941
29618
32721
39784
34323
24737
29930
39535
32538
28946
28877
33792
28123
37155
31358
38178
31309
28808
32054
39130
31508
34822
33543
24908
41304
38820
31380
38157
36814
36553
32077
35971
33691
27149
31157
40084
26089
26122
31514
35801
27556
31684
29964
28095
36446
37911
34503
31448
30316
30184
30214
30243
29801
33956
31359
34247
29022
31300
34272
35780
24233
28928
20713
27588
109805
47447
79624
35055
51336
62259
43800
33077
38012
26970
41002
30619
38190
32871
19886
28538
42742
35013
93306
40245
38148
35316
40533
37097
29360
28797
31623
38256
32828
36674
32071
31589
27312
33535
40300
30130
37533
34297
26076
35913
31662
42819
36726
50588
27359
23073
32049
29306
39874
33098
35181
30511
35054
42663
28259
29925
27839
26640
59710
24674
27698
120875
36131
28450
38041
38902
30817
34370
33969
31917
38618
35692
34021
31082
28559
38089
26498
29209
30290
32999
32960
28821
28794
30302
32630
31216
36884
43510
39177
34811
27497
36066
43554
30215
35271
38362
30149
29655
33419
29206
46251
35856
29691
33112
31167
34603
30502
33536
32111
32973
34456
30225
32256
38321
35971
34359
33333
37263
37271
37315
28298
33253
34971
31493
25520
35252
27284
40357
68302
39899
34882
30487
30535
27100
43203
24344
33558
40374
28601
35160
30360
34736
24441
26331
41323
41289
28189
30870
65938
32396
27922
40327
32839
33359
42721
34594
35703
37158
29423
28629
35584
28660
32174
28920
39356
19961
26341
38228
33530
28918
28009
37997
34958
35668
24229
33343
37992
44183
31018
35241
31409
35279
25748
26504
24812
103162
28728
68124
29294
47807
23384
30609
28715
27226
43535
22511
31744
38514
32789
28464
25912
34097
34917
35430
34484
32691
41899
33624
26189
29156
24346
31806
25100
36749
32000
24266
68820
59273
40146
70130
30016
22497140
 Average Time : 35151 Minimum Time : 19886 Maximum Time : 158614 microseconds 
 Client 11 Average Get/Set Latency = 0.035151 seconds 
 Throughput = 28.4487 opertions per second
