97518
90540
60266
62612
72177
64785
49799
53318
45615
62637
63060
57247
53734
105216
44486
45616
59328
63458
56715
40890
69442
49028
41427
42907
46433
65388
79523
43042
64097
46950
57572
70657
60964
51261
41289
41885
50266
32992
46925
46607
46070
40951
37712
35411
50607
44746
53560
59033
77108
61095
43138
63367
77685
74292
62534
51208
74387
37493
59421
47107
65486
48154
65711
47150
57260
51458
68151
50049
38377
43451
51097
62436
56266
49639
54226
96466
60160
68674
46398
55678
55944
72825
52491
57379
50149
45266
44036
45059
46251
54173
55547
42564
46372
47815
80878
65591
43745
67471
43231
65261
60834
47852
34808
67576
51362
52490
65226
36302
78041
34711
70447
58954
66758
72334
54556
48889
46172
52310
55372
50414
81216
58538
57468
50537
44165
40769
126609
59352
87123
60359
49522
39870
41115
100909
44971
265827
120473
64319
66758
50689
111796
93116
62192
51663
32089
54064
46511
50541
51883
53064
83495
74602
57800
50614
52580
38304
40181
49276
70016
53533
45428
55362
51800
49679
52428
53926
59011
73028
46538
54237
67209
50932
53483
64440
50620
60200
73265
55775
64444
74323
40451
64220
60503
43444
47968
55669
71779
46547
50018
57030
84461
34634
73807
48521
43244
54755
43583
42684
40952
41268
49340
38305
87564
39116
55161
69674
47048
51078
33612
46377
52699
43860
41564
37575
48573
69519
50308
64307
77131
63305
53253
39835
66978
55407
57187
74348
65518
63080
44404
53237
51713
56823
58449
46379
45753
52681
63492
49092
66728
49978
40309
28456
21857
34118
42272
105310
46241
95044
59327
69109
51400
65838
50366
57651
37589
91816
52844
48260
65355
86541
61007
67111
55929
48658
58986
54509
60244
44177
63171
55415
72189
58246
51234
57477
74945
56744
47272
48810
83784
59497
39883
82120
49910
40857
37562
71911
53063
49993
82638
53696
40894
53067
65467
44189
51791
66644
47552
39444
45513
56357
50546
41503
48094
55137
44040
43239
69239
56860
42150
56760
43512
40435
69344
45291
61419
60414
60781
35124
33122
30607
18177642
 Average Time : 56805 Minimum Time : 21857 Maximum Time : 265827 microseconds 
 Client 23 Average Get/Set Latency = 0.056805 seconds 
 Throughput = 17.6041 opertions per second
