39604
51805
114895
66172
80513
92749
65044
70211
58026
70572
47401
126104
31043
51944
49035
50382
31736
66963
45769
34985
55544
46680
51798
42755
39172
33552
41551
47861
51688
50246
48213
52753
40585
61252
64271
64988
49094
51227
50841
44216
31341
33791
44036
57005
43446
48317
64313
50294
60508
74105
70869
48792
47926
51345
52167
70452
47194
45745
41316
45135
53666
36357
74753
57104
34025
65082
52659
50017
59125
85178
64602
38455
57896
62285
46903
47804
39290
52058
125636
51164
57575
47287
42477
66143
63328
50945
66918
59821
59895
84817
59613
41682
54587
66794
49731
42405
48498
38668
63394
46110
65610
50823
38929
59056
89924
68038
61022
71440
67249
53639
34246
34484
62112
57761
38663
49541
57656
48214
47076
81638
42509
101343
55910
48327
60561
65482
50166
51860
89446
97695
53475
59013
51263
49643
111845
396760
41319
50014
70851
53835
70532
50342
69253
43704
64748
69717
57553
42533
51815
71859
53345
50791
48121
51283
72396
43586
73195
79302
51831
66472
47616
33858
37794
49875
38378
64684
55135
59027
45111
70807
68457
42946
53110
74438
70959
40775
73365
47354
55630
44873
49646
62799
39006
45357
35941
46264
54073
55696
53767
42944
63998
67771
63196
94706
82075
48627
46575
67740
60523
55938
50708
64571
42791
45119
50562
48120
76691
43032
52889
56359
60691
48938
48792
61822
59737
45647
52619
51903
47820
39046
60429
46062
57609
54471
39161
74731
66300
48486
57357
57804
55513
46753
44284
43960
50784
62249
42620
46090
61782
48505
34050
32405
27812
23770
77758
39649
41343
44110
94143
52754
34332
57476
40746
47690
57765
39338
42424
49349
51700
55706
73971
66013
47403
46983
55453
42501
58614
45193
81171
41079
49525
66950
42254
51697
90674
56443
63666
33750
44088
50327
52368
63203
47038
73056
66024
65639
55870
46961
46395
56300
44647
52183
68325
46559
50080
71229
63474
57498
69179
51763
72953
37066
54047
46976
62650
57712
56725
34857
59685
54024
53250
60533
59141
35719
41659
37226
45269
55908
61206
59129
18016142
 Average Time : 56300 Minimum Time : 23770 Maximum Time : 396760 microseconds 
 Client 22 Average Get/Set Latency = 0.0563 seconds 
 Throughput = 17.762 opertions per second
