50667
33373
51525
30372
33662
40877
41188
32381
39102
30191
35392
31030
36477
29965
27623
30629
33532
38403
32459
29565
31096
38979
26271
30839
40218
28697
31040
42690
35396
32578
32015
38872
36738
38249
51303
29129
40888
26657
30103
29150
33594
27004
25564
33855
72111
44802
38285
35536
27018
31898
30138
31313
36484
26203
32076
27728
32390
32030
92770
30475
84036
48278
30868
31824
29439
25071
33459
32266
32476
35284
29081
23411
29373
30456
24806
37286
39454
34845
22967
37795
40558
33716
27921
28286
33980
27663
34429
30903
26237
55911
41605
54836
38554
26322
39137
36814
29944
39897
31222
38149
38225
34708
35982
31184
34532
52779
32836
32362
30054
29548
33955
35132
34343
26017
34521
31458
48643
38399
34388
26830
36314
34814
36371
29738
42610
45347
35342
31584
27258
31670
21248
28146
28587
22619
23897
21822
23959
23570
27106
34519
26276
36149
45021
45043
35880
30470
37670
42662
41835
34048
38454
27235
22473
31777
35661
33482
35172
31574
42327
35632
29483
31038
34209
25229
34387
36123
40689
29782
30335
36426
29070
32868
39141
37913
40660
31796
37096
28970
36829
36197
31154
35102
31178
28382
27170
33902
42996
35929
26977
25206
41279
33421
35434
28877
40438
31732
36766
35662
27893
36048
29772
30525
45092
32130
31767
65177
63000
42773
18358
55716
39311
26681
41512
27109
30071
45079
31115
39493
29265
29351
33442
33389
35535
35331
33244
37673
40416
36176
32236
46299
31573
27926
31997
32242
27803
38312
31984
29034
36459
100775
22987
26301
39125
27056
34161
34933
34512
28714
30346
32326
35068
29407
29289
36918
27859
40576
25813
39009
45184
38782
35920
27635
45620
32884
31557
34462
35745
39152
148203
108883
43567
36879
30384
33501
32666
42923
27697
37917
30436
32398
42156
34393
35758
36398
38811
33955
36258
32467
39086
36059
38534
36294
35190
35623
26387
32608
38893
29612
31782
37766
36464
29495
39055
26363
35155
35524
33984
33229
26899
36373
35211
36501
27674
33138
30892
41822
33807
28009
35260
64450
54232
38784
29601
36726
33039
27535
34872
27666
31309
26392
28266
32655
32968
31887
29364
34044
29803
34814
35130
37157
28505
38381
28426
34551
30895
41187
31522
40410
38307
35224
37055
34435
31350
42207
27541
34290
24043
33923
39942
30460
30019
35119
30848
27645
35432
28386
29499
29940
33983
27516
34105
36061
28022
34227
31624
34536
34195
32811
26898
30874
30193
30618
39735
28978
26619
27213
36327
42846
29525
40216
26841
33810
35211
39246
28190
25085
37258
36325
33070
25881
29010
39393
34417
36872
27147
29844
36687
28046
25074
28121
28151
37618
38244
29960
33882
23153
27576
25412
28812
27152
23290
62600
105819
49026
52777
29325
37868
34107
27712
49647
34654
32491
31401
29105
22615
30955
33257
137090
43567
33311
28980
33707
38981
27739
35530
43349
25721
30477
39086
36577
31901
30785
40577
23065
34919
34089
30711
32807
30989
43419
33327
28975
35173
38241
29794
30348
27345
26369
26460
28099
32717
49006
36257
40974
23748
32307
34183
36729
29638
53985
121224
43251
30004
48999
32201
23926
28428
40788
32844
35747
31275
28481
28548
29886
25590
32180
36978
32972
30080
25966
36622
27206
37981
29423
25753
26729
34251
37050
30326
25952
39141
30589
29014
33585
38557
35323
40897
37912
34811
31232
32007
29074
26190
30340
33622
35602
29431
45037
40122
47108
36852
37581
33681
36404
29746
35439
32654
38626
26417
40273
28395
32380
35712
33640
32440
39696
38643
39064
54434
37498
58389
42515
34788
40563
34997
38089
25626
27324
53152
38289
32054
27670
26912
37972
34108
30714
25880
32618
29258
28336
46668
27986
34674
29462
29786
28319
32893
29821
36458
29270
30573
26448
28949
23386
57216
23588
35348
36993
32533
33807
40948
32720
38567
34734
27681
32311
24924
30006
28410
28907
33919
36790
76062
27779
22694
30648
23698
25872
28682
35431
66120
27408
26446
28819
31255
31210
32058
45150
29070
32175
23453
28623
29816
31771
40159
30269
34917
28798
28191
39649
32198
38718
30926
24391
36071
24272
29406
73800
50791
37111
22386655
 Average Time : 34979 Minimum Time : 18358 Maximum Time : 148203 microseconds 
 Client 12 Average Get/Set Latency = 0.034979 seconds 
 Throughput = 28.5886 opertions per second
