46279
51266
99030
63189
66382
60850
57094
67689
76235
64353
60375
40621
49881
54807
117336
68760
56626
52062
61031
48392
46481
50614
55026
74276
54160
58329
43389
61658
59216
53410
55243
53157
34769
64388
78984
51627
57864
119458
48748
72784
64734
43787
64775
53533
60082
53380
62533
48717
53635
43852
54161
77309
40791
58272
54154
55114
66745
67583
44961
54605
63047
60094
64129
71507
72220
52535
56861
54699
33952
52585
56712
46776
97641
64944
56927
42057
47331
74285
56373
57464
46372
66039
61898
49310
39676
66544
46433
111467
48053
44363
60689
45037
62760
34499
62291
49360
59573
56261
50043
69780
44998
46204
55242
45918
53740
43388
53857
49669
76838
60421
42570
52683
59741
55027
57287
118634
65413
58141
60890
63671
129007
56657
49105
31946
53690
51484
253694
49439
150948
148161
50516
89328
58998
54350
50058
45163
51584
80206
61432
63156
66137
86544
71534
67231
44616
36889
45045
55615
49631
68869
64361
38504
66861
52280
75069
54941
44403
35788
61609
64051
47251
54222
61483
44962
63523
57339
48535
57701
64812
62367
59565
55402
61602
49892
54833
64702
67757
67632
60939
47100
52348
60838
71797
75012
33774
62177
81445
49691
31891
60321
50216
48860
39906
60786
90944
82675
38714
60412
45730
81133
53449
53386
44972
38710
65309
64107
46500
49096
58244
63447
45262
47423
73359
62859
57420
40126
58023
49934
65490
60020
54173
58988
57281
40493
71237
58029
67235
43257
41364
66722
45837
98849
24680
109137
50520
80067
43556
63739
73602
70982
56955
49752
65033
51070
65339
49243
49927
43559
57193
53143
56983
46016
36352
42979
47901
47209
39396
49235
48106
45353
44832
62002
41143
42535
53253
46576
37845
58967
49665
75156
61615
54354
54419
55125
37837
49119
58534
52894
58998
66891
64141
66357
43404
53732
61816
49040
59568
34416
44280
61651
44001
45015
39941
41330
53553
50994
51754
56109
59873
66860
52119
60405
41472
56018
47581
60991
46794
64363
72704
53230
35334
33160
31650
23503
33066
20775
25779
23516
26370
22338
18373061
 Average Time : 57415 Minimum Time : 20775 Maximum Time : 253694 microseconds 
 Client 2 Average Get/Set Latency = 0.057415 seconds 
 Throughput = 17.4171 opertions per second
