41560
76504
88467
69756
50828
74549
56317
63299
64086
58522
45452
58653
138071
76353
38351
52796
68162
48313
54088
60998
39654
46080
65679
66728
57606
59078
48241
61381
67267
63876
58897
61049
45933
60884
60381
47391
50219
50692
33504
41405
74473
51570
57816
43833
67056
52421
47191
56016
55949
50301
50383
51049
70183
43519
53712
73133
63365
43544
50453
38493
44214
54230
69379
64583
72516
52175
32567
64374
55276
49751
70405
91801
46700
70982
58625
92858
25346
63144
56742
50992
83486
30742
48002
53975
62578
49291
57221
48228
48088
45768
39663
59419
68092
53995
47495
49772
37631
55909
54317
55286
54870
42552
45182
56962
62343
50791
39750
52268
49531
60514
49785
63138
52654
49456
50980
50939
54810
60147
46207
130521
92841
68065
50111
54825
69035
44153
64424
56175
50387
66541
74246
54908
89914
40005
32439
224486
91567
39602
174827
65927
51377
55282
50835
35609
67568
49174
44089
53021
63550
51936
64318
56871
45882
48189
61389
48576
51336
52539
51659
49637
59987
53781
51774
38472
48063
67803
43827
56734
73841
39684
58842
51112
53919
56737
55779
83280
60598
41628
34374
64528
76585
58595
80887
48421
60257
69020
61600
36567
58580
66415
94540
94183
66620
33168
63639
33591
64260
47662
54139
50729
37210
60874
46690
54574
61764
63729
60611
51408
54510
49723
60316
55698
53862
74571
54663
41115
45856
59737
42892
54347
39505
47520
57624
49828
46681
61362
47318
41921
70790
48188
32439
69785
44729
60483
44591
58110
50731
86067
41268
127167
62454
41115
48600
65584
64299
78060
73613
58638
40481
54117
50427
54600
36367
57565
54675
49750
39576
65421
45646
85668
57807
52549
59806
49538
47825
63688
60709
51628
45101
75068
72749
38058
89858
34989
47010
50608
66915
51306
56764
44702
49256
65859
53048
36097
48984
65147
49722
66704
50029
40179
69395
41311
57324
74414
55787
63905
42361
61181
59393
53858
62141
52598
41756
44815
49129
55214
69614
48811
49056
51060
76607
41697
67263
87468
40049
27124
42404
52815
31505
27539
18272294
 Average Time : 57100 Minimum Time : 25346 Maximum Time : 224486 microseconds 
 Client 15 Average Get/Set Latency = 0.0571 seconds 
 Throughput = 17.5131 opertions per second
