118378
103965
93569
108566
117830
87072
108844
95874
113768
112942
96386
95474
104848
91595
119616
97024
115956
88849
112806
108081
119532
106155
102886
93272
105756
100462
96301
131078
93138
132684
104027
105065
100649
110965
98538
128657
99857
112385
101164
119021
106065
124857
114140
96216
105901
86493
96623
109236
95018
103240
83241
116931
109999
121052
128288
91233
122259
119512
102787
104582
125078
76557
108939
101994
86905
105331
121462
71765
98840
96157
94116
98658
102766
107493
112568
105216
105902
110802
98589
87268
90233
130162
122872
122936
108516
108802
95108
86622
90188
95207
92178
112488
110286
101096
115626
80494
102326
106229
114754
105912
110828
80721
100929
120470
74475
115654
99582
86499
135552
98026
111732
95872
86518
89931
114062
137637
104399
101750
87496
102371
111576
97777
91666
101345
104624
109515
95700
92011
112081
92049
93848
96776
103233
113944
93955
100427
108327
122823
117766
104645
97084
109551
108597
94156
128893
100892
109802
97201
97701
120466
132645
93887
93124
123843
97669
102446
97638
117260
106330
103126
115152
88378
120015
108299
104546
114287
120013
112365
92942
107562
96018
89330
95704
132330
121723
100589
130493
86815
100222
110277
104396
134919
128179
107475
127338
120184
138699
104486
111732
105556
108245
112423
97947
94435
119191
111509
77747
99248
81466
146670
110344
107085
105099
104108
93246
103011
108378
103812
133926
86742
87910
109227
110614
95492
117680
109207
115598
112079
117041
107919
98519
103710
114046
93476
110597
78441
134293
88585
120101
97594
97735
108329
114117
77059
86572
109963
105011
79704
116731
92064
108677
120395
100829
128566
109451
112276
113487
116000
81680
116028
112658
95822
108465
110768
92441
105871
91602
85869
88399
87603
93477
123167
104014
76903
129328
101888
110160
83826
108935
102269
106420
102882
114915
86187
80081
99192
114151
103137
101131
102922
108507
129426
132999
102903
108629
100802
109030
131317
115368
100509
98575
83416
130250
98887
90868
97104
91356
88873
97272
81597
86763
97246
111242
123258
110833
103089
102945
120555
99444
123666
87269
83671
129923
84173
90952
107900
112260
102044
120147
118943
33640005
