64417
44003
50291
49748
57808
44957
44721
48562
48001
45027
44587
51945
50860
50510
53370
46609
54635
52805
50864
42658
53697
64127
57270
48559
47892
60297
48125
47763
51752
53606
50952
48939
48198
48942
48106
47863
56313
45723
45953
45044
53024
50204
47028
54724
47304
44133
51296
48181
59765
44435
43884
52429
42015
47517
50324
46788
48803
49036
49102
53969
48063
48796
46730
51455
48579
53597
52166
45863
55489
61082
50097
49712
49356
48529
44094
53711
53524
47641
50563
48790
47190
46621
48412
45289
54199
46222
48287
48914
42739
48612
48927
43170
49927
43496
48570
41336
49567
52467
44313
49800
56536
55598
46202
47740
54031
57631
51588
49421
50358
50143
47833
59792
49803
56205
46850
52843
57412
46252
45434
51719
44801
46951
53354
55812
52423
52543
55453
51057
47199
46576
53588
46880
55672
53177
51297
58822
54144
51573
49216
49842
48828
43183
48601
53462
50395
51900
50996
53263
48037
52959
49505
44193
46127
59534
40952
45607
47553
47604
47209
49570
44709
58250
47930
52958
49190
47886
57820
60301
49512
47657
50881
49627
55248
49112
44403
55942
53097
46600
51533
48068
56439
51281
57611
50221
49862
47974
45022
50303
51021
52161
56160
51904
53279
57966
48496
55740
49685
57974
49857
53312
47800
46722
48803
50493
50789
43885
54480
57860
47913
52747
49022
45610
48383
51503
50012
52408
47880
50467
45873
46359
51061
45384
57011
48080
52389
52716
45229
51023
51332
51487
51365
49417
56757
52680
46713
57510
53845
53504
42285
47999
60531
50487
54654
44400
49125
48812
53646
43683
50584
52440
49768
47492
57200
50804
45727
49448
48825
43659
56094
52447
45889
46086
49759
49092
50841
55931
44485
48903
62133
42931
54240
48831
46578
53934
50466
41801
48754
53407
50683
44097
54117
51550
50679
53818
54004
46082
52601
47452
55636
57967
49485
52571
52053
47203
51079
57181
50268
47646
56489
49018
60182
47817
49789
49785
45353
44845
46615
47155
48414
48830
43794
51214
51125
47941
52566
48612
52195
46346
52142
52981
45711
45412
51756
53060
47931
48802
50100
52168
52346
50773
63383
52534
43951
54966
47440
45503
58167
56050
62123
54916
57028
48588
50127
47315
46679
51320
45700
45477
48256
45962
51619
47065
46719
49829
48778
42787
51492
49438
54463
53780
48340
46682
48356
55747
55871
56658
49045
48104
49659
50871
50772
51383
48147
51106
53251
50957
48612
47280
50161
48891
54773
49832
48648
49148
53100
50649
54259
53789
58944
46192
47287
47199
43518
52861
49639
46783
43801
50939
58330
52734
50078
47025
49647
54984
43960
50677
51067
56413
56564
50443
54656
48292
48394
51864
52318
46476
51614
63672
58715
50114
46751
49544
52641
54642
48920
52639
51737
65031
61199
52989
49892
47808
50904
47706
55399
44926
55382
60698
50303
47153
48718
47323
45415
43085
55652
51305
52268
53319
51031
54475
54019
47851
46822
53996
57330
54103
45463
54411
55118
51884
61828
63262
50642
51963
47187
48054
49887
47926
48532
55070
54969
50831
51740
49971
46423
52345
54367
53036
52278
45778
56817
57417
48976
50474
52612
47946
47713
49144
42047
48163
48017
44432
48381
53903
49099
46958
49210
55288
53430
48435
47548
50709
44408
48524
46577
48966
55126
49501
52588
55094
48646
47787
48103
50642
51111
52504
52094
51223
51104
46413
58468
50231
54386
45676
45199
47806
48704
46061
53630
53222
59452
49814
57738
53218
55043
48133
47850
49555
47603
51635
45386
48682
45765
44692
48435
47129
47433
47955
47999
50138
47494
50086
52257
52246
45717
45892
47615
48817
51001
45281
54299
50684
58243
49968
49516
50392
50826
60119
49469
47930
63688
47660
52124
53020
44656
52027
56742
45477
51976
44889
59063
48739
51421
49097
47999
45387
57225
57722
46522
43265
53195
43812
53785
52566
54404
52387
57318
51637
49294
48597
53238
54783
48578
47344
50514
50268
44408
54352
63513
51801
47840
51138
47971
45034
45842
56009
47511
49582
45485
50290
46929
52433
51326
56605
49236
62576
52030
47565
47988
53971
48612
47724
57656
48352
50564
46009
43729
47015
54429
43327
48125
44111
47460
47945
48355
45678
46370
46185
44719
55116
53115
62352
49018
45871
58279
47201
40962
47362
53665
49676
45702
49028
50389
46453
44492
48520
54609
46906
53887
47330
52053
46835
47254
50880
54327
50833
55565
55530
46666
44055
50363
45300
48447
54096
48129
58459
45058
50558
45652
45236
50764
49362
49726
54487
44404
49906
51899
50020
55806
48221
56505
49967
52300
55435
46103
46936
51812
63816
45628
51274
46447
47602
46776
47014
42271
49246
52565
47606
46879
50302
52247
56030
52992
44700
48119
46613
51531
50647
48237
55048
48395
50751
53304
51130
45221
55401
50162
47359
49437
51027
53874
44022
50492
53084
57188
48765
45861
49575
56415
47738
51291
41861
52668
44426
48022
48183
54106
53480
48651
57884
49804
47836
53953
42363
56674
48630
48026
52259
48100
51193
57113
44889
45194
51305
48388
54704
50466
51632
46202
44169
46299
51342
58140
60046
55007
55841
55341
49775
48121
49678
53790
51090
47676
52118
51046
48193
53408
50958
49739
48010
51544
51984
53547
55436
47209
44624
49144
49750
52135
56636
43402
50709
49648
50155
52281
52146
50456
45622
50675
53573
48160
48195
50174
54522
54810
44366
55143
47314
50412
53174
50277
44818
53807
48071
49008
45139
51722
53617
48228
47702
51807
47389
49661
48822
48004
50751
46963
48418
48552
49872
43607
51136
47206
48172
48552
42653
56033
51727
46350
53814
44151
53190
40935
50889
46119
52011
47326
59904
54617
54799
41729
46107
51112
48696
49917
46633
48507
56240
56093
47122
41926
50484
50832
44255
44124
55856
46679
50772
60467
51116
44607
51879
48251
53736
44548
58411
51769
56693
53834
46114
51479
54381
48124
46647
50186
46238
51568
49281
43377
51573
46868
53461
50434
50471
54836
50359
44267
48872
46472
51077
53790
49295
45740
54950
53255
47788
50967
54811
53730
44506
46787
48359
51363
59445
48859
46802
52790
64511
52687
47841
52294
49760
48993
58051
42563
49180
55481
43823
51956
46322
52160
55533
47923
52522
48048
47098
54689
46135
47363
57411
56768
49650
45779
47714
48124
44796
48692
53135
52052
45562
46428
51681
47536
47366
55798
45575
54150
50545
60964
55791
52326
47416
49285
57148
57319
52050
46575
47673
45797
49939
52679
58176
50550
53131
51882
51568
44079
49044
58208
49919
54835
55123
44025
51344
51688
47001
52929
44985
53240
51419
51128
55744
54684
51784
50876
49756
54426
48989
50786
50059
54954
48285
55482
51375
44432
47381
47340
49188
44186
47232
53651
48099
44452
46393
45495
50817
47552
50694
60155
50130
53232
51886
44112
54670
47145
51553
50138
54202
54521
44539
55077
52726
53525
54988
50811
44268
44749
49171
60041
49923
58846
56608
51235
55516
64483
49876
51420
52219
49283
43534
54282
50896
47947
50295
53586
55531
56696
58029
47874
55569
46537
46660
45622
50818
51895
49959
46155
58295
49688
44557
49075
55520
57540
51242
48246
53306
49493
54754
54603
44684
52525
55707
46112
50658
49878
61717
45035
51161
47529
45513
48165
50715
54135
52863
63813
48832
62735
52205
46401
44375
47501
48004
47011
49708
56411
54678
44025
47853
44717
51787
54685
56549
49359
40060
49902
49265
43132
44735
55092
48991
51889
47945
47478
49356
64921
57257
49583
56628
51245
47020
48684
45336
52138
49484
51909
52146
44109
47338
46512
50254
48561
44768
45298
44911
51273
53275
55714
54805
49285
47249
49216
48523
46192
50339
49440
47461
51885
47500
50056
53265
53109
49279
49050
55455
46551
48004
52498
50064
55309
47061
56536
48118
49437
58141
45322
47438
59816
45398
47584
51733
50394
51009
44248
49765
50802
53778
50523
57987
50391
49369
50626
44901
53473
50978
46838
45805
53339
52364
43686
49160
53308
63357
44071
45907
52643
55269
54782
49602
52643
47449
46127
46965
52295
49674
43784
53130
46278
48107
44793
47410
52830
48119
52326
48948
49432
46142
52028
52573
51722
51603
57557
48582
51782
46094
46887
58624
52719
51476
56220
45098
52946
60853
52673
49975
53328
40938
45839
53603
54638
58948
51428
62270
42163
54337
55969
42713
46449
52185
47213
50924
64573742
