74406
58470
59924
64314
61428
63963
60201
63239
64598
58710
60674
61472
61985
58151
62760
56176
58598
59135
66161
61752
62891
60343
51462
69990
61402
62626
69383
54828
65047
56292
66664
62672
67013
55689
62021
57370
53593
55686
59678
62012
59494
55032
59245
56965
71156
63981
61071
62556
55959
71296
59164
61743
63344
60255
60449
61620
63680
61124
66019
65352
55192
62817
59701
55393
56812
57840
66365
60637
57192
63673
58402
63115
59210
61605
59437
60419
60232
62152
60751
57750
61153
59523
64741
56608
61116
56485
60068
57116
65149
55283
54775
64537
59202
61061
61486
61647
64710
65348
56777
63013
60007
72802
62102
62747
61527
58548
58800
63624
61126
65202
63873
56041
61444
62310
65712
63831
56578
64105
60619
62826
58909
63124
60671
58869
61499
56265
65820
62986
59574
62444
60825
63071
61377
66601
54845
66412
58896
64796
62397
62524
63482
63070
53845
63397
64254
62231
54176
62773
63578
66626
66602
62085
57600
65654
61443
60622
55739
59931
60045
64957
57870
67713
64250
69334
57579
61454
64951
60085
59970
66525
62187
60859
62302
58131
66441
57765
59817
59652
58331
59174
64666
62338
62580
58408
51529
66029
60445
57872
58927
60101
58829
65475
58204
69446
52676
58893
62875
63935
62601
61712
64447
55360
58787
60378
63029
60372
57094
61278
59045
63277
63488
64991
63209
64967
59080
59428
62739
54815
60917
55091
64402
64087
65309
67585
54841
67009
60956
58947
60983
65970
67443
57050
63579
66276
63943
65258
64976
56129
66418
58294
62068
55052
61872
64103
58139
60401
57317
65675
57851
68504
68240
63524
62152
61758
70466
57058
63418
65066
52417
56783
64027
59348
59752
66708
60358
61810
56676
56644
64747
64899
58835
60920
55174
66785
57088
64883
58890
65419
61383
57160
62007
51531
64427
62778
56841
60818
54216
61987
59581
56752
59156
58066
60752
59069
68350
60047
58957
57120
60822
58130
63702
67629
65231
63787
62640
68756
60016
59438
65868
63826
60549
63212
64650
56789
55072
62612
65389
59035
62754
60366
62233
63036
58394
64986
53837
65550
70089
56649
62858
62141
58297
61416
63908
56036
65898
58579
60210
61066
60216
65122
65904
55766
66669
58482
59103
68424
61811
62325
66126
63871
69296
59386
58112
58530
67533
58427
60734
56333
63283
56251
60927
62219
60445
63349
57802
56626
59324
60782
58398
60217
68204
54261
59261
53573
61786
65074
62635
63598
60893
62258
59945
67687
58096
63455
65828
53139
55460
55305
57283
61914
62577
63258
63976
61711
62419
61503
54739
57781
61433
66641
66331
69485
63455
62509
58544
62651
61778
63215
59780
62517
63660
65495
64519
56962
61900
64812
59250
54676
58933
57127
57501
59326
62901
56234
61042
57087
68240
63903
56700
62688
58666
62050
59305
61408
69166
68561
64838
51856
58449
57274
59414
62115
61570
58888
62821
63308
62361
63717
58022
65716
52235
57681
56845
60312
57986
63930
57918
60767
63259
62942
61057
62646
57103
66414
56397
59379
53242
68584
55472
55501
65098
66451
61408
61938
64301
63445
64453
64138
57453
62953
57411
60447
67270
63306
60366
55312
55876
67294
55011
58964
65556
70705
60770
56909
60149
55019
67352
60045
62794
59671
61206
54644
67644
57834
56581
59296
62057
59881
56311
58814
61319
61691
64793
60878
60534
65538
65933
62327
59272
59900
57931
64456
69045
60768
66961
60855
71210
59568
62547
53981
56281
61233
63470
55077
64728
65791
62838
56144
70436
61376
62583
61052
60463
62769
61630
60985
66068
60291
57428
55501
55955
70106
65616
61252
67377
66218
63709
58475
60453
61276
65535
62772
56334
65314
57730
61627
62151
60549
61296
60873
61917
64212
54036
65366
60700
61945
57832
56820
63518
62783
53735
58642
59494
71703
62541
65084
55073
63387
64762
65666
62842
63109
62051
65237
59469
61193
68569
70698
64968
72424
61734
62506
72989
62695
61098
64422
58588
60881
65207
67757
65603
56075
56315
64815
60804
63978
57212
64712
64325
61652
61572
64337
57491
63240
63071
59812
60002
60805
59911
59748
57341
59609
56208
63969
58827
58059
56152
57363
53230
62874
62541
65001
63763
67355
58935
55906
73765
62261
56189
63715
59230
63930
62284
62277
58484
68654
60688
59273
61462
58963
61228
60563
61142
61763
60695
62099
63299
61452
61894
68678
67304
65217
55769
65715
63963
60941
61481
68237
57713
63016
57081
58178
58276
59335
54711
61312
65230
63502
64928
62136
62911
58310
62992
61614
61569
61128
62336
55187
58599
63495
68939
60828
58517
59884
61465
55685
59615
60289
60921
53746
58510
64192
62730
70253
65401
57125
61305
65315
60526
63355
59675
55852
55164
55324
58439
65276
62793
60012
62691
61333
57707
64771
56391
65683
61899
61918
53238
65738
56558
64966
63058
62093
56730
54906
61103
60442
66439
65194
58811
59853
66474
62765
54647
63246
61775
52374
57103
62560
65424
65519
57383
59134
62964
65589
67672
55685
57842
65160
62032
66408
58626
55705
62923
65159
58677
63888
69129
65549
65031
57484
57260
57771
62495
53723
61875
65088
68686
62601
61405
71462
68015
55646
65334
57090
62572
63601
55205
63250
51671
58285
64420
57104
62031
62206
59790
58163
67213
57257
67953
56285
67103
56878
68846
60926
61519
68051
64256
60959
61904
61185
62642
57899
63387
66951
67898
55655
64968
53569
64732
58328
58409
57015
67933
65991
66965
58741
65705
65947
67195
60379
63535
62083
63949
59849
65732
63064
56755
60504
54886
59457
62068
60974
59323
64523
58736
62155
66063
64633
60221
57064
56934
63102
60481
59702
56465
69495
56905
62622
54652
60418
62019
63923
66367
58849
60346
62433
61519
67213
57898
53973
62461
58317
58319
65296
53581
56195
65955
63879
63357
60934
61398
58991
52290
57889
65883
62747
56636
59517
59127
62167
55158
56603
56907
66959
66205
60172
62187
62006
65803
67168
59866
61853
60313
63959
66582
61759
59803
64328
58833
64469
67193
60186
65178
64612
69629
59236
56760
56615
62258
61514
62146
61348
60239
57801
69609
63692
68920
54707
64514
66137
61570
64306
66867
56308
68269
58251
55067
62415
60086
60231
65086
58208
61673
61855
60802
61503
65546
65967
64553
65672
69452
70074
69190
61484
62116
57870
63193
61300
62110
66133
60354
51468
62736
60887
63789
68309
66209
63634
60511
63341
62014
55488
59459
62116
69163
51939
60418
61781
70062
65900
59764
61339
58502
58112
60062
56079
61324
59548
61273
64051
61826
54672
67407
58717
54882
57634
53925
60847
60006
53498
61519
61658
61905
59263
60612
69799
58323
66945
54809
57178
60983
61361
58558
62199
65462
59479
61293
57254
63774
62374
62531
59061
61465
66327
60751
60701
59746
65652
66433
62158
56255
67722
57354
59553
56113
56013
63427
68725
68583
60719
58591
61418
64128
62457
55345
61115
64276
66826
67051
64729
55726
62299
64434
61242
57293
67554
58503
65075
56098
61833
66117
68814
59712
63989
61765
59379
68805
66629
63679
56069
57731
62491
70956
53952
66306
59190
71001
59960
61999
56163
66850
56489
63012
69401
61673
64582
61635
56024
59349
56157
59445
61816
66853
62618
59799
61285
60923
58611
60885
56853
58845
60921
63438
60505
64140
60918
59792
57092
55148
56500
57914
58378
61073
64327
65586
58048
64490
68425
57978
63184
67339
67063
58600
59659
56658
61489
57602
59022
60137
59087
57006
69069
58556
61236
62222
63855
56958
61696
67864
63204
61584
62055
60437
71333
59061
72158
58612
62163
62997
61577
58995
55668
58564
66710
56486
64581
67276
70858
64947
66223
61034
54624
56577
61041
54707
61512
61651
61014
58920
67198
54846
63820
60206
60005
61060
65711
57186
60014
61446
70137
58381
59001
60617
66081
55617
63052
55994
62115
58237
60544
65527
63562
57852
56742
67694
62908
64056
56847
57901
58084
60378
57133
68228
56990
61772
52918
61221
58308
62339
57900
58585
63987
56464
61267
58289
68806
56293
55287
61075
75227
60634
57872
64668
60312
59874
61767
63115
57652
60629
58619
58341
64796
57793
60722
64833
68446
60585
60222
59549
66609
60782
59579
60354
57208
56387
57574
53659
61603
60714
64220
65018
63961
57821
61698
67328
65500
61040
71773
60736
62498
60289
58035
62834
60447
59028
59292
61952
68809
58629
60512
57731
56399
58525
67756
64223
56079
55419
59388
64841
60228
60165
64770
65057
57927
61849
63911
53504
66785
64107
61133
67061
58422
61643
57102
65319
59550
66468
62862
64288
62734
66288
56087
61065
62270
59875
66389
66574
64299
60533
57902
61859
68399
62501
55378
63745
62806
60304
54729
63951
60716
59594
60409
59702
66470
70236
56793
58096
58598
63868
62869
57763
61974
64627
62679
65715
58747
68046
62773
60741
56828
61754
64661
65145
61997
57591
58017
54543
58216
63491
57012
58181
56967
57643
61260
58783
68684
66550
64485
60807
67859
56142
68006
58012
65730
56844
61531
61110
60638
61117
58917
65987
63247
63773
62436
59365
62020
57782
57849
60681
63255
61893
63815
60240
60330
55596
66145
61996
60044
62004
61203
66769
63035
57644
59534
68759
61726
53929
61555
61793
63249
59705
54031
67845
64288
60085
58927
63074
53099
70560
62318
67852
64261
60391
60432
56817
56362
58251
59397
64788
64791
65718
61470
66518
61777
71546
57958
63634
65612
58672
57890
62844
64705
61130
59523
56122
53251
67968
54965
64507
54442
57614
66089
58709
63654
60186
55930
50254
57687
62754
61164
62617
57237
61833
63313
67806
62094
56761
56483
55821
65952
61500
64016
60280
66416
61581
63521
59018
66364
57837
62456
65442
67512
62542
58496
61450
60877
61226
64638
63205
62727
57526
67692
57278
59498
62449
56263
62813
63038
59232
62607
59859
62559
63809
63887
55589
60351
64298
56216
59174
58299
65120
63749
61767
61544
64967
57879
60607
59475
59371
58011
65645
58644
62754
61541
63131
61309
59704
60797
64265
56805
64022
65986
63743
55339
65892
59965
64623
63068
65977
60666
60061
58336
65584
59001
65457
59955
65096
59261
63620
54195
59069
53053
58780
63422
65834
59462
59664
54624
58513
58547
60091
62372
60799
59985
59706
63849
62059
63073
61402
58898
60394
62867
64594
66776
60761
65204
61151
54020
62323
59854
61931
62430
53561
56458
62266
60314
53939
62730
57069
61762
59329
58787
65480
54886
62858
59528
61019
52973
68987
64224
64232
59683
63602
51282
62915
58130
60869
63955
56111
65036
58442
63227
60289
56756
70293
57436
63631
57070
58218
58971
64253
62567
58894
63482
60310
61838
60741
64395
58177
64278
59425
57417
64869
61611
59693
63530
58519
57567
61869
59279
67982
68494
63256
60242
62696
64532
60757
58636
65178
58076
61518
61324
68650
61050
66697
56017
61885
62682
57338
65089
54888
61715
60280
58560
69308
60104
60451
59302
68558
57176
51601
60363
60939
59045
56689
69755
55488
61880
67809
60878
63712
65150
55879
65538
54417
62477
62795
61908
53762
58898
63000
56954
66610
63645
64386
60002
57137
57898
66067
57267
59882
59787
57373
61357
62614
59783
64735
59912
60846
62579
60680
55862
58170
63679
61561
56158
57573
61269
62838
56696
63485
58320
62088
62316
63729
58781
57619
62260
55454
59310
63997
60971
59109
61332
64473
63521
60868
69125
62046
58467
65730
64973
59619
66041
57216
64953
58924
59283
67931
59344
63994
58667
58019
64984
65456
56672
64015
61624
63831
69130
61241
61708
58596
58744
63412
67687
67670
60670
58402
64945
59855
65333
55258
62559
70001
62695
68783
57050
57376
65397
54996
60115
54383
64991
63079
64555
55103
63737
55941
64663
55741
60884
61492
62570
58474
56704
56148
53736
69862
59771
65710
68258
58325
60235
64833
57781
66241
58322
69874
57202
60008
60984
62113
71256
62211
57149
65000
67335
66968
57139
60953
58585
62096
61873
60234
63366
61765
60647
58787
63021
58337
60312
62233
56708
59253
60467
61497
66103
64051
58748
64890
59999
60738
58067
66269
71251
60386
59002
64840
64101
63384
63871
59894
56332
58824
61152
64094
58309
66755
67045
63728
60440
66234
60766
64499
57488
63709
63757
63212
66169
62165
62575
59315
63963
53442
55171
58174
63859
61889
62223
64815
60074
60757
59202
64493
68606
57032
54828
62351
55147
60476
62953
63106
62712
61787
59984
54870
61909
55450
60282
55817
67583
58273
64921
63846
61922
60227
58721
56088
58838
53323
51854
66836
60480
59562
66959
57816
68084
59217
57358
62983
62810
61033
61284
62705
65703
58417
59544
61888
56853
62273
67789
66860
60533
58814
65930
55568
62528
62336
67404
59689
57567
60333
63201
60388
62820
66978
58982
65798
59868
63039
60998
67533
57496
66755
59241
63473
63932
64767
56019
63418
61889
57718
62566
62960
58994
55913
63890
60296
60697
59993
57080
60228
66124
58326
65605
67790
60680
55528
63496
59263
62770
56578
61216
64468
58283
63566
57840
62281
65515
66109
64435
65207
60297
59207
55143
62816
64920
59347
57927
52553
64860
56584
62685
60958
57407
60211
63732
59119
59844
59854
59349
57949
55182
64587
51915
64852
63329
61855
57211
58789
57680
57204
59799
59531
57728
65960
61235
65868
54729
62185
57797
61914
63472
62692
63696
67300
61119
65156
64854
66431
60566
58065
61201
62205
57861
65629
60289
65233
56644
66087
58434
58498
63592
56490
54000
58225
65554
62949
61764
58653
64225
60574
49249
60772
57073
57467
58673
60779
63932
60728
57351
62177
68214
58217
64563
56731
59227
68649
57556
61405
68315
59278
59456
66435
62594
60344
59472
61798
62264
61614
61013
61000
66287
59790
62362
55118
56148
66873
64199
61376
64131
67109
54670
55253
65412
62807
65347
53259
55672
61614
62473
60259
53906
60026
58480
61521
65177
64255
60694
59785
61568
63309
65393
65310
55482
58033
54580
64471
60906
67928
62741
57678
57329
57253
60242
57090
53760
59523
57894
63273
60161
59937
59544
55098
57712
59755
62861
65506
64172
67049
62573
58496
61358
53716
60971
59859
56476
61671
62581
62525
57921
57666
60646
61197
58003
63272
59670
61756
60361
68900
59181
60796
58199
68001
55022
72981
51263
62773
63089
55103
62414
59403
58249
61846
60315
51829
61631
60530
62707
63112
61739
58219
63734
63204
65196
52910
58230
61884
61567
60864
62439
60270
63714
57625
65865
50374
60437
60713
59908
63191
67846
58326
62664
58542
66048
62657
54719
59174
63625
61792
60358
52416
60990
66237
63004
63485
61940
62734
65280
61916
60130
65993
63895
67148
55280
59337
60762
60960
62876
58096
66584
63165
61666
58932
58806
59460
65709
59907
58423
61101
47699
63322
59744
63904
54693
57422
57902
66016
60636
60779
63952
62379
60109
63030
54432
65869
55160
64500
54708
57754
61211
56136
63220
56489
58904
62502
59361
57167
59398
63585
73420
59017
61078
64877
58146
60133
65916
54620
65517
58381
62670
58311
62664
55667
64230
62183
60014
56001
60004
58128
57131
66924
64795
57921
55002
67558
62271
62199
54420
63206
55922
64423
61105
60290
61343
67780
55519
72392
63226
60419
55335
64077
63933
62159
59799
66549
71467
57495
58527
57730
65397
62614
57299
65720
54641
62998
58409
59488
60016
63821
59971
60374
63298
58729
60303
63017
57449
62714
55458
61238
59986
57387
65425
62494
61073
65555
63999
67289
63538
62354
55504
56323
55095
55723
59019
60761
61913
57852
58602
60004
63592
59192
64653
70885
60029
56039
63160
63601
60168
65035
58898
58196
71552
56713
71595
53700
62110
57789
55449
57026
70021
64629
60249
58292
57429
63829
63498
62204
65710
60781
62324
54500
67703
69295
58553
55267
58239
55404
59031
60901
52264
52348
67104
58994
60448
61147
57460
58420
54697
64923
58363
57649
61014
67410
60889
61970
61771
62646
56348
59202
66529
62324
62273
59101
65364
63809
59458
65138
66389
53667
61513
61727
60396
62355
54780
63493
64863
57966
53515
63154
66561
56526
61150
62515
60339
62723
66933
56266
64568
56219
65741
56731
62725
55797
61585
57974
64566
60841
64692
60626
59626
62548
64767
67960
68571
63020
55134
67542
56435
61616
54460
59828
59103
55356
59919
57344
56180
72604
62433
69335
58617
61714
66773
65386
61440
61331
63932
60984
65698
62052
56532
60983
58854
58088
53754
60993
64236
62940
59014
64655
56297
65695
67224
66900
57563
64871
59963
63322
52065
59197
55709
65563
65172
57857
56271
59318
62944
55348
64961
68395
52881
59747
63938
61538
56694
56325
59128
63895
60578
64582
58730
62181
64087
66625
67871
65585
62827
61648
59445
56566
63378
64206
67157
62263
64944
64197
60787
59002
61765
63853
61910
54797
63169
66735
69025
60121
60408
58277
64965
59680
61530
57324
60086
64147
53803
65979
68269
57685
64617
63504
59800
55788
63894
61094
57326
60095
62141
51466
55466
56709
60537
60278
59188
62703
65569
59805
63919
62381
59254
63275
68101
67278
57005
64003
56021
60887
65025
56722
63163
56854
57071
61719
66730
64583
61255
55212
56660
62036
63796
67272
54676
59454
58534
62451
56210
58458
53904
63439
74644
66751
56961
60546
64898
62664
55361
66153
64119
64235
59489
66973
54860
58185
59575
59009
56081
61040
59819
63642
70584
63072
67287
63105
60398
57938
56979
61476
58611
58758
63698
56875
60632
60652
61052
59214
59376
59405
61979
62968
62672
65041
58559
57671
66378
55906
61597
59456
60404
65066
63783
62726
70721
61395
69133
60294
61237
57818
56325
57842
57492
63132
55681
59781
62532
63857
61526
57720
58511
59414
57119
52340
57477
63354
66426
63030
61430
62745
54801
63271
60777
59632
62309
57767
65633
62893
62289
64450
61099
63620
63774
61512
65683
68427
67126
60000
63345
58691
61076
63062
58896
71605
62960
62234
59178
60871
53668
63167
61198
70669
63531
64506
51894
62074
59778
68704
60031
64445
66492
61265
55727
58699
65943
61988
65319
69322
61989
69980
54765
64050
60553
59628
58988
61706
57888
58711
59347
64346
59406
58187
61882
69898
63850
62654
60248
62227
59175
66043
62992
59679
61047
65342
57254
58803
65056
54707
58920
59409
60813
57027
60355
59307
59149
63881
65743
61708
61186
62415
59691
59897
67290
65149
59459
56788
58550
62144
67743
62963
71451
58667
61976
63169
61961
53752
62986
57680
61855
66195
63979
58270
65498
63709
62620
63109
65473
67788
56821
55361
62412
62543
61049
60902
64172
60854
58148
58783
63402
61342
57775
60306
65591
62887
63618
56101
64386
60076
53670
56751
56204
64416
54983
61480
63041
59114
61100
61220
59248
63239
58919
59030
56314
65755
56372
61212
59804
61289
62898
61877
68248
55621
59831
56783
61802
59122
58281
65559
57738
51538
55603
59052
56966
57466
62713
57334
61775
61998
59646
64645
66217
62537
59085
59087
62484
57167
57668
64362
62458
64722
59612
54099
69446
60850
64964
62771
65475
65499
66961
60859
61471
66901
60487
62252
64954
52769
67105
57832
62209
67287
69135
69242
61042
54710
66376
54760
60317
60570
61802
63172
52147
66760
58876
60979
62764
60041
57811
63949
55933
60816
65246
54180
57504
66768
58337
64583
56715
52363
58877
65763
59046
67535
66518
54225
60839
64345
64844
65014
63048
54681
66071
66494
63080
62945
63724
60055
58134
62517
61210
56854
56523
64335
71284
69472
55236
59804
57109
58900
62003
62643
69737
69704
68373
49674
67917
63844
62171
60116
57449
64234
60865
67018
57299
70284
62377
59647
53335
61639
59311
59571
58101
61520
63211
57215
59168
56809
62013
55962
57197
58228
61388
60082
64425
62611
70917
56719
63475
64473
60088
58255
60399
60923
66901
53225
60350
56587
64862
59734
62343
59515
62709
55204
56063
60116
61823
67992
55685
61525
60077
62334
56427
55059
60607
70073
65806
55318
53738
59701
60479
57966
63218
64124
62835
57388
60448
56371
58822
64291
61369
66839
51173
62852
65041
56717
70104
62068
63559
58571
67636
63285
61168
66461
66197
56204
60416
55695
64274
56003
65361
61352
56096
63501
59996
63522
64895
52021
64596
59877
61388
64626
68116
62445
62398
57342
54435
60705
64994
59368
60414
62721
51709
58534
68565
57985
58108
56705
59978
60966
61099
62520
58636
59973
65326
59138
60526
63472
59514
60229
55778
61864
54573
59892
66416
63873
58915
66708
53895
61159
66433
59079
61587
64918
55572
62009
58444
62557
64264
58067
63637
63594
57902
62697
59658
67460
65441
65949
61741
61282
56824
62257
58324
56269
61410
65845
58038
67139
67634
64319
62238
63861
76543
58458
54821
64774
60297
57570
59345
61418
64557
61631
63789
59437
58003
67091
59628
56253
58155
61103
62630
61586
57801
62111
69088
59349
60696
63366
60790
56885
61018
55956
63042
59847
63272
57751
57491
63133
56954
59154
61882
61061
58829
65162
60076
62335
64100
59849
63587
56592
67340
53871
60677
59856
52975
60530
63199
64916
63796
58159
64397
59148
64286
59092
55754
59604
56213
61827
56897
62853
60426
58980
59693
61278
57651
70117
65402
59731
57374
59964
61971
61899
61664
60565
55577
63727
59838
60366
65067
60134
58351
64780
69111
52483
56419
56100
68988
60756
62150
54914
56594
65007
61528
48316
71793
60554
61435
55602
63758
63335
64105
58873
58802
62288
57654
66281
59544
64448
64438
67594
65753
61273
64923
64250
64837
64734
61418
61584
63508
55504
68801
67543
61790
58135
59881
55594
59014
64029
59504
60886
59150
62995
62276
61915
64162
57357
64939
63453
58427
56900
56469
60933
63945
65626
64646
57562
61486
65913
61387
65975
56484
60925
58560
59967
58585
61951
60702
56105
60798
64315
64115
64638
55991
62580
59946
60414
59877
62012
53902
62579
68333
56328
53281
65818
64146
64963
54942
55018
66755
62247
65935
60234
63482
55896
54110
62192
56785
65297
67135
58802
59786
60059
61558
57848
60426
58911
60261
62895
62604
61798
65179
58043
59036
62430
62089
62237
59072
61646
57745
57650
59610
62158
59007
67728
58555
66532
61355
60051
60503
61082
54792
60863
57114
61868
57967
62663
62657
64857
64625
71286
65087
62521
65446
59329
59853
67936
60717
64747
62540
58827
58830
56580
67005
58968
57615
63088
64903
63188
57742
57775
62485
65455
64599
67403
64404
64726
61671
60877
70304
60416
61957
59763
67724
57303
64441
63448
63180
66587
55595
59291
67149
59553
61337
60400
59099
59773
59798
61150
59654
58340
57498
61328
60226
62281
61683
54470
61723
67931
57227
63847
65029
65868
61143
57500
63447
63494
63173
65398
57217
59815
64042
58707
61760
60457
66595
60681
60150
60229
57583
52569
57972
64955
61006
62045
63942
56919
57036
65794
59929
58663
68623
55552
58767
60678
65941
60102
53521
52150
62251
67653
69355
63903
64529
62846
59638
63428
65780
51951
62589
63614
56714
61449
63337
67349
63671
56375
62886
59545
61587
62306
67452
57796
61297
61198
58543
54919
62709
63385
59198
64483
58478
62439
62590
69669
61374
56619
55902
55660
58132
57310
54148
56651
63558
60806
56421
63383
62323
62014
64588
64772
55965
66990
67605
57899
63170
60250
56615
62777
69213
62858
65853
62235
64169
70594
64545
56636
59999
58096
62564
69635
53546
64781
61126
58056
66061
66036
59171
65351
57771
58021
63703
62699
70971
59679
66403
62709
62374
57989
58944
67748
65593
62133
61540
58952
57713
57359
60066
67325
66172
69184
58166
66677
55510
64255
59249
65050
60395
68084
58074
61817
60400
54982
62130
53453
60174
54390
68845
52789
59609
61433
64648
61724
58958
53470
66507
61717
63900
64819
67340
53936
61846
64243
67786
69305
63071
66234
60802
63109
62010
58428
59021
61482
65776
65522
57560
62860
66190
59108
67918
65004
63294
68994
59177
61869
55411
58764
64528
66297
61639
63346
59414
62261
64403
60134
70913
52485
57442
59438
62434
64518
63943
57813
63968
60050
56211
56289
58018
55307
60277
58792
61045
60730
61393
66941
60173
65060
64723
58696
66469
60871
60759
62857
61056
57412
58242
63168
62311
59114
58162
56480
68520
61063
66776
61463
57240
60349
64828
65060
57836
63026
60207
61566
64836
70399
57782
67578
62962
59841
63230
61858
61047
58642
62474
63084
57032
60753
61252
58891
64009
58740
54529
67173
62029
60219
62924
65071
60764
72640
64218
61803
58402
68749
58603
75178
61382
63621
63195
60152
63023
64687
57673
58549
64543
58747
57034
65976
60959
55355
64793
65135
60767
56715
62099
58297
53946
51130
65434
64061
59637
63436
68446
54091
57062
62266
59646
56849
58802
58232
62665
64175
57439
60156
61380
64461
56625
54976
57366
65511
63125
59396
66832
64462
63291
64040
61549
63361
57935
53627
59657
67158
64826
64527
66476
67125
62743
59610
56389
60039
62882
57696
66443
62478
56181
65135
63797
58369
66255
63749
69403
54929
65346
59674
60377
56858
65370
60396
70138
57271
60335
60063
61017
59511
64708
64603
65492
58523
59974
65327
55719
62786
64513
59339
62707
62807
63391
59247
60537
58454
63370
67982
64334
55692
67747
65437
70078
57292
65342
62968
60315
61783
55542
59115
58934
64850
61947
64247
56474
61151
58783
59419
61723
59535
55126
59412
61456
61761
58768
61528
60403
63300
57955
63084
60095
60827
60757
60286
57274
54617
58568
55214
59738
61784
69253
62881
61620
59985
65086
63786
69375
63257
58517
57231
60080
57499
69402
57056
56200
59007
65524
57826
65497
62952
67302
54345
66106
61325
59636
60251
58158
60782
61196
58757
62124
65192
58609
60564
63382
67869
66194
55651
59999
64996
61121
58270
60389
67064
57615
58617
60612
59593
58342
69411
59746
66917
66928
55422
57868
62735
61910
60216
55065
68532
67100
61940
56848
59087
60794
65982
60620
62811
68618
60162
66027
63141
60092
54081
63633
69338
61443
64942
61352
56782
64262
66156
61818
59725
52497
70847
57611
64709
67634
65635
61697
63469
56343
61026
59719
65668
53312
64215
57530
57678
56495
67139
61358
56592
62457
64494
64819
76916
56604
65429
54855
61586
65253
59807
54300
57210
65533
60461
63836
62291
62124
58198
63745
64106
59637
62141
60149
59599
71091
61091
57673
67247
61430
62154
64722
60631
62193
63284
66751
62387
59920
64547
56917
56917
56402
55388
63018
65638
58694
59112
59338
57300
59828
59439
64770
60566
65342
62216
53693
59485
60078
64578
61177
59375
69605
55170
70277
58924
57330
59337
59557
63755
64252
62035
56595
61583
62661
62636
53384
68446
55830
52245
66117
58644
65537
64816
63070
66545
61988
63350
69602
61789
65523
61222
63642
54952
61778
69325
61761
63446
70116
64177
62780
62911
57985
55442
56570
61342
57360
62411
64975
59737
53368
67564
52867
55930
66504
61269
60122
57996
59441
60313
55000
61209
64831
62472
57734
68616
57496
60732
57226
63046
57796
59466
65965
62164
66053
61166
56742
57921
69237
65289
60616
65528
63641
64646
62010
59678
63613
58263
59813
60989
65076
60346
58969
60654
57195
70566
73754
67728
63352
59665
55605
59407
58987
59282
58962
62724
61512
57284
63533
61898
67053
58999
59456
55825
61995
63566
56509
60995
63057
56542
67057
56321
63077
68866
62882
60015
61250
56056
68954
64461
61602
60857
65468
61642
62016
63090
57544
62309
67914
55781
63489
60504
67670
62777
61751
60176
59463
63583
59892
63079
61190
65263
65501
60713
60656
62789
61910
59860
52086
57533
54477
58180
59678
55743
60837
63057
56834
59483
61676
60782
58881
63634
57961
66487
68928
60288
66315
63357
59795
65192
60098
66086
62247
64973
60849
65173
62645
69552
60905
61869
57108
61370
51454
59410
54148
67335
54950
66010
57631
63153
59490
49182
63094
60808
63211
58546
62267
58118
60181
60971
57766
59125
64862
60516
68159
60560
58875
59125
62295
59680
60710
62287
61580
58229
65770
62135
61190
56820
69545
53304
61434
51888
66450
62048
63622
60029
57139
64105
58840
57605
65862
64911
64311
64609
63934
59535
64353
68846
57609
57053
61218
64620
65077
61777
68496
58409
65203
59094
61604
68272
63932
53856
62540
64852
62122
60714
67495
65676
63175
61850
71362
55248
61601
60316
61339
62644
63411
59392
57157
58762
60921
57671
59292
55648
57734
58235
58231
66455
63809
66004
66367
69252
65048
63332
57393
63155
60245
58739
62558
66632
61246
57581
60239
60183
57862
61849
54283
64965
56724
55951
56862
61483
61735
64209
61690
57171
63536
58313
65669
65480
60275
67917
57213
62559
58255
70635
61323
63716
60463
58895
62444
67122
60203
64401
64891
62644
55050
62332
55114
66145
54822
55291
58455
61786
71120
57301
63716
67353
62866
63902
69803
60322
68847
61112
59994
62969
67379
63219
64132
49301
64262
60511
55985
68307
63655
64220
60115
56857
64341
60565
61806
58222
64569
60016
64167
56529
59618
58425
60429
55362
61654
58493
63106
65505
64770
72068
67798
64127
63359
57147
65856
58665
63753
65452
64711
60777
68741
59987
62439
58193
62953
61041
68313
63733
56316
57314
58236
50527
57520
59971
64232
60446
64742
60611
59608
61858
58104
56228
60409
56320
65540
61666
68764
60019
69364
62449
59360
64812
63533
62589
59226
64096
58031
65792
65612
59765
63447
71492
61861
62914
63524
57401
59855
69332
60060
66347
63614
58884
62892
58073
55814
60099
61790
57192
65517
62221
52908
62315
61254
60395
54795
67986
58605
55452
70267
60323
62048
63677
65390
58215
59072
60884
59043
61591
58927
54105
61522
57300
58002
58916
62613
56765
66666
63284
63584
61162
65845
66530
57430
52900
64059
65727
60454
60802
59637
56024
61756
53896
64318
65189
54435
63593
54010
65326
65961
59393
65908
62208
63047
56772
64666
65552
65200
57323
65404
53972
64390
55958
57929
71824
65178
57981
64172
60739
67450
62120
64491
56357
63059
59913
63067
60966
64479
61796
70524
62274
61719
68146
59272
68306
63585
56740
66347
62010
66610
53851
55550
62508
69076
61358
61471
63429
61225
63473
63054
59443
56581
54628
63025
65272
63571
60335
60092
63538
58103
58335
53271
65325
57896
61605
57024
65253
64463
62342
62461
58361
58496
53075
59477
61039
67075
62179
63659
64437
63234
64962
63928
62198
64043
65249
60538
64132
59007
62535
64593
56866
61718
65218
64731
57127
69998
65366
58596
63299
57281
63834
61683
58332
58029
64580
60891
57140
60303
64752
57623
57772
58730
69572
57348
55803
63645
59005
68483
68543
64413
67474
60173
55250
62241
59530
60314
63789
65051
57698
59805
62224
64188
65303
64301
68503
65450
64398
55943
62666
52740
69869
57574
63757
57506
65108
64681
62257
55288
68311
59274
67799
65822
59264
59614
65937
64675
60082
65722
54905
67500
61624
59116
59259
58527
54890
64930
64611
56557
66590
59182
58328
60137
58368
59741
61084
54441
61655
64393
56335
64083
58109
69988
62772
62750
50055
62523
62652
58748
63336
60835
68023
59721
70577
62008
61440
58737
59994
64267
58173
64323
56458
67841
59293
58564
65766
64499
66224
67890
61076
65687
69651
56833
67313
61219
58959
64582
57951
72106
64559
61008
64031
62391
58899
66602
57261
59544
56472
54863
64417
64424
62290
61994
61029
59137
62704
59573
61214
62220
60980
60780
55943
69221
55429
57121
57783
56561
56698
59978
62955
55023
63098
57034
58747
62693
62015
66881
64841
60254
64750
59031
63063
57793
57136
54058
66724
62256
65263
58535
63554
61509
67146
64706
66098
59723
66320
56247
65013
67721
61072
59984
67759
64421
69708
61885
61593
65751
66546
59421
63994
58678
59468
59309
62073
61003
69434
69441
61177
56554
66020
56336
64762
57075
57061
63593
70794
55621
65072
58033
71045
60866
59213
60623
55401
55494
65905
63889
60225
65782
64067
58587
61543
58795
63111
63827
67479
67481
61958
57689
66083
65702
59822
61847
66130
49579
60080
61483
61118
60729
71055
60264
64341
58265
61421
58687
56048
63242
61043
66390
59256
64080
62401
66421
64721
58412
56763
70478
59543
63810
56782
64938
63784
64667
66611
63251
60646
64144
61649
58843
63328
54786
57343
58206
56326
61334
54028
59041
59957
62977
67386
58705
65275
58466
61438
61114
59278
52902
56633
61622
68723
58140
55100
64629
63351
60851
59755
54146
62179
56308
65889
59362
55990
55245
68811
63721
63077
54476
58357
64913
62412
58991
56874
61994
54569
61618
58943
58162
62928
57237
58706
65451
67312
65480
58933
68171
63727
60469
73586
55850
60345
66495
62855
61869
62248
58303
56139
58834
63211
65572
62378
66103
68440
58694
55870
62599
60148
64841
55259
69081
62358
53217
55860
70567
63662
56432
56145
61937
67625
57702
63950
61468
56538
62189
58981
60640
60611
62935
58887
58945
56904
66856
55306
62479
61035
61494
62948
62923
56581
61271
63180
66847
59761
63785
62380
67402
52530
58765
53080
60595
62575
68026
61937
63426
60719
61099
69012
57205
59107
59187
62993
58976
57904
63716
55471
58570
62904
65090
71330
64149
60878
65148
60904
58350
58903
59689
56148
59108
62865
66490
65010
58439
56679
59465
60550
67577
62375
64941
66777
57395
60091
59313
66982
63807
64097
61572
60239
52379
59863
58583
60284
66364
59306
59873
65013
63213
62900
63520
58728
66991
61468
65851
57364
67398
58929
67485
58127
55036
58416
63508
66246
57071
57324
68975
63573
61266
61191
69541
314295906
