77169
50455
60407
61092
52679
54546
65017
63246
57212
69961
80654
62342
62691
52053
61883
57765
79035
53805
66687
71907
76447
53061
56930
68213
58698
61952
60567
68388
51891
54766
59122
56102
60490
66627
59151
60991
52858
52529
67503
66119
59792
58381
64943
56323
60539
54591
64475
79779
59943
68429
57805
75059
60149
60081
66462
60084
51502
67406
63426
59540
63985
65430
60473
69324
70286
70472
55945
58569
62607
56372
54903
60857
64238
61021
51518
57699
68200
65787
58249
54071
61546
65995
61710
64141
65946
57067
79057
53946
67062
60229
58254
57836
60451
57092
68208
63429
66715
64269
54700
83327
81958
57265
57797
60566
66879
55115
58501
69953
57452
57689
67252
60920
54352
49184
71056
62366
54472
62304
61914
58541
60511
69138
60961
60495
58916
69731
68518
65031
67249
60674
66222
65811
60719
65833
67402
55917
63788
62597
65448
77708
72258
63173
68041
67968
49304
62934
62673
71549
64184
55919
46053
63448
65525
55163
58801
67596
58871
53788
66070
76071
79822
60503
64042
60357
62534
63238
66009
58699
63997
78918
74750
70597
60464
60654
61153
65170
51812
63573
58820
66238
61716
81817
60515
67674
60955
47279
68535
62659
71688
69977
58075
64057
67292
61923
52566
71543
61558
64895
55573
57486
59891
67906
57699
63806
51404
58408
59696
72079
55042
55300
64038
60095
60274
65409
57788
57754
63910
66137
54226
64278
69634
59615
69932
63281
66593
59266
54868
62013
59700
69095
65332
66595
58257
63329
54093
66432
55302
54329
56591
74527
78973
60638
67301
69857
65206
60706
58980
79290
57639
76891
73852
67214
60898
63218
62121
53842
67997
64766
66122
73820
60921
59436
55771
54279
57955
60648
54041
57021
53655
55576
66208
57960
70029
69281
51990
73215
59796
61927
67301
62344
55608
54998
61572
60173
60185
58783
57541
55283
61766
62608
59473
64130
62487
62981
58734
73698
54998
56930
51869
59538
64723
60519
61976
57574
79333
62472
62442
65643
68215
67474
60275
67455
61980
58591
67618
57857
59260
67121
55355
63098
73309
67310
65017
61529
75407
78169
55256
54528
55631
69549
71182
54266
54185
64865
57324
64362
52291
64922
58793
60902
67766
61797
53196
64335
55682
55041
56683
58311
71979
60324
60835
78833
57105
65310
56823
68305
61386
59808
65635
72159
66753
63245
49288
56157
52504
62764
57892
63007
68393
67130
61017
51591
66498
62391
64340
64721
69519
61817
59904
56403
64233
64815
72666
60050
58708
78015
63708
60120
60647
62500
70186
57046
65770
57049
66061
60944
68298
52430
66896
61838
77485
63776
74156
79484
54574
69091
60465
61080
71237
56225
68602
57078
63043
46419
68319
64214
56860
60779
60677
63305
63026
62985
55105
61828
65659
50617
68776
63302
73989
70735
64840
74503
62819
62987
54727
71970
55940
59999
70902
81207
62827
72515
57365
61834
65064
63861
57865
62018
57983
73999
68632
66767
56371
61270
56526
72151
65591
67369
62996
74244
57786
60428
58815
50368
51504
54343
62779
71747
55366
52971
69641
59074
51692
54883
61772
62722
56742
71303
62802
57338
63501
68704
59390
66208
66253
72454
58943
70513
66264
60910
60329
76532
57423
55385
57685
69191
60230
59452
55232
62632
60096
51803
64385
59753
66479
60763
62010
66542
60706
66285
70611
68158
72485
68827
58908
59266
62245
56521
62874
47656
55421
75490
52578
64597
60918
65736
66820
56259
66061
62008
63810
65265
67782
58360
63318
59298
76606
64493
63456
60615
50438
54052
67785
64446
73037
63609
61897
56539
65140
55125
57262
64198
73103
70497
66966
67459
65340
52587
60470
55398
69430
65410
60730
66830
65299
54406
56954
79870
55478
61881
70506
71250
62996
75865
56358
60601
62799
63948
65813
83488
52337
68003
63200
47882
73226
60908
55762
59223
67410
67550
51008
57844
73072
56948
74577
66931
47698
66568
61649
74927
56385
61354
67350
64253
70390
55537
63391
64456
76367
61822
69148
57362
58900
56470
62668
70829
69111
63173
52599
52529
60649
70707
53101
57138
56335
59810
75615
61406
68140
61014
53068
52665
62488
75826
57345
56649
71113
71233
51007
45831
40125623
