129748
106134
99650
129490
105543
112286
96483
89473
110106
107925
101735
103791
104935
92505
120392
119017
108869
102693
94323
95550
101564
90700
108265
97594
101030
120275
100246
139593
97948
98066
92158
134800
107463
127978
100530
99124
105333
110441
107663
105856
87553
92822
111839
90896
88975
114524
120983
111511
118372
69965
116312
130147
117820
94793
92519
103498
111084
118875
113732
100413
98717
123598
116567
84078
96377
104299
94642
144281
134861
121211
100285
80930
105360
131476
154936
87029
136903
98301
96607
103968
78590
101160
101448
113163
92863
135638
115378
106661
95611
101277
112253
104844
103754
136776
91340
120707
135308
111568
97181
100317
103002
108631
112532
96802
99084
119496
101381
111523
133220
109187
96660
113417
110767
115716
126921
103891
113697
116749
116010
84663
93645
99418
131844
108411
104164
128374
99439
97584
115164
100611
114720
106190
117449
119864
111541
120661
93548
103608
153257
116620
81516
101560
92349
122993
90787
109705
124602
92179
95816
112219
145019
140163
85550
97863
116394
95414
96056
102503
124481
120674
119865
106293
89949
80589
96629
116497
118721
90228
109539
103020
96083
118440
93857
88760
138319
122887
115018
106853
106098
108051
96616
114764
91671
75754
99828
80447
106633
109940
83015
138752
101640
118113
113977
108213
99791
112324
129398
109719
88775
124842
88396
98613
116435
92166
73164
117844
99884
112222
117567
112466
92311
103340
116191
106758
115397
111707
126595
128021
100970
91599
86296
120606
105256
145635
117727
86529
82010
137792
107875
107450
93098
107143
88111
94281
108575
125758
87643
94666
138648
106092
91379
102973
115989
104228
104162
100238
91764
124403
93017
110960
107672
100482
99103
140424
94352
109784
98325
124499
92480
120444
98759
98635
110978
85011
105787
102647
115731
143531
75345
80365
88480
107015
121167
101683
128565
88037
100626
67441
84925
99822
100542
95913
87148
101635
141220
106341
78567
97653
119092
117707
111095
90749
102573
104851
137503
103272
100345
100946
79194
89583
105294
91092
123241
105879
99150
90828
100078
93303
128297
108447
110225
112859
118408
78103
82493
103245
78109
98572
79039
86723
34014762
