152245
92459
81581
107390
108655
95279
119013
101129
109475
89162
105714
108702
106898
96742
104584
145540
110530
97236
111064
116378
88765
125518
93899
91950
118649
79930
101103
99076
97269
118956
115263
109855
112073
101126
95735
103717
102612
100195
91332
136869
104140
137924
89510
94639
122568
106048
109726
105617
107341
101122
114051
95465
99833
97308
119519
141756
113875
104771
120741
98712
95346
102688
85692
104692
91281
102588
128454
103879
107335
106975
120288
158318
116028
115597
102642
84508
75654
87693
114771
114976
114329
105208
113313
102695
108292
114900
106999
97446
107096
112881
94154
111123
115213
127335
94691
128920
110647
98706
113165
124875
117510
127562
99717
113137
118421
96391
112095
86121
96144
102545
97812
98651
92330
93375
108301
117893
88472
98768
92295
116987
93450
88426
110808
107680
99227
115348
97935
82275
119408
106160
97350
102988
90762
82215
100681
92092
92761
122263
121353
90327
86427
108457
110097
104291
109790
135313
97844
121479
112861
109636
97267
100949
105494
108386
106066
107638
92512
97980
99635
111777
113005
95025
107122
108665
92076
113858
113057
121235
108473
103743
100392
94712
117838
83715
94925
86827
133274
78891
131173
111156
108560
77654
113963
125147
98069
85687
76725
125937
107277
117328
98870
112744
98189
131714
87878
101446
119754
102517
98508
89941
109703
93663
116408
109881
99294
108955
100867
127105
119957
131483
100910
109705
93613
124223
73856
91969
94680
95484
112604
112600
98588
113951
92527
107077
120365
97243
93996
117958
103036
83406
137493
103749
93271
107239
103651
86436
113277
106510
100926
138370
105649
120030
106036
105622
100950
110899
107183
138726
112344
91861
105557
99903
96615
95971
102253
112481
77304
98439
95186
108748
100183
123648
105076
102264
112968
100940
100824
91607
101308
130381
136360
114131
115528
98004
74211
99597
89857
95559
87803
140536
112128
90392
138256
111239
84723
89532
124909
111852
96372
122220
99916
132675
115503
111199
112582
76706
109626
105855
86061
99242
139649
100400
89579
121224
111092
99103
116522
95972
110132
92841
104553
94960
91724
109381
93385
99342
86387
109280
93005
86570
33783392
