83232
57937
75766
63311
71806
59734
65990
50410
77343
57027
72143
61036
62342
65251
63970
74502
53727
72256
68795
68593
67234
72065
53014
77073
58414
76239
67842
60213
58456
51598
70370
51145
55542
64307
48700
59113
52731
64848
67440
65191
56328
63227
65412
48950
66791
60151
78834
63252
78832
51611
70352
76703
64891
67657
53594
69569
66833
53543
65895
56148
54623
68804
59104
66350
55326
64212
57653
66207
55180
65602
58045
62170
61739
56600
79425
55136
66486
67795
60950
58127
78155
56453
54838
61186
56618
63843
68767
59964
67821
53062
64836
55269
53253
60529
73223
60752
57889
59172
56483
57220
57826
61742
63795
65814
54701
78304
84104
57505
54258
63044
62168
63099
68228
61614
75679
61526
69682
62414
58893
69819
63603
58148
72717
61652
62599
54517
75582
61888
63849
62105
78423
56758
51091
58702
56461
73085
70725
54577
71554
51010
53681
57223
58164
60215
77789
67137
53928
77977
54416
56296
68608
63851
68166
56359
54538
50343
51945
66259
66366
59705
51097
61708
69852
56423
83040
76085
68759
55785
62779
68043
69800
62544
63927
55026
68734
57281
67732
60429
67413
70722
64789
53811
53655
64700
62487
63439
61086
58149
69244
58944
69811
65716
56696
70080
75840
69127
73372
54028
64498
59767
64213
61665
69379
73270
54329
68185
70677
65033
59642
57101
63807
66754
63800
66645
61567
61637
60056
65188
63228
59464
58656
55601
57226
55115
70406
51882
55520
70227
59784
63398
77761
72517
61888
58113
57071
60549
65272
63076
63635
73127
56682
70749
57892
64073
64553
58738
53452
59665
57176
73128
64583
55912
63880
69719
57827
67798
63419
53983
54227
77396
60501
71409
55770
70010
62048
63413
61408
67767
63913
66759
62029
56263
61272
65225
54690
65959
62089
77568
68713
54171
68442
58667
65111
56284
60726
66877
64142
81698
60010
62185
69084
67387
64539
56902
58329
55916
71335
73021
60378
59031
61550
60189
68040
65309
58640
57834
57511
56492
70333
56235
58647
78405
56393
58460
74346
46658
66040
63678
55806
58693
58946
58532
72760
52844
69760
55825
64817
69183
50027
61976
70151
58706
63440
54030
62053
71621
49970
68028
63481
60006
51044
63739
60563
86492
55698
65093
71066
58831
66136
66727
64479
71385
52073
67107
58057
59925
59150
62980
71183
62909
59224
67469
63608
65950
71270
56447
57281
52397
59705
63737
74841
61459
59169
58830
61847
61565
69006
48609
55530
69336
68083
80392
57441
59529
57898
69894
57785
60658
58437
61447
67087
68203
64807
72217
61323
55209
54713
62657
60519
81391
61812
72114
65997
70439
57848
65253
63964
74976
58485
63377
57980
71143
55118
57680
66444
60436
70128
63869
69414
61565
58997
71999
57052
63813
58759
62113
58651
58506
62500
67517
61544
65629
61579
57713
59395
65543
62994
61781
68432
63844
55546
69027
62866
71331
54766
63137
59108
67107
71111
53954
57210
56123
53711
62938
54512
49403
81114
68421
61379
68103
54321
56763
54110
57505
55886
68068
70026
78066
59101
58280
56013
54202
59218
65487
61037
66342
55691
55684
57940
48368
70199
50199
60073
51484
57691
71522
52899
65511
55119
61207
67146
56282
60459
59094
66326
63362
71808
61579
58220
49667
59223
69748
61947
66092
54057
57230
62156
62248
67106
68797
60006
63635
78728
60021
67351
66458
56356
65746
74769
61849
56413
51718
65366
60678
59013
62730
69709
65967
67042
57216
64824
60909
71026
73643
61629
69992
57387
60187
76070
52736
63538
56140
54892
71562
70433
57130
64788
58693
50909
54280
59177
62361
72740
63246
56808
68156
59698
61935
60055
52966
63612
60637
57661
67417
61263
63304
57533
70113
58828
65904
62650
55898
61621
68764
76911
64720
55455
53577
67659
60931
60253
61337
60043
64163
65061
54928
58420
52937
60723
67368
73869
61705
54407
58210
79821
62123
53677
59149
71613
57539
61034
64604
56606
59951
63864
41787
63239
58203
65864
57364
64505
84026
65274
65503
67888
49356
48989
68992
71763
62873
55174
57440
66961
56723
50174
57565
52147
61683
58984
56107
57384
54598
58945
57830
58446
62685
54026
64718
54424
52908
40055091
