52968
48035
44582
55078
48093
52412
45689
48333
53797
51716
44825
51796
42723
50675
48387
43854
45087
46350
45458
51300
43834
45493
57413
49435
44482
45136
46948
47172
49805
48583
48420
50071
56184
45722
48051
45891
49565
48772
48747
52723
45848
45758
54498
43070
57716
62153
52038
50293
50753
50286
49103
51540
57741
44191
55511
55974
40928
49060
51397
49626
51677
49047
49044
47044
52651
51578
52194
45947
52172
53141
45504
47388
46797
49383
49408
52292
46419
48299
51806
53993
46192
48595
51133
49608
48368
47751
52434
55214
50549
53496
44703
44504
44835
46397
48678
44162
53734
47782
57380
48843
46247
60620
59081
48837
61065
47376
49113
53559
49872
51283
52909
54271
47573
49250
49639
59907
46701
59509
49072
54785
49306
55701
53195
48666
46547
49708
51899
45103
54231
50912
46058
52166
43134
53020
46857
50153
46009
51188
56190
46702
46905
49006
45343
48121
52266
45335
57068
51140
48435
54281
53007
43506
53186
51125
49899
41821
52110
47730
44550
48841
46492
55074
41167
48008
59212
51273
55785
49255
51928
55784
47887
53097
51998
47171
51135
53452
56409
44348
51162
52744
50756
52266
62649
52436
49724
48736
47874
49893
49955
51873
52176
50263
52344
47967
52511
52822
48916
49822
54966
44814
55953
46082
48504
44808
47032
52773
54576
46139
55419
51954
61814
46655
48282
52630
46780
54428
51686
51995
55798
42879
48604
49090
54945
53548
49025
52136
53231
49453
53218
51749
51759
59987
45799
53673
52800
46729
49457
55752
51602
55451
50864
50083
49420
48081
51337
44604
44067
52179
43907
51554
49420
47488
53777
50892
49564
48773
47748
45459
55245
59568
53039
51003
45825
54461
49223
50319
44719
51010
50348
57137
60959
47101
55188
47411
51401
46647
43754
46781
46092
52662
46061
44473
50822
51904
46286
49210
48973
51535
54292
55475
46104
52037
53535
49439
45073
53899
45695
53633
47496
51408
53401
54559
54896
49811
51807
49959
52868
51529
49029
47293
49951
50571
52603
46961
50033
47713
50139
50573
44424
52640
47056
52373
47971
55077
57392
51300
46157
45259
50873
63026
57717
54340
51485
56567
51774
48236
56116
53765
59428
61595
51564
50582
63324
44725
54832
51427
46521
48907
44329
44426
46582
43466
51010
52233
55073
46204
53804
50386
53806
52816
52897
48109
47504
48162
51589
44237
52267
44303
49006
52433
44679
49221
50663
59691
46962
48090
52998
47170
52635
52832
49840
51417
53837
53163
55668
48952
56577
50072
49403
47864
46327
46572
42825
57354
53897
53705
54290
58437
45770
50981
50115
50341
52574
53521
42500
48511
59516
42485
52363
50448
49696
44319
48919
55916
45425
51242
51310
50291
52493
42307
52275
46791
51293
50364
48327
56302
55616
52049
45682
46845
45792
50586
57401
53514
61444
49213
47878
46335
47107
47529
50200
46750
49483
49285
50330
49765
47847
49303
45778
54758
50928
59309
51142
43463
53798
50401
47574
53893
54853
48621
44949
46229
60070
50111
56392
51091
44675
53120
57336
57101
51470
48003
43631
47243
45344
50926
48962
54930
49083
48267
51140
54000
63356
48283
53484
55503
42552
51085
48677
47722
45638
54264
51164
47676
45523
50512
49296
52978
50028
53463
49139
46703
49685
50649
49420
44761
47890
51543
57110
57756
43315
57004
48857
53415
53515
46889
46982
52040
44335
60578
52206
55530
47179
53125
47981
48302
46975
47909
51551
48488
48140
52173
48821
45522
57476
55419
50470
43948
46500
47478
55279
53604
50244
48137
48485
44239
51954
52723
50210
45964
48843
53851
45778
47513
48063
42992
56424
47729
50171
58692
52386
51559
46477
45651
46381
46109
47615
46895
53003
54211
49525
59548
56619
51994
53199
51694
56999
46608
49437
51788
47730
55388
53624
45289
51509
53455
52483
58255
55818
44272
52783
56125
49483
47525
46486
47646
46366
48168
57980
51756
50737
53695
41572
57510
53045
53455
45958
43621
52518
48275
59424
47474
47684
56346
51675
48668
62762
51454
54622
41754
55241
50720
53533
52664
44390
51170
51922
42780
51428
48103
51259
51502
47764
51187
52073
50717
45858
50352
54436
48929
55249
45608
47549
55161
54353
49573
47829
47974
51411
48314
51912
51288
47509
47303
49205
59758
49893
52873
59130
51351
49028
55472
62714
52351
46245
48475
46686
48767
46175
53587
52376
46998
51999
58636
53588
54855
56046
56067
53962
51046
47061
48640
51245
47333
51027
44471
46485
50531
52545
53927
49579
58196
51200
49127
45428
52459
57166
51800
53034
46389
45662
46441
48651
48642
52054
48168
51685
45030
48547
46457
48532
48334
51163
46209
51600
48958
48438
46196
48845
53053
48737
54709
51567
49367
52730
54326
51704
49098
47728
51794
49960
46887
47742
48271
48515
55559
53928
46529
44224
47656
52552
51691
44118
45031
51381
52817
51871
53000
48007
58871
46635
47881
48141
49069
45821
45002
58772
45988
51268
57622
46960
48084
50623
50335
51527
53690
45323
50859
46925
54863
51261
45360
58153
57907
59736
49757
48706
45205
53929
49832
48210
50084
46991
53687
54880
44290
50333
57447
48660
49697
49884
50508
45696
47520
42612
48885
51415
47194
47948
53061
52609
50461
47236
45370
48909
48583
51084
50256
51464
46016
50555
51316
48785
44905
51836
44247
49220
51064
51855
53106
48256
52510
54393
57331
55989
56400
46313
55236
50500
53924
46279
52150
51735
49636
49420
50003
46205
53821
52996
54867
54904
47139
45403
53738
46722
52763
47987
46902
51264
56225
59966
49920
43618
58385
43660
51089
56213
53054
51805
46293
49951
47206
46268
56314
50068
51858
48866
46895
45784
52911
49333
48986
47696
47663
47291
55428
48093
52756
49014
46608
49125
44139
45284
60492
52188
48998
50165
45439
50599
44085
49020
47863
57222
47523
49609
54857
50989
55136
54879
45549
54374
46064
55675
52852
43622
48374
46545
54832
45802
49703
47603
56000
39640
59890
48951
43872
51551
50775
48271
49720
45259
46477
55447
54541
50262
45419
44541
50749
48935
47014
50378
54469
50178
46108
51990
49018
54029
59151
52827
45880
55070
45085
48975
43406
49458
56567
54542
52686
45468
45261
46472
48251
46946
51337
46497
52534
47449
46624
54235
47119
53078
47969
47110
49734
52276
46730
50997
51512
48840
42973
49928
52849
51004
49687
42188
50585
49649
47626
50450
55523
44569
50670
45308
48718
57562
52085
49926
48663
50741
50330
47591
48549
54410
50772
53130
47382
53872
49893
51437
49401
44810
52692
50570
52923
47531
54870
46762
52905
47885
72689
56182
53836
53755
48922
50446
57370
45257
45706
45423
55285
49575
53067
49774
42858
47530
50395
45434
43906
45951
48800
46205
51097
49801
50834
52839
51197
47254
45140
51260
49707
47279
43922
49854
54033
53104
42371
51358
50607
48249
49559
47773
46567
46331
44623
50680
49381
44001
47484
48335
59926
51414
55334
55633
51110
55220
47872
53652
56659
57922
50779
50901
50670
47690
46111
55110
47370
47175
50550
53196
49117
49536
58476
51542
43800
45596
48698
47052
49502
46295
56388
43447
48749
55075
58117
46164
52885
46455
50616
55467
46417
48986
53216
43465
52905
50326
52496
53989
46259
49227
46508
49741
50505
46397
50538
44166
46689
50855
60549
52911
53357
55519
45159
47349
44935
53183
49234
53997
47018
48652
47783
49761
50453
57781
50631
51023
49254
46259
46598
50860
52535
51305
52083
44577
51525
45528
51595
44333
54899
51310
43590
48044
47348
45658
55642
50712
57937
50914
54845
57286
56332
46863
55635
49242
48478
42805
49276
55221
48377
50020
47384
62588
49249
50407
51275
46780
55972
46512
51652
50656
44360
50825
49105
46277
53892
52472
49208
56764
51249
50192
51715
49124
51557
53707
47026
48122
54759
45928
54737
47502
51115
52651
53227
56438
59028
49869
55731
53339
50712
50912
51276
54180
47913
46705
48101
54883
49750
50409
54468
49647
48206
44182
47625
47482
54968
55520
47782
49746
48976
52045
48149
49181
51964
56312
46480
48822
49011
51162
51191
54983
46537
52932
49383
48461
58410
46889
44594
49997
50468
46712
53261
41685
54666
49775
52761
43705
46660
45053
55760
53695
48053
45213
44276
49212
56630
50759
49528
50103
50472
48750
55530
60165
49551
54247
43758
61127
47480
53233
49286
46217
53859
64470824
