65048
65409
69660
57853
59315
75329
61163
65660
68235
54888
56449
68730
63062
67710
58014
64842
57803
66370
57116
58240
77036
55329
59933
59106
67284
57957
59041
67149
54510
60655
62297
67064
57320
54983
70169
59210
67358
54037
65762
58456
68408
59159
74030
58566
61439
62377
69146
61983
52911
71882
56430
65565
57666
58648
51979
59341
61487
63328
64850
62511
61812
53111
57497
65096
56870
64705
61790
57254
56575
63226
53802
63569
57677
66038
70307
63798
60481
53583
77855
60776
61732
61501
75083
65830
85836
66643
67351
53866
58832
68139
57108
69398
58513
53976
54298
65845
62003
62119
55264
60021
50720
66393
67686
60185
73018
59319
54466
73047
54311
69139
56910
69702
67187
72870
63240
55177
55721
57913
63616
62263
90445
52271
61581
43467
57155
61375
62489
53754
57719
54157
63651
67194
64852
64810
65325
55862
60315
55711
72037
57722
71206
77989
58742
61982
60635
63558
70162
59854
61862
58710
58473
52771
57778
60025
74453
58793
58410
47353
70698
56515
55708
67688
53378
53917
64043
64563
61674
55951
68586
61297
62772
72892
72834
70363
60761
71475
68851
55110
60411
62915
94557
59476
66214
65705
65173
64533
72209
61700
57809
54925
74749
61573
60598
67257
73616
55144
71708
69633
75192
72904
59433
65574
67185
56224
61228
55174
58926
56776
62392
56423
58010
55541
57932
72882
62913
65373
65810
62065
59942
70617
52899
65538
62163
59913
52281
65869
51774
68360
56085
65972
57022
69277
64335
57351
62018
61602
63492
61815
70980
63467
67126
59604
65309
55843
56971
60422
63790
56852
58439
72101
57373
75169
46229
62679
52771
59779
65729
54116
64110
60656
55822
51815
58785
51300
53059
66748
75846
59992
49283
63088
71516
60869
66532
51439
63173
58151
76213
50962
66224
60192
61745
63581
70930
57380
71042
64391
58528
68634
57353
69840
56868
57874
59035
60335
70757
58230
64586
60367
68001
49875
51854
63341
57091
65886
79598
65305
59704
65056
70476
54779
61684
52112
67422
66349
68946
64751
82470
59654
56325
60678
62828
63418
54184
64951
64887
69078
62530
59712
64237
61615
56828
65640
63632
59313
61124
72964
61398
70503
57117
64977
82008
49475
49854
69785
54984
62969
62995
65384
58821
66926
71221
58958
67314
60799
57924
55589
78932
75636
73082
64310
56269
57731
70163
58103
69353
63080
57062
61212
68688
58597
65153
68944
65054
73015
71276
55431
65481
72064
61438
54022
65962
59006
61651
73329
59788
75359
54873
60166
62078
66782
63386
62909
58164
60272
69666
57868
61606
59656
65392
64275
62359
77524
68713
66416
59747
84005
63696
51716
70038
61279
55951
60075
55804
64147
60439
63885
71350
58926
57308
62125
75653
62515
53803
58260
54571
67531
62406
59400
51146
53694
64280
67532
63242
60966
77174
56035
67282
60564
57510
61803
75316
62704
62864
60772
58757
54431
58033
69764
51361
61585
69365
68063
63650
67381
75903
65577
70901
48120
63469
75828
59798
59208
60901
64605
58219
71745
60765
58702
74625
68616
64974
66577
77119
54434
70655
50027
65793
56604
63715
61259
65669
54843
66409
61489
68800
67928
65790
57258
58676
62943
64154
58291
63747
55506
77818
57706
64052
53984
69293
52236
66785
58441
54317
56632
78897
62438
56062
52937
52214
66825
59120
53173
70370
70371
71507
61374
50519
52305
64217
60552
57539
66511
64954
64289
62810
52785
74697
52969
52323
74530
58824
71806
61083
62224
49151
58463
58069
61915
64548
74973
62345
61610
56120
66373
58867
75762
63768
58417
61839
66664
61703
59617
61132
55724
71420
55580
61696
63332
74003
61485
54176
68411
58636
62702
67972
57616
60652
52272
62025
61715
50251
64526
61782
61933
61249
66250
52375
62621
80409
61515
65549
60894
61097
61841
59910
45656
58300
46815
57792
63923
66179
55606
66263
72767
55852
53737
59599
69344
64570
69490
64939
66854
56695
72083
67147
64531
61672
55982
67749
58877
56322
60159
50952
57870
64666
67198
56250
55082
68394
63197
61510
60879
57760
70342
67539
51971
68150
55985
54204
46308
64462
46915
69475
67705
55559
59161
68267
60777
65416
59110
39967824
