78894
54937
74919
59012
69783
61292
66448
63050
55716
61850
72602
62110
68903
58558
53545
58214
61895
63295
56820
65581
70997
70262
60702
49473
75467
63805
53241
62176
64914
65353
62228
55070
53142
59973
58658
63956
66372
66511
59631
59090
59092
71391
60081
60947
72332
76324
57614
66862
53330
70450
62532
61127
58043
65744
62038
52874
48679
61006
68417
64081
67574
57310
74993
70108
62493
68452
60814
58840
62872
63190
58966
62483
54719
69116
61990
61139
60461
65864
62315
65077
64229
70268
60968
78586
63927
63148
60333
76852
54521
63109
57989
60703
74595
62039
61446
57156
45234
63939
70844
53833
56213
63440
80497
54889
80482
51167
66618
58620
71501
67172
62924
60750
60277
57619
59870
57820
71513
55658
64447
63566
58329
57672
74310
63858
71940
65891
68394
60167
66124
71628
60510
56171
61783
56179
63590
57670
67209
59300
63168
63427
55637
59701
66363
60676
58180
58021
68388
65555
78522
63735
64848
51968
70392
66310
54610
64228
79211
60581
55350
61982
66719
61809
65407
66475
58051
62137
57231
61877
74960
58654
72851
72647
55623
58370
66665
64099
58723
76024
68230
55612
72006
56460
49219
56357
56824
58497
49318
53728
72691
67852
63325
78706
59638
54121
58112
56091
60432
55019
61927
63921
61140
64306
63523
55669
57906
63936
55454
64418
66299
73726
59435
67849
63222
54008
66169
71172
65175
59113
61156
57176
74031
68489
62639
51855
56584
56394
54776
62023
63163
54375
77968
55620
72035
58094
60954
55870
73336
58078
63640
63600
64478
68961
58501
68632
59751
57744
87645
56461
64901
55738
77029
73383
75030
62817
77023
53034
51657
67310
67059
56328
59717
64703
56432
55442
61542
59155
63319
74762
55972
71012
62203
66147
79753
55779
49049
56272
61901
51239
71450
61618
60952
74482
67503
65355
76085
73044
53781
64158
65566
61478
60980
75891
63722
62892
64333
62200
76823
72924
58806
76115
55047
65413
63358
64727
70321
59890
58342
87350
70699
58234
69835
49942
61371
57937
70501
60396
71972
75446
58058
65034
53594
63068
72282
70105
57253
67675
71492
60463
52177
70541
72521
59309
65275
63578
54999
58641
59043
75885
56178
63091
61263
58449
59480
63605
59760
70163
78261
55257
57481
53374
56382
48299
68797
63316
58228
54858
60846
57642
55934
64395
67632
75458
54836
62920
63733
57084
58164
69306
76027
62749
70319
62257
65700
53813
59850
59358
63649
58339
50449
56221
69087
63064
58035
58115
71283
59281
67658
56266
62443
53470
67167
62729
83440
82360
58715
56754
64848
62622
61132
50766
63937
75559
56700
63121
68061
55833
60801
71004
64752
62905
65931
68871
55422
52613
57893
62079
70083
81302
60188
65581
60495
56213
59164
64782
85879
67377
58158
75437
70407
64415
56264
71394
62700
71016
59478
59066
73040
56817
61234
59192
60911
58985
83205
61851
57501
64745
71331
62562
51952
59558
74184
53855
62776
52110
56333
63967
69955
54821
71140
62594
68109
53933
51685
77631
66474
64616
58772
75920
79329
64243
77022
66166
70987
67221
59427
64250
51821
65078
54872
64370
66050
57277
66167
56022
57968
62120
70922
55624
72154
79336
65137
62169
70015
62765
61117
64493
52495
56957
59969
59786
68301
73291
63339
51471
55995
63245
72116
57681
56641
63465
64238
60701
49908
52806
69191
58892
71921
58610
49869
63950
59220
58324
54627
59983
64909
78117
61632
56172
63552
65449
64396
53872
60931
56597
63952
68253
62790
64596
62288
71608
57167
63942
57831
51175
61768
56263
61543
57812
67935
79433
59761
62235
69211
64309
51965
59115
65638
55865
63739
73816
65109
61288
57453
49749
63565
57286
57108
60774
66674
55018
55731
54498
58938
59332
56673
64282
56440
63045
64508
60415
49207
56412
60251
67359
53368
63470
52511
69093
73430
65083
52875
61420
64576
59620
62369
66883
65819
61229
63232
66482
54914
70043
72213
54019
59815
62030
62902
69445
62831
56708
65178
58804
64872
55855
68843
67113
69413
67219
61400
71035
65705
66839
57549
62632
60443
69192
66861
67826
67557
61331
60637
62320
59694
58046
59030
57692
50503
50138
53782
54663
40250338
