64562
41023
45082
40974
43672
48191
47112
47677
42272
59514
49050
51498
45860
54641
46165
47059
47456
58892
50154
53009
49425
43781
46758
51933
52927
46958
52708
45879
51542
55804
48784
51097
51581
48786
50762
44881
66636
60088
53908
52853
49790
54750
44095
51652
45564
55793
50733
47893
51717
43025
49595
48011
46176
50465
45843
43628
52114
46553
57248
51046
55859
50750
52586
55190
44066
44483
53739
51360
50411
47963
56477
48999
44835
54512
44032
46390
51661
47666
48947
49606
47420
47165
45857
56440
52598
47822
58311
48192
54196
41637
46454
43680
46764
44195
48265
45956
49295
50047
56396
51580
65880
54876
45521
48172
56744
50731
45871
52143
47886
51227
56275
47986
48615
47440
49518
47064
59233
52450
55117
48816
56300
51429
45549
49623
50498
60809
50498
43061
50969
54989
44459
51899
52343
49843
55987
56621
48126
44734
45365
53410
53383
44996
44030
56246
53601
52341
56539
42933
49652
50052
48910
54629
51960
57219
50457
53337
43963
47214
46967
46979
47858
48818
45952
46348
45494
50809
50069
51184
49434
51564
47317
47335
52264
46088
51641
55151
61423
57527
49849
54423
52995
57721
49387
52082
43533
43966
53946
46933
45441
51910
51996
52895
49458
51238
45077
54820
46320
54940
44468
50315
54294
47598
53033
54246
43329
50264
47746
53459
50521
54248
46703
47228
52830
62354
47781
46691
48414
46286
50779
50157
54200
47250
46376
54843
52514
55301
52065
51978
47039
56463
58893
70994
60802
53620
41304
53571
48546
42543
53675
52452
52906
55490
44240
46811
46598
47869
55311
45007
46145
52498
53417
53865
47653
47108
57324
50425
50675
46456
46251
46727
52582
49778
48005
55096
56098
50223
43985
54200
55704
44794
46044
55781
45301
53836
52657
44911
45063
46094
50523
47137
56284
55483
46471
48198
46594
43207
50563
49810
51010
52875
48276
46181
51499
46662
57228
45417
50075
57031
50138
55412
51952
48741
48735
46939
50776
50810
52899
50265
49521
48135
48105
51159
49581
50470
46657
55359
44774
48745
42997
47810
50833
50020
54158
44885
43550
49442
45799
46477
45235
45686
64638
52518
48999
47348
53769
45960
54746
53069
55644
51997
51579
55168
45926
46986
54040
42252
52460
52017
49344
47408
52526
61900
52760
47038
50531
50625
52492
47642
48213
50542
48159
52855
50015
52940
43838
52674
57973
46773
47752
45153
48763
49047
48566
51073
52379
54242
49623
66241
54507
52497
53337
57916
53647
48381
49828
52335
50730
53195
47991
46191
55715
50262
44000
59077
54568
51155
48144
52314
51036
45549
52052
49432
59334
48054
47990
54190
48364
54403
50102
49983
51597
46513
46642
53712
45880
44490
51012
50140
46474
46844
46237
49692
45758
52452
45048
54757
56208
64733
50748
47010
52078
52274
45232
52963
47396
58723
54670
53736
51137
51908
49883
45489
53709
46284
54774
47834
45544
44552
57306
53683
52726
52707
57319
47408
45363
49150
58157
53535
45118
56545
45618
57339
45288
54512
46283
51965
44741
48583
48157
45067
52101
49731
52056
56969
51349
54658
45745
52632
55036
52535
45462
53541
59618
44934
53607
51378
45788
46350
44817
47732
45789
41337
44729
53225
54165
45413
50668
48406
46332
44545
48538
51867
60504
52290
47610
50024
45763
60419
59266
55616
44296
57409
48814
46629
49260
46516
47878
45539
52441
45959
51875
55832
55954
53138
52087
50626
51594
48428
48578
45629
52115
54095
54810
52557
56431
47764
54229
53163
53399
53752
49131
50952
48335
52474
47937
47791
56058
59991
52769
51251
47658
46973
45194
54161
46920
47049
51370
50491
45681
52030
48597
48261
45679
49177
51388
52158
55188
44822
54114
57369
50301
48608
51837
46696
55806
54210
49603
47567
46557
45694
50634
49637
48092
47576
46089
52185
54458
48563
56237
44448
44268
53201
47002
52689
50562
50353
47348
47392
61083
57776
54317
51139
42085
54868
48567
54407
52503
45934
57560
59781
46988
53119
48987
49002
45834
53937
53313
52257
53359
42281
50710
45480
64586
53635
45155
59860
50731
47511
50425
45730
52959
51601
53549
45474
44790
52939
44181
51225
51667
52108
51292
48547
48388
44028
50117
51083
44123
49043
43925
45253
48376
52486
57951
54595
53611
57168
50062
50836
50785
50129
53222
53699
53232
55072
47435
44334
51802
49944
54668
54914
48241
45369
49990
47585
54372
49896
51859
57226
49398
49077
58142
43051
43757
46626
48124
52519
49319
49150
51303
43674
47578
53708
48943
47461
48881
50712
45247
51064
52416
48965
59928
48168
56066
55573
48456
56826
47404
57774
54298
49405
41525
46122
48804
48887
46543
43202
43279
52751
51577
61402
57773
54283
51840
45089
53951
57135
54845
51694
52631
47765
50755
50490
49741
52221
46429
53878
51857
46289
50035
53515
51820
50012
46577
47672
51064
52796
54872
51035
50838
53083
42706
51415
44086
43736
52313
55799
54954
50947
61080
56167
46789
57349
58955
49632
43833
45774
53076
52341
51266
50809
49818
53736
44986
60456
45561
49818
47266
47863
51911
49810
51568
57538
45726
47569
49205
63078
48156
49854
48096
44540
47174
50580
50346
44499
49108
44689
52911
50027
57251
54887
57534
57573
53795
48640
54520
53625
54868
54291
43200
48462
51576
49983
44753
47655
47789
51097
49998
56029
55416
51671
48159
54903
54768
57726
52405
53302
52271
50509
49712
46521
50720
54785
50415
45039
46608
55162
50697
46765
46825
51377
53507
59202
47339
53328
50754
45140
54757
51101
43737
49982
50178
46741
56444
56668
53481
53933
56685
43582
47044
46105
45057
53425
44429
51225
50935
48130
45008
45393
49511
48752
53467
52073
57942
44832
47894
48741
49485
55793
49038
44445
55597
52262
54625
54960
54430
50526
48274
50876
48120
49285
50987
51654
59632
45233
50293
49688
51170
45562
46786
53626
46208
49075
48233
47604
53257
52751
47510
46970
47474
45805
45674
51960
51836
47620
49199
52227
47440
56924
49323
54450
51388
49192
47745
43169
59778
47696
55150
45735
43059
51461
51001
61945
48457
47758
53339
54033
50569
50983
43932
49763
48962
53506
50540
58890
46975
51006
53620
44793
49780
50974
51291
47378
45355
46292
45243
45605
46416
54612
46387
54103
44696
50643
58619
48430
60502
47132
62294
47135
51668
48013
44555
53133
51733
57080
55491
44370
56126
49427
49944
51574
47092
51109
52543
58795
45116
45322
52498
47423
53546
52577
47622
46178
63744
48399
54974
47052
46437
48072
52679
54293
50074
48919
49478
50766
51723
51537
48453
55805
60033
48829
65093
61449
50359
44498
50048
49204
47561
46112
55328
47717
52911
47064
51626
49095
49944
47925
54001
49220
52119
55509
44097
47983
46148
47226
47526
50623
49717
48242
51047
50849
47587
48811
52406
44413
50312
53887
49728
52647
48856
49144
47626
49971
46969
53617
50969
54554
46001
47844
57153
47783
43775
46572
57890
61729
59131
56601
49480
46561
44581
52265
51370
54649
49144
47847
52997
54646
49699
49132
56569
46900
49102
44367
50290
48679
49165
55772
45631
48940
43257
55043
55179
45247
52143
44785
49648
52714
45660
58657
47783
44545
54120
46706
51463
45060
48729
50086
43881
49286
54858
52487
50596
52201
48552
51252
53440
51011
58511
47912
48783
50723
45646
53422
52476
50240
46786
44610
52793
50128
47328
45487
53910
44925
48417
45149
46996
47828
51588
50761
51771
45500
54364
51050
54112
51127
55293
57445
44983
52416
49791
46682
45804
52587
68662
56357
55064
51629
58377
52862
47511
44355
51993
55411
49713
43223
51243
51316
52927
50747
59911
53506
48444
47752
45730
51965
46709
52365
45212
47511
52028
50298
47264
56311
48493
51481
55882
48628
48549
58690
51679
50391
52600
51742
50452
53132
51108
46259
43800
44876
55648
50289
52687
48447
46635
50198
45673
54815
51056
45878
45900
54468
43536
52547
53695
44673
44732
43536
55167
47501
46742
45249
63158
49025
55057
54170
49267
51919
53178
51319
48774
49495
45168
48600
47541
50864
49640
50295
44408
48562
56068
45649
48768
52276
52840
44898
51313
51517
51860
46181
52683
52999
48362
56901
49847
50545
49033
49187
45903
50179
50097
58535
53971
46603
44580
49593
45852
46521
53591
58276
49794
53096
48344
56903
44330
52011
49391
55207
47261
47817
48795
55087
64618309
