140154
110835
113687
100994
108203
115485
135089
105440
123456
118484
103479
120299
109912
103365
107436
99079
106156
99259
113484
110089
91444
104565
110884
122474
109018
121496
97405
102931
101131
102641
80641
99525
117174
110862
156029
109817
111460
89579
98858
121126
102052
91289
120135
110008
128705
91954
137341
94900
118200
66542
113457
105750
85636
125601
99300
86658
128698
112352
115307
85916
121987
111121
125994
103622
86505
113073
99718
89126
110238
100954
116879
94484
93318
106445
112391
113358
126727
117067
111473
101929
126449
92847
91221
125675
109781
90047
116793
101145
106470
123573
116680
109319
117740
76015
139529
112000
99977
91708
110172
96552
137680
109546
88442
124828
118716
100043
84377
103612
106784
117992
115359
99809
99983
100847
122029
104849
111864
114664
126092
100312
89948
125478
97296
82424
103561
105765
96096
140705
87308
96387
116569
103033
82311
92315
117087
101810
122317
102316
104826
108600
95064
136137
88847
99471
99456
95019
122783
102113
129779
124039
105018
79734
133329
136322
112622
107829
110696
83404
106077
133234
110371
114688
108914
82917
95451
103563
118329
101951
121520
96031
112734
103942
100580
114181
106657
116938
102128
114424
115492
115138
112426
109751
94777
94119
115095
98773
82995
108977
127596
111391
125362
85994
114297
110378
114957
117410
84902
107897
82215
92118
112727
106366
94753
109996
107619
91217
97193
128007
88359
118254
94538
94855
111602
87601
94021
96779
99080
95323
96837
118618
107730
103204
112970
100697
105947
114326
78611
116864
102662
93402
96407
110423
111799
120919
91054
85177
95986
79099
68119
97700
87906
120447
119762
113272
124887
106754
103335
100071
94820
115629
104326
99803
111511
94808
121831
115117
107330
125289
117191
112539
100236
105612
89915
94545
98952
90062
106443
95874
110249
102037
108992
99766
98398
114169
99480
106456
113258
100387
125036
129467
103046
112161
89441
122988
107193
107364
106883
102927
110428
149760
96490
117394
112625
132681
127233
92606
112368
119937
118304
89913
131778
107644
110838
111660
101861
78627
107936
116486
105260
90333
100144
101821
101560
83123
91483
99324
110827
95765
94836
91177
34132708
