57584
49043
54227
61133
47568
46778
46647
49636
51027
43955
45990
48175
45168
53788
45780
57761
51445
47636
50651
43439
51911
54447
52927
50970
51113
59447
53471
48025
49001
50875
47947
48599
48243
48341
50817
60531
49927
51250
49628
46687
48652
44839
60075
58727
47682
48091
57522
48471
49079
52934
50552
48444
54350
45209
51438
51929
47155
50971
50980
50762
46484
52811
57452
44232
50331
46703
43597
51117
59156
51020
49878
50579
47956
42899
56003
45032
45564
52469
46728
49422
53473
51575
42309
49819
47571
55074
53304
48712
47372
52146
45250
46946
47464
43277
57568
50466
46170
59858
44510
47687
44100
48222
59187
50724
49454
53092
50006
47832
55036
60021
51961
47083
45382
48933
51152
50009
50094
54517
53672
53481
46590
47555
47406
57448
49807
45937
48988
42716
53245
48828
45783
46146
52229
50437
50814
49060
48620
53378
48194
47511
43089
50038
43504
46394
47625
51338
45204
49915
48989
49412
47885
49552
51753
55816
46510
50332
45483
48621
46380
54081
45187
47664
54671
47713
43912
51284
57730
47745
45427
50301
45567
44389
49563
51653
50062
52894
53213
59652
48417
51911
52453
55481
57597
48438
46293
54424
43916
53101
44407
48840
53008
46874
54658
51341
43562
58342
49182
47507
56726
53093
45247
47282
47981
54817
52970
49774
47320
46967
49205
49473
51529
45477
48489
49360
46473
50254
44298
46915
52238
48331
51703
52209
52963
57134
51405
52443
46423
50501
50809
49510
49685
61900
64899
48528
45942
53509
52882
44785
49151
58014
48150
48634
44869
52787
47505
49413
46233
50606
48392
48736
48273
51179
50798
52277
53708
46781
47133
58103
47945
47743
53581
46769
44188
54668
55726
47939
44631
54997
47241
53023
42709
49452
53995
48907
47538
55321
64951
50489
48757
46459
44330
48200
49754
48549
50079
50818
48103
54643
51166
55185
51059
50282
46499
51549
58276
43898
47746
49937
52755
56006
52220
58634
47684
48062
50045
45684
52541
50400
45676
46314
43717
51188
54122
43174
50347
53005
54505
48031
44540
46534
49593
42990
51384
50400
54772
47864
51935
52971
49386
49404
55729
64454
50912
44503
47349
49516
53373
52174
57189
52202
49816
46782
47475
59438
46981
46239
47351
47718
47588
53062
53178
50526
45049
50446
51221
47109
50991
51855
48956
54939
52335
55282
48143
52358
48848
50348
47218
44211
46275
51742
46680
50841
46911
52277
54134
48841
49937
47952
52923
48647
50362
50772
49810
47751
53020
48292
49722
46999
51048
48694
48346
49839
56037
46975
52327
50057
47840
50296
50295
50430
46083
48786
58863
51905
55008
45221
49084
54378
52462
56295
51155
51885
43015
51226
53976
51334
53003
45679
53045
48687
47728
52000
47717
45824
51130
53739
59313
45895
51534
59781
58713
47240
45185
44884
50664
55467
43745
52196
57055
47316
54276
45796
46973
55379
50699
54531
49409
49703
52149
53121
55593
53688
46862
53306
53035
50704
58269
54473
47307
53960
47091
55472
51040
48175
45865
51533
47650
54990
48065
58931
53901
48386
52495
42046
53953
50614
58637
55172
48468
53847
52399
48957
57977
47181
53840
49039
46542
47060
44946
48856
50966
50085
50899
44839
54783
53899
47979
50276
49508
52012
50616
46859
49461
52188
53459
45542
47510
49728
54119
48884
52643
51980
46603
45610
53431
51056
58703
46337
50150
55211
48747
48534
60546
53389
57900
54452
45709
49909
52342
53724
50736
50308
54104
50734
47540
54135
44189
45490
50282
44447
51946
52422
46783
51189
49164
45408
48315
45779
45133
54195
51117
46453
47511
53247
48473
48374
46517
47554
50771
46103
52259
47004
51584
46990
42926
56821
50767
51636
49265
51309
53455
53459
50092
47580
56240
48603
51220
51138
47742
47842
44669
48621
51239
45602
46765
44596
40735
59789
57320
46865
45915
48367
52319
49887
51628
50555
49927
51919
47155
56299
52955
46271
48281
50426
46124
54808
47670
53390
49624
45770
57519
50343
48979
46207
47989
49088
46894
48929
45912
50076
55406
50421
49275
53073
53005
52300
46674
49038
54770
48568
46860
52241
45529
51017
48498
57450
46039
50318
51966
50808
47341
56931
50023
49815
49638
49544
49793
45263
43348
45620
46114
46763
51649
56788
58482
44525
50964
56511
53496
44781
49421
45270
49535
48409
51309
49553
46869
47601
42929
47153
46876
51549
51533
47097
49934
49988
53416
49213
43129
47091
54280
50848
50741
48034
47695
54169
46418
49580
45735
44199
52795
50050
56289
60805
51081
53191
47751
54841
49450
47317
53807
60893
52716
47649
51881
50930
49537
52485
57873
65847
60413
48384
42883
46690
48847
46065
46432
51292
50895
47900
49950
46011
57747
44963
52212
53600
50780
45990
54332
44306
44104
45760
57201
47597
49781
49413
47025
56496
49441
49176
48034
50962
50925
51730
44920
51050
55343
47666
50767
51065
54833
51346
49495
48437
47293
49823
57279
44005
55239
50166
49099
51937
51354
52879
48426
49499
52966
49050
50343
53774
51820
58912
58337
46613
44715
50362
52343
54248
49708
48766
49333
50288
46453
44399
50868
51494
47892
48689
59155
54742
50111
51219
47896
49764
45913
43482
44900
51636
49563
57078
40574
55146
51771
49776
53425
46411
51795
56080
42488
48759
49077
49099
52005
50324
57250
48014
49374
51020
46246
49447
52268
55746
62110
54510
49984
51312
53904
54045
49525
50998
51555
44975
51905
50730
44884
43464
54563
48217
49398
50308
57292
52629
43707
61736
46913
55337
47910
50257
50052
46312
53305
43802
45628
45985
50048
50606
53615
59867
51228
44850
51734
50866
50891
47810
49420
46185
51094
52587
54807
49657
52189
51568
53779
48922
46673
55524
43534
44271
50924
56878
47395
49816
50253
49406
45281
59250
56360
51140
48882
60106
58190
43680
49032
46992
54489
54112
45686
52692
64005
55171
44331
46496
60125
46015
51246
47515
51013
46092
48111
50320
52598
45365
50216
46717
47694
54936
48873
53381
47258
53809
46618
48501
50974
56360
51098
45362
51697
53279
48276
47841
45519
44555
48328
50991
46586
46576
52705
63335
54533
48881
52587
44377
53863
50534
48045
46288
50763
51258
47740
44192
48729
46448
48321
52868
49094
50384
47661
49758
44612
42768
48850
48249
50968
49037
49158
52652
49891
49018
50721
51950
57650
45538
46658
49943
48280
51486
48873
48078
53970
49313
49633
55847
59174
53495
51091
50646
57847
50443
54032
52901
47157
55067
44591
42176
42958
46457
46389
56446
49002
48161
52155
45362
58885
50704
55326
50774
48400
47428
48017
53212
67250
57444
46493
46229
53730
56689
49174
47126
40142
50616
47386
56041
51243
52964
47797
53784
51986
50915
53375
46643
46922
50164
45328
48499
46481
53609
50944
46391
47890
47020
49722
49788
58759
56280
47163
58072
44831
56835
43969
50470
57469
53529
54188
52896
47730
50286
50073
48110
45708
48544
57435
54472
55006
54359
48133
58751
48162
49836
61869
44953
56981
55035
48555
56548
51126
45793
47468
52276
49173
45261
62736
48294
43684
48387
48198
48180
52689
50077
43112
50752
50373
48323
44113
58316
64933
54277
56219
45726
46262
55090
49383
53353
61062
46421
51671
46355
50597
46173
49773
46987
44047
50743
47349
48459
53034
42500
48828
55061
46158
46400
50874
47098
49162
43057
53662
54222
52378
58226
50526
48626
55685
46964
56563
45470
55352
49841
50514
60388
51270
48679
49862
54196
58515
53250
49303
46295
46030
45006
45882
52345
53505
47188
44589
48636
56580
51450
50978
48137
54798
55648
53754
46087
48843
43501
47102
51745
56858
50082
43969
49041
56368
48282
50871
61855
54830
44045
49412
49711
50030
51435
46450
52920
54800
47018
56494
53191
58156
54936
46308
48745
55643
53586
57076
48987
45117
49900
47018
60239
52164
48276
47047
52645
50171
59142
54279
48618
43856
43295
55462
55956
45408
50039
46592
46176
45082
42211
45723
50398
46850
53448
52562
46898
53090
61065
46538
58100
50836
47801
47411
58606
52448
50011
45918
48305
52302
52448
51002
50087
46804
50350
48984
47228
52493
53778
47450
46767
47791
44438
51994
52824
47195
51939
53066
49575
48028
48710
49177
43447
48493
52683
48677
59704
54800
44720
49319
52727
55350
45279
48934
47505
53117
48024
48804
53907
45666
43599
51965
46735
51698
51412
64428784
