86804
66399
73116
66181
64667
62084
50246
59344
72474
70213
60027
59235
57108
66930
60882
60414
56541
63076
64828
80702
61976
69709
52203
50433
66914
55604
49277
70547
62184
56421
76568
69317
58252
53328
55837
61668
55554
58311
59545
63806
61616
66799
56013
61655
48424
61050
66173
56892
59449
66909
61064
63982
74957
75144
63136
77686
71641
58111
56040
57378
53278
75624
71526
68465
64604
60082
62224
62114
81060
61075
65717
60844
55934
79833
60403
69856
65580
58153
70752
66101
59027
71841
63284
55254
72007
65994
67264
56241
57379
61405
54249
76344
57725
68267
72851
59685
64115
65665
51066
70114
63094
56511
54864
59602
58642
73739
64141
69886
75866
77239
58905
62089
68956
55214
54000
68415
65130
51185
65429
57901
51419
78864
71174
49409
62791
57532
53211
79733
56891
63047
54458
59374
66469
67889
57551
63279
63648
55088
61139
76011
56086
63349
59298
58463
60123
62534
66205
72176
65364
53927
64415
59315
66626
53928
64081
59631
60793
83764
60760
58709
66642
62900
63568
59693
59803
77024
59749
53005
54777
87879
60299
67088
58692
62096
57443
72244
66456
53584
58506
57975
69885
81879
56793
77564
65311
61841
70790
52767
70213
60406
59049
71783
64286
66880
79895
54088
60851
59085
56046
54518
54271
69727
54566
67175
60141
66574
62037
58346
72144
59779
65803
61028
61732
62218
55452
57977
57975
54059
56160
58125
59890
56639
55795
74101
58860
58376
68230
59497
67884
63912
61576
69529
57946
56609
79360
62978
63057
68235
77000
67178
55262
67651
70286
62298
77453
57571
60472
56820
55135
68233
59208
55030
53908
60072
55417
65393
69816
62498
53617
57254
57009
69784
55128
62985
69028
70956
49829
73755
58857
67436
56776
57720
59583
76370
81568
60048
47766
56017
64363
60911
50728
71120
69434
58747
72587
61386
58309
64163
58806
59013
60156
65517
62715
60570
51311
55051
48116
66004
67945
62623
59670
54974
60992
65939
61867
66457
57107
68750
55923
75031
64464
60536
53144
75904
54154
68670
70223
59502
71496
61959
48057
61860
59842
74939
60605
63656
58131
61651
65633
62507
64655
59377
54639
61644
56966
46100
57798
65705
60961
61987
59137
64748
67579
69278
50637
71225
66626
63908
63398
55156
53777
54990
61842
68642
59119
65559
60347
63140
65774
62750
60011
56508
75745
54453
69714
58241
67410
74515
49745
67262
66428
62093
60548
50142
54064
66959
49137
61981
54935
59370
62415
49798
64689
51699
56987
58110
56227
66805
60946
58754
61030
66427
75462
54372
67650
53763
54144
67632
68232
58541
53759
71088
70800
68926
63600
64830
57151
63261
60023
65859
72562
53722
53186
66018
62905
52923
57902
62935
59732
59728
63945
69432
55448
63039
65198
67333
57697
61836
56678
59232
57215
73597
73556
56406
54163
68605
64889
61452
66582
59437
84076
63414
58129
72341
57054
63274
57799
50928
63749
58170
70991
59521
59924
63942
67358
60388
58229
61348
58545
69711
66102
64489
56474
56348
56445
59168
63879
59702
55582
52568
57516
57942
64676
59770
62181
60097
65517
60799
81582
51132
66010
60383
70552
65237
72399
72431
69504
61710
64996
60101
62584
60499
72234
60567
56153
58403
68085
65762
56591
58673
51615
65992
63373
52034
79272
53977
68044
56536
59849
62815
66494
64121
52940
60279
57911
64504
59520
62806
73254
60967
62830
64508
69735
76448
58603
56365
66015
60020
62028
72002
67749
65951
72557
60613
61857
60775
60267
68536
62958
60728
65030
62430
56626
62210
72016
62907
66185
63487
66669
59935
48856
66287
65555
59884
54754
58071
62162
54861
61169
54460
60510
79826
64050
76300
60115
61420
57324
65949
68955
58438
55403
65095
68503
63313
55445
63319
61945
48245
52883
65484
69157
62346
63700
54736
63295
64522
63413
69884
61738
69110
60831
57831
76032
52547
59684
56030
67462
56603
58486
72209
75956
52688
60652
75908
57240
64527
60599
61340
57488
57692
83647
73297
55050
67052
56523
60977
60995
55254
64287
61157
48786
57338
56314
66231
62869
60306
79528
67030
74778
56682
79136
64487
60385
55854
66336
57756
67044
47835
55753
43872
40031680
