119599
117757
107790
107544
95324
112066
124756
111376
140429
92357
101905
113429
98191
133059
87854
103618
100867
108406
107264
81176
100577
98856
108202
100741
79081
99368
127238
101169
102944
101298
101666
130324
116515
93179
109461
113458
99748
123456
83642
108134
114053
97846
98665
95300
100397
99722
109868
98635
83882
97103
132495
111896
98545
99761
85802
100677
110367
114409
116250
104570
104694
88280
95453
91953
94626
114708
110050
99119
101149
111525
95774
127918
91299
110853
93764
107823
122287
117594
94875
121789
95132
112044
105250
130913
108955
99983
111303
100368
136812
93875
99382
99583
134572
125066
101576
108204
106416
107874
111000
95182
98357
114479
96877
96366
95924
102706
122123
111714
118537
130589
104352
86762
102022
101688
83353
107049
101402
116443
117374
109304
94702
129426
110351
107559
105000
122206
95944
101318
117140
121462
90741
120476
125949
108677
107961
127533
128581
129252
108087
88616
97497
107395
90788
101923
121496
90811
88368
99732
87932
117879
118323
111283
91992
109099
117090
110450
99908
87079
101732
95303
98005
106730
87441
93223
82866
102615
115996
104874
105645
92021
114540
130549
115763
96575
109976
112509
114291
84732
106181
113598
101689
99553
111858
116987
104369
94259
118164
103420
92941
81444
88966
108539
115379
109329
118421
124720
104100
110783
92776
98670
84797
85865
98273
134707
87644
124593
104850
108935
113152
97926
126893
105346
99882
108588
97262
124275
109711
104008
105017
122060
81443
107705
113623
99123
109866
127557
111199
120969
100532
112858
99423
94095
126808
114249
138258
126992
93552
96098
118029
123426
132710
118831
105401
132518
113120
108199
116227
95444
86384
97715
97597
108643
134233
83160
94724
113245
100314
96890
86200
102057
86916
123406
124765
122703
117747
105154
91075
113718
107030
117725
111113
129463
122694
120775
127200
135514
112339
92067
99006
132879
76218
115747
110539
117764
118737
134947
95213
121951
134851
85920
107964
106378
96190
117944
86695
101935
92720
136866
102218
132857
99913
98171
112418
134869
118501
89789
101193
111222
96005
143622
107826
85347
124230
79464
95957
77926
98759
79987
56247
49710
34133369
