117929
125985
98314
131935
122956
95984
133773
77148
112155
92286
127708
124981
123882
120309
92329
117560
119298
112594
138729
107802
103497
97661
130340
118788
91414
121807
94925
123977
102320
119753
104106
118567
94997
92748
94634
93599
119360
106063
145911
109222
97253
100741
100023
95480
81586
133747
107771
110858
94255
87233
119719
103272
97518
115845
103693
136901
127261
115363
115773
120493
121624
99715
105350
102163
88427
123678
101728
120196
89397
122809
98033
97851
85434
94235
93233
98906
107560
115819
95252
101469
112719
88074
99255
108860
93325
101372
113722
86284
109360
105825
134327
103997
94996
134091
104193
86637
108409
108870
100897
104984
103980
100835
92451
106653
106810
93455
94337
98961
88706
106281
99081
95224
85726
114630
136178
105958
115985
113467
96688
120304
113946
115306
122005
123405
86258
131781
110749
141550
99842
91814
123421
111486
97632
115524
92095
84910
90323
97077
92620
103532
100077
106038
120577
109093
122086
103258
121867
98391
109180
121119
92703
128503
107326
115712
107303
105228
128883
94557
102774
94558
72952
98480
95114
95881
106333
102922
96705
106980
109723
109458
105882
94545
93828
115077
114358
115827
105458
107171
115408
98529
101992
78821
78391
122314
104382
90277
85214
112380
121530
102965
105738
117350
122586
104907
128404
97322
104897
134400
115129
100404
113207
83454
119374
100708
99052
126969
103972
115869
109176
73173
97862
94593
97330
120583
109112
111610
100065
125419
98340
124632
108711
102567
136838
89260
118679
109083
99062
101937
97165
126516
108169
105025
119936
100105
114875
88960
97204
117674
130189
109256
113504
125956
135348
147100
107313
134598
112743
106636
97296
101342
114321
108637
93729
117470
105435
107289
92535
108945
128089
113462
92776
110957
112031
89040
133825
101517
95709
103977
98720
103218
106497
124773
116176
111056
100699
141053
122090
85790
106897
109412
105782
139611
76207
95296
109359
120086
102747
91540
101668
118870
117170
107739
110947
94375
115661
114536
95696
96709
107755
98802
114231
118363
96000
111393
120107
132188
125845
80724
127125
137467
128621
95401
107760
104448
95918
73563
85539
82962
78271
63527
34349141
