62879
50816
49880
52840
54984
56941
51289
50187
57188
56061
54811
53853
49074
57589
50454
60969
58187
59976
58521
53865
62068
58112
62367
48598
60189
56512
55658
55580
50490
55385
54577
62736
59716
63832
58235
59923
54822
58726
54143
63423
52901
53240
57867
51237
55560
52081
54391
52140
52793
53500
49893
61456
55888
53388
57419
50543
52030
53692
59528
53200
55460
50061
61377
52503
56361
62408
56205
55613
52073
49531
48486
62005
49331
53937
61329
48575
56336
49778
57604
54036
49945
59031
51108
55918
47314
57459
57038
60509
48764
52037
59752
53536
49871
56193
57558
60542
54907
59114
61283
56196
55594
60641
54306
54286
56202
56049
47869
50858
58679
48071
50869
53401
50356
47157
56550
59430
54753
66468
65048
59176
54802
54875
52547
59298
53095
52324
57891
51041
48474
47400
58344
59489
51268
59961
56715
51746
49873
51362
53360
52455
54402
52541
58184
52208
56634
50921
57633
54855
55050
53885
53062
52231
49158
54159
53698
58310
64430
51522
58639
58372
66369
49299
62414
54311
52012
52834
51158
55975
53197
50934
52641
52159
59369
53744
56156
50234
63854
52810
51078
53146
53402
55663
50387
53473
53648
55752
57391
55085
59326
54422
52691
58514
59920
59041
50651
58240
62674
58531
57374
49283
58754
51879
53002
48772
50112
57138
53813
57252
57872
60196
55905
52666
55227
51063
50897
59000
54833
62660
52666
49864
54190
52982
57264
56125
50480
56196
56245
51960
59272
59201
52275
53307
52107
54120
54254
58648
59505
53478
62459
54474
55423
57447
51117
58621
51902
48738
54653
61788
56361
50751
57667
57378
55758
61247
51942
60229
51226
47291
54308
48764
54984
52003
54657
59324
49506
52482
49697
52465
52440
50742
54870
46680
56527
47750
59020
57533
51653
52874
53306
54062
46332
59698
53247
55140
50801
48079
53361
57577
57701
53087
54271
57246
57098
58586
56725
61843
53175
55841
56695
61327
56971
65108
52885
56179
57781
51933
58886
50908
50397
56281
61528
55399
52129
68227
50693
53742
60399
58093
60444
53591
58887
47248
53590
50983
50535
60277
56544
53350
59980
53064
54075
49339
55881
60251
58754
57482
60546
58440
62001
59655
52079
52123
54655
57733
56464
54333
52900
53348
57344
48580
46340
53835
59371
60152
58000
57213
59642
53263
57475
59971
55910
61563
55229
53989
55185
47783
51170
53003
56984
49018
49071
51686
51653
51486
61753
58476
56214
54542
51115
54673
50800
56454
55853
60047
52796
57989
52113
55424
58797
59110
64895
58875
46220
53705
48051
56740
54957
59366
54074
52254
47823
55276
50278
53464
52196
56873
58221
55473
60004
55547
58878
50950
53372
56671
56362
59449
48553
51588
60743
61733
57146
63716
48876
60963
65237
61456
48602
59583
57486
52717
65331
50451
54745
49548
57145
56951
56227
58609
48005
57654
49068
55374
52558
49110
52584
51269
52503
56961
54649
53007
56028
66010
60762
52944
54606
49051
47246
54580
55026
49957
51694
54044
56586
56004
50189
53369
54110
56947
52777
58148
50132
57345
48096
48782
58176
52243
59974
52473
59228
54783
51220
53278
55523
57049
48893
56557
49199
49807
51791
58765
53786
57380
55383
51571
47857
55800
50818
54470
57112
53233
51870
56295
51668
50190
60160
50522
53609
50221
57522
51544
53256
51975
53449
54245
52539
49393
58803
55139
56702
55369
57044
62905
57709
53083
58574
55100
46179
52290
49913
51229
55901
49733
61162
53062
50478
53287
55219
51205
57631
57450
51980
57289
55555
52033
51929
52466
55542
56118
52618
53832
55947
50760
55571
56011
63633
55337
54884
52200
49966
57766
53480
55130
62840
53688
56990
58487
52952
54751
66970
54717
52366
48831
51388
56974
56729
57331
68156
60003
50286
56931
52207
59388
58515
55718
52847
58839
66733
60338
55203
52441
53225
60419
51847
52670
56793
55133
46602
55984
52534
48656
56631
59946
61117
58353
60723
52472
55928
56858
55682
48730
56497
54621
55739
57027
53047
57226
57901
60603
51806
54406
56299
48654
58017
48859
64615
54151
54169
54134
52751
58627
55727
53592
49677
54204
52288
58042
55266
58931
53428
48923
52898
54653
58954
60224
49477
61423
46301
53388
54791
56655
49205
51696
50496
54887
62469
54760
62289
46703
56244
54608
50405
60002
60700
54170
52977
54358
50733
61420
60992
50814
52970
51814
55829
55095
50960
53051
55678
55779
58812
53639
57858
54054
49339
62970
50055
51332
55614
56646
54938
51335
50669
49396
48346
60326
49876
57847
51776
62199
48369
54187
52747
58227
54230
50779
64258
51518
51633
52785
53560
52313
46089
59725
50024
51981
55319
47784
50148
54652
56969
56309
51844
58027
50089
59093
54603
61435
51509
62504
51027
53612
53849
57885
58455
58751
55187
58832
58575
54820
55978
52385
50899
56938
54218
53204
61878
53880
50515
52697
56858
58920
52220
47895
56414
51586
51244
50479
55899
59702
62681
51750
48472
54398
56904
53082
50700
51397
57331
52305
49979
59103
48139
49643
52885
50408
60079
52760
55689
55467
51718
50279
49021
56298
50646
53773
52864
51143
61636
58730
59701
55453
60483
57608
51697
58366
51811
55461
45842
54195
61313
57523
48348
50844
49736
53445
57368
51763
56266
57472
60438
50284
53323
55122
56565
57165
56871
50017
57154
55916
50428
57849
51810
55014
48916
57267
54335
50521
52530
57162
64843
52500
49510
52648
58376
55215
52214
58398
58518
63022
54022
48770
60437
44488
55217
54084
57924
55016
50923
64436
63593
53448
55440
57217
52862
56363
48674
49598
57268
59533
53525
49199
58235
55948
53620
54460
53160
58110
59785
54545
48729
50351
57796
53671
53839
49905
56835
53149
50506
57007
59109
52098
53241
61716
50287
60888
58445
57064
58754
54254
54109
56328
56693
55863
58296
55758
59104
54429
59927
53571
51150
55834
51328
61171
55589
55089
52978
50455
55603
61829
53799
56072
56131
48117
54450
52976
54863
59707
55856
61019
53485
56120
52770
54622
50578
54951
58798
51549
55402
52003
58416
58069
54133
45854
52347
53356
52806
58585
50895
52196
57111
59943
52778
55033
60599
56325
55001
57427
56645
52838
54387
50022
56053
52606
48524
52473
51026
53168
54229
57212
58687
57734
62762
58196
56395
55984
56423
54894
64638
52019
56313
63042
50376
51199
50893
54358
49392
53474
62329
64684
59505
60472
54416
62349
61319
46609
54581
53375
59336
59464
51140
59949
55339
51706
48211
50401
52523
59314
49975
56939
57467
53887
61262
53239
52413
58881
52329
53755
54241
53298
49988
54532
59852
54180
50716
54675
62404
54258
57404
55985
64145
60015
52272
54322
56160
52471
50118
56350
53708
55488
56159
58462
47883
52081
57189
56391
50916
51053
52250
50309
54508
58597
52337
63765
51503
59609
55172
53859
52521
59623
55893
60489
54772
53679
55592
48659
55049
60040
55651
56918
48482
51998
53282
54170
52183
48611
59260
49254
56790
52164
50709
53980
54049
61299
55165
54499
54401
50770
58719
59773
57044
53756
59624
51813
55669
55407
51306
53460
48608
55809
60917
50660
55537
49892
53254
57886
54586
56640
53331
49236
56846
57090
51670
57801
54619
53718
55207
59421
51029
63105
52737
47972
52184
47501
53142
57521
53745
62418
61430
60402
49006
60316
54823
58585
54645
59127
57314
56418
52050
52644
57763
56130
52995
52120
52416
58439
57183
52416
58831
58537
55985
59119
54059
48678
57805
54565
54505
54465
55481
56954
60149
57251
51089
48175
60366
52531
54553
66385
52599
58845
54890
54804
60153
58446
58471
53903
54288
52213
54194
54472
54078
53920
57340
52803
51620
55598
50098
54911
57151
52323
53487
50324
52798
52015
51767
51890
53839
51627
53362
54955
48064
56756
52851
51203
61478
52336
55172
55858
53198
49970
46876
55387
58076
46588
53599
52185
51585
54459
58608
51250
53270
51282
55851
52526
53543
55282
59431
54894
51491
60738
51232
53489
53017
53693
53739
59284
54304
54643
58529
56967
52236
50041
57441
60078
53634
52109
56743
49358
56658
56864
61591
47008
58519
48944
53208
52110
54936
58817
54519
55892
49489
60739
58453
62943
60491
56578
54967
49329
49315
50558
59006
59313
48826
51741
54874
59090
51345
60462
54914
54790
57776
59720
53867
57501
59942
61296
60361
60524
57859
55525
55334
55175
59585
60880
56699
51378
60695
52329
50982
55013
52680
57266
49830
51576
55016
51696
52645
67511
56245
59095
55155
59367
51359
55521
53459
60010
49755
57242
57857
55743
64327
63466
54570
58288
52511
49647
56938
44904
52345
52593
49729
57637
50862
57084
52510
59577
48372
49538
52227
53449
52228
49989
56847
54827
48842
57886
53807
50964
59066
51712
53376
55714
55598
53525
51284
51480
55543
51969
48695
48778
59274
54017
53013
59368
56332
56866
61854
50411
53887
53661
50240
58249
53840
57941
56275
52997
62391
60817
54193
47628
53322
52520
52861
51442
52048
59930
57007
61948
56091
54321
55119
52968
52448
58840
54387
58738
52077
59152
58284
61005
56616
51551
52486
56266
52761
49543
55408
50710
53827
50035
60384
53186
53847
54085
52057
55159
64272
56384
59250
56150
58529
60077
58903
52906
54989
57892
64737
48491
52666
52415
50072
52037
50123
55108
54102
50810
59222
63067
48775
56322
56878
56805
59643
54359
60606
56275
54803
60369
50749
55520
54644
52372
49038
56997
57335
53829
51045
48914
53663
64164
57791
58542
55077
63725
56543
52869
60372
55858
52321
62566
49278
52874
53417
54042
54245
51965
59758
54921
53418
54708
52840
58926
56513
52440
49013
51801
50324
49575
56792
53309
50393
51000
50584
57945
56485
55538
58048
52752
56516
59614
53218
50921
50072
54109
56925
57112
58451
56716
52808
54368
51698
50990
51009
54358
57659
52840
55685
55611
47793
54561
48956
53544
53274
53611
58883
61605
53849
57192
51167
55338
57791
56492
59520
57449
53204
51815
53899
48345
52935
59433
52475
57811
55848
58599
53509
48995
61495
53621
55674
51133
55845
53686
56606
53041
56527
49461
61102
69338
53926
54786
53954
57705
51598
53906
48551
53444
54763
53629
52449
52018
51866
49866
51612
54750
52737
54205
54963
54478
59116
55034
59285
49931
58663
54904
55691
56809
49946
51399
54172
57672
54177
60193
54055
55168
54289
55466
49021
48619
52468
51043
61028
48193
57701
50139
50239
52771
56317
56402
57755
58494
54641
44960
57182
56335
60359
52887
48399
54503
53115
47326
55630
54143
52074
52827
58225
57003
56575
54809
57586
58090
57844
53844
55371
57114
54697
52689
57208
55611
63782
56950
46545
51113
51239
51473
51682
49193
56486
59883
53449
59393
62934
56781
56874
61817
56353
61721
60897
65773
51853
63016
47847
57923
56598
53385
49813
48116
59354
51760
51594
55738
47609
53298
53420
55220
52593
52488
55369
57240
58346
49252
54973
56699
53578
53699
58427
61340
58852
53790
52909
52607
55568
59225
54385
53920
51258
52707
62860
54116
52963
55918
48672
55989
56214
60629
53441
52187
54984
53536
51103
60540
48221
52018
60848
58764
52157
48365
52928
50202
53724
60962
51915
47616
57278
53462
57666
53015
57381
51435
55182
55747
52113
58274
54967
51474
49075
51323
59552
54569
52066
52513
52246
47773
57661
53167
55711
56610
54033
52321
48014
56316
45719
58893
57311
50574
52592
52449
60719
49185
48803
48519
53046
50725
54754
57173
52595
51806
58724
59427
53313
49170
53840
55738
53691
58992
53740
57950
54684
53343
54064
54082
52758
50207
62417
53278
53171
47468
57661
48506
51362
53618
49172
57785
57472
56764
47891
54417
59481
54477
53879
50462
65611
52773
56120
50282
59806
54981
48612
51862
55356
53535
54145
58095
57979
49046
53380
50584
55528
52677
55304
50651
48958
61306
53671
54090
54927
57266
48812
57989
54577
50379
53445
51071
54255
55575
55947
65717
53963
52819
61277
59045
53367
51205
48656
52327
58975
51001
58770
53480
52092
50844
52170
54407
58601
64146
57769
56355
67165
57244
51122
48945
53950
46398
57096
52610
56762
48591
53761
52269
54451
53102
52388
58684
56136
54362
55747
52574
59440
52675
51275
57202
62774
51316
50307
50019
53316
60942
50893
62189
53475
53402
54951
52858
61148
59748
52348
51010
48142
55779
57493
54229
55669
66650
50835
56649
48740
56286
49706
54361
54648
54072
57329
52519
50419
55919
55836
47518
57185
57386
56111
56571
52223
50303
60824
51373
62863
63583
59246
51435
56313
56871
66468
56853
61438
52963
58182
52106
48983
50506
55817
58915
57712
50116
53479
52683
54354
53661
52305
51553
51215
54522
55629
51099
50872
50966
54513
53688
51719
57360
57109
49998
49164
54115
51559
56008
56901
55774
55091
53370
50279
53398
52922
57894
54996
50474
51373
49615
63584
55421
48455
52891
48610
51432
52397
53460
50187
52686
56268
59604
53629
47312
55325
54276
50375
54197
53533
58150
52128
53975
52783
53775
63488
58530
53294
55060
57896
47822
45330
49637
55716
57262
54584
55346
48979
54407
56321
54579
58110
54265
54800
55933
61312
52749
53010
54084
58844
54442
58318
56783
47818
48626
54563
54365
63169
50513
53252
56887
57205
55370
48065
54926
45442
50973
55505
57514
50984
50801
53084
55137
57391
53547
62717
58260
53876
59866
55318
54520
52026
58109
49303
49807
52068
56727
54952
54064
54189
52204
62935
63304
53230
46811
54554
56698
49228
56481
52972
54960
56136
58083
49674
53301
59625
54102
57460
51173
56135
56696
61193
48438
47376
55809
53748
53606
56128
53532
51157
49888
62194
54065
54983
53576
51962
56732
59223
56488
51360
51974
50706
52499
51592
50830
57239
56370
65728
49724
58068
49782
54759
53578
51851
57189
59024
54791
53792
60017
55778
55177
53276
50547
52178
56263
53329
60173
48575
55133
53220
57947
58787
55069
54145
60952
51648
55085
54561
57276
57580
52230
51877
54897
55636
60727
55400
61344
54999
56948
59787
52885
48679
54614
47710
51270
49745
56309
62252
47226
57900
51015
49701
51467
55668
59745
50073
58206
66459
62963
60038
54790
54118
49644
61328
57123
54813
51593
57060
54097
52925
56092
48467
55370
56313
60095
54066
57082
53514
49124
59655
55327
51482
60005
56373
57035
56927
59381
55446
56762
49933
54747
58613
55253
56767
48504
62466
54018
53706
57525
49974
47925
52878
58995
54052
62119
52369
48740
49706
51343
61069
47803
51627
49038
55077
55224
51839
54758
55169
52546
50810
50747
54607
59115
56607
55576
59788
61158
55563
55219
53274
59365
54220
55209
66288
52874
52898
54105
54208
63551
54283
54186
54492
52243
53810
50054
61418
52816
65935
55242
58775
60615
52515
58058
59718
58237
52097
53747
57537
54860
52161
55572
56808
50714
51997
56004
57084
55201
58881
48698
50790
51511
52866
58166
58075
54364
48541
59540
48779
53714
56237
52947
57832
52185
52549
49222
48894
55022
56908
51738
56040
65726
49813
59736
54882
55675
57400
59375
57350
51955
54238
46952
48733
48674
53016
62312
53752
48278
55623
51162
51938
56328
55047
54086
59761
57036
57448
53990
59617
53279
53665
57964
51493
53051
55506
59248
58107
52118
67758
59539
51263
57904
64802
53695
59968
52519
57047
62916
58199
58745
49343
57048
55975
57139
52586
52499
51777
59473
54261
60899
52818
54869
50978
59249
54711
51539
54688
48068
57316
58539
54982
61217
53737
52049
49561
48254
53979
50101
54212
58235
64153
46913
52983
50680
55913
55124
55751
51506
51112
50951
51719
55288
51013
56457
52352
54690
52151
62085
49382
51925
56082
56753
55591
57146
53969
56371
54227
56510
57241
53151
53487
52226
55586
52582
51871
56928
56681
53891
49166
51271
52797
53042
59177
51751
57584
60194
58030
58775
52606
49973
55979
48121
55896
52895
54991
62070
60379
50515
55330
55597
60034
54326
54608
52697
59400
61434
52317
59266
52230
57733
54496
51752
59421
48853
56478
63308
56647
56358
58005
51681
56287
60916
58119
53093
54419
57315
59337
61628
52505
52005
55753
53591
54587
49735
54370
55883
54764
52616
54853
53128
48588
58460
61083
54362
55842
52428
50168
55702
51242
49555
60397
54629
60845
55780
54796
57418
56206
59772
52819
52506
54873
52933
54494
57211
48116
56399
52606
53202
52648
54263
48085
47777
57017
59090
59786
50241
52557
51407
57579
49032
60381
50271
60466
55067
48313
58102
55784
57669
52835
59462
64927
53610
53017
55159
60087
58641
56372
52641
52259
52728
55903
54096
53824
52623
57327
53800
52081
61671
58098
52246
64236
59787
53332
51292
59710
49687
55931
52071
58321
54347
55151
52475
66192
63180
61692
59326
60367
68663
140430112
