58035
49370
49542
43573
45196
49650
50127
46203
50581
46211
52388
46429
50524
46170
54156
54207
51893
48672
47816
43910
44913
53037
51647
53270
56323
51274
50405
48608
46328
44119
44549
53050
45126
48611
51411
54673
49388
48916
48947
45149
46854
57376
44568
47852
44026
46055
54816
51284
54320
50487
55202
54368
44304
51666
46103
45290
57436
47373
50241
52015
47978
53975
50475
43194
51343
47146
50638
48318
60966
47286
49609
47856
45720
46760
50553
46033
48050
53557
45001
48717
55505
49900
50337
52853
52619
48394
49526
49471
50564
45587
47047
44326
47875
45968
50160
48025
48220
62655
46620
43685
47539
52166
56686
56498
47059
50964
57275
52584
55470
51323
53620
50077
48432
55764
48517
46830
46059
50010
52095
51057
53110
51638
50769
50425
51173
48387
53529
46407
50356
47434
51929
52980
52863
52173
49138
45287
45017
48122
56038
47839
41604
51643
53798
49050
49829
51176
48307
52041
50465
50493
51831
44726
52960
52167
50163
48877
51039
53835
46565
47789
47942
47590
50715
51749
49993
49789
51603
49454
55177
47247
47805
55252
50531
48058
51674
51511
45985
42903
54852
52831
60706
51650
47624
44116
50438
50168
45107
52184
51415
51727
46306
51692
49621
46102
52879
50850
44720
45426
50837
48568
51284
49140
49836
55213
48548
52734
43232
49406
52827
48384
45876
54261
50292
49019
49865
47921
46449
50863
44660
50897
50479
57785
55714
60226
47512
43842
53191
52145
50603
54550
55772
60814
60076
50070
46042
50442
50257
53753
51103
46554
49554
51768
51071
53018
51188
44881
42304
47694
49834
46719
50393
46742
48319
49533
44277
52293
57415
59977
46122
46998
52280
61699
55360
52043
41054
51619
46979
52861
54357
48204
51941
47901
46678
49466
43972
54980
53234
47567
50262
44429
57841
43780
46953
48000
45841
52192
45391
61207
47552
51942
51371
49376
44849
47698
53052
46928
53820
47093
53807
51049
53626
49211
52953
45879
45422
48293
55163
46747
45602
56007
55744
45980
50877
51612
48279
52742
44859
47654
53128
44801
57066
52639
60774
44511
45319
51782
45960
44443
61943
44844
52991
46799
53434
47377
46651
55392
52882
61098
63233
54394
49268
48034
46766
50619
43035
41497
50829
50733
59434
52936
53519
45148
52092
45646
51964
49532
47990
51137
47206
50165
50997
49695
47012
40890
57856
48120
46736
49420
51951
52510
48014
53030
51015
46040
46003
44912
50035
52744
48856
54686
49016
47304
50826
51890
47968
47241
47613
57078
52693
45799
47851
55296
47177
59043
55813
48384
49567
50112
56407
45942
56854
55681
52641
48131
51033
45355
47018
53941
46517
53628
45865
46970
50798
44555
54019
54223
46683
52803
56336
50031
48896
45799
54040
52692
54338
45397
59561
52778
44697
45237
48417
44563
48528
58605
48766
48879
56869
52864
49985
50708
44127
46544
50048
44058
47409
43026
52136
56617
54563
48364
60372
54799
54659
56251
50927
45644
54346
45902
47370
55291
48125
60757
46080
50456
49534
46719
51797
47939
61889
51608
50635
44316
52476
44535
48408
53382
48853
46914
51703
59349
55949
59156
46451
56324
50123
49421
45805
47661
54892
52656
47576
51234
50211
48187
52336
59469
47051
51664
52084
43984
47030
47200
45358
54853
52113
54706
47283
48784
57133
60244
52431
48975
58167
47385
49641
48258
52033
52669
47991
49549
53145
54511
53238
49676
50899
46587
50995
50451
50774
47971
47104
46696
57493
56200
44898
47127
44467
54842
47131
46654
51899
48202
55809
49412
47348
45369
44889
55177
47629
52221
47843
47640
48202
49157
52439
51073
47715
43752
53256
53885
52620
45424
47119
47270
50173
50831
50598
49667
50211
45235
51048
51219
48372
53274
44782
51840
55337
48507
49639
48456
57263
53373
52385
44519
53251
57280
51695
54504
43110
43551
49871
53104
57314
49752
46549
50584
50749
52806
49237
43902
56403
54862
51398
52376
45973
55917
54770
61197
50906
47843
45299
46567
51811
50539
56031
60575
43441
46575
51588
46450
52303
51611
49404
51418
44522
48419
50424
49556
47331
57040
44866
49983
48002
47312
56036
53098
42881
58131
53341
46280
44916
47851
50440
56866
51621
47046
52007
47343
57030
45289
48862
57853
51620
42385
49551
56896
52103
58504
45895
45840
54175
59141
45813
50926
49053
47477
45350
49330
54126
49337
49353
49475
44659
46083
52418
52719
53582
42692
58626
50961
48599
47415
49353
48427
49760
49138
45923
58463
53824
41942
52096
60358
47204
46099
45950
51357
48760
50223
47067
56047
48541
44301
49573
53018
52253
51620
55782
54079
54399
46514
43221
44565
49066
44407
48778
50501
48225
46151
43499
54667
55699
53968
56639
48333
48873
56162
48045
45995
45901
50464
50773
49139
49702
54175
53686
53935
43795
49513
50461
58362
54835
51729
51323
46997
56582
47336
51560
46563
52946
53190
42191
51406
50128
47343
48501
50410
48265
53242
51485
57831
46068
47725
52575
46489
48193
52287
53635
52637
57617
51321
46140
43445
46205
49443
51999
44857
51601
53898
54128
47633
44705
52281
50029
54270
46551
46494
51699
53601
51907
45096
45378
57846
45421
51164
47324
50457
54866
46631
53301
53061
53176
55135
48797
50342
47042
53736
49724
62178
54390
44334
47833
52764
54322
51208
48496
56497
52301
48957
48824
44700
55508
49828
47813
52211
53347
51142
50100
43684
56480
52129
44059
48699
49321
48996
49941
49222
56804
55210
53155
51639
47889
50271
51493
46942
46442
46145
51520
49401
47151
48834
46336
41354
50726
54145
45130
54777
44634
45631
56948
45868
42094
49919
54190
49660
51974
48875
52552
47475
45292
47499
44878
48297
45655
43201
51399
46143
48306
48447
50797
53227
45497
52540
50663
43540
53777
47654
50461
51232
50133
52118
52354
48166
47627
49750
53924
48620
51093
54497
62039
49301
45113
49979
56751
47028
50782
55647
51192
47856
43228
48330
46032
45944
53369
43012
53123
47333
49245
49736
53404
48815
48312
46194
55848
50705
48601
48788
51867
49941
50179
50486
52805
51770
45306
52206
50837
49273
49608
55252
54139
43728
45837
51330
56844
49747
48976
52989
51593
44469
51052
46012
44813
53418
48851
46547
47161
49365
53209
51624
45737
49906
57705
56240
44189
55636
45202
49681
54775
54824
57686
54313
47339
56618
44927
58737
50286
48455
47495
60304
53256
48088
49746
54195
49965
50538
53577
51708
50858
46409
48756
52447
55561
50213
47111
48079
56090
50242
44964
50198
50860
51982
47589
49833
45883
53040
44746
47861
48832
51760
65088
55040
52577
49105
46395
45791
52188
53868
45294
51732
46284
48873
48146
49297
45875
58747
52416
50604
50599
50970
52421
51911
48807
47049
51006
51188
53421
56988
51138
56235
48856
52424
47307
49465
53080
50232
48016
44572
55504
49944
47501
53175
56031
51617
61212
47255
51181
50048
47954
61074
41616
52990
48979
53493
52454
52765
49762
44590
61479
52956
51706
54960
52608
54987
45597
45140
55068
55725
51135
48562
45093
62831
47285
45223
50069
55007
49572
51228
46927
52344
49257
41199
55132
56207
60272
53643
46169
51557
56404
49507
58503
49644
52944
52572
46454
47607
48960
45420
47910
43878
48554
46501
44416
51221
53830
51009
52194
50132
52779
58059
42338
53510
52404
51118
54089
43658
50847
50896
45508
59075
45813
42942
48733
62306
46328
50857
50999
52286
51181
43653
47480
53399
49395
46290
45841
56122
49200
60485
58502
45942
55488
44350
50751
48501
47810
56630
54136
46788
51787
45721
48322
54387
46445
47975
54371
53129
53260
42824
49683
44612
50302
52489
48838
50172
49330
48194
56912
51653
48188
52531
50421
44195
48816
50063
48736
54306
48153
48853
56592
49291
53498
47341
52583
53652
45899
59170
49148
48853
46441
48663
46741
51268
52973
47136
44166
50646
48330
49069
51043
48193
51927
53595
48917
48971
50868
50602
52900
48260
49118
44998
58625
50367
53317
55214
47283
51955
49142
53540
45746
53302
57166
56820
54579
44120
48403
50315
50108
48413
46015
52042
48010
48044
48230
47099
51718
48917
51372
48096
48098
56281
47697
43935
57095
51605
62091
48253
48720
48199
51294
54324
48400
47810
47996
49465
49869
50135
45811
54963
45880
51822
44626
49650
45347
47961
59095
46049
46681
62718
48884
54240
46061
55330
64402779
