134121
128220
125777
109485
100128
97629
92345
118018
101223
97311
99776
124805
100348
110969
92660
86238
120057
95479
104960
106685
82450
120405
124102
85262
99051
96144
140491
132989
103489
129195
130308
122104
87931
89503
110455
110603
104986
118931
109367
104555
96005
108618
95827
125930
127170
92158
105468
145229
135626
117280
114756
88032
126398
106541
101300
86578
126376
114869
105850
108543
108945
103015
118470
113500
100556
100815
92181
112589
105688
95543
97941
91886
136350
115246
114675
144614
101216
97219
98082
100255
105357
118148
93735
139539
107537
104176
119716
95919
87706
123214
89251
104429
98468
98809
113315
98688
112497
119641
119557
104351
105334
102347
95316
118196
101939
109380
84534
83017
93893
109579
99425
97498
90249
99072
85769
134383
107883
119853
100202
93357
118326
112513
107572
103921
105302
117496
98172
97186
99470
107829
93938
112276
92600
109444
133737
119840
131717
86794
108075
104667
96811
100484
94385
89961
110256
102289
121013
122154
111579
90734
122433
118672
104860
96647
91962
103242
108328
106197
144335
117638
113197
76342
132160
122046
83490
104950
98241
95173
104239
117996
99538
84079
84726
114538
93208
135973
85208
111473
98907
106169
95209
93734
74710
110388
109643
89784
88022
99808
126289
93997
84835
71243
126378
124578
114482
133935
97860
116035
93981
124664
126205
97567
127255
91095
123032
100779
110225
110731
96083
107306
104363
110342
97434
105001
99484
136541
155745
97481
122905
106923
94540
110525
101138
115667
103859
127615
89588
106187
98117
100910
105534
96715
94947
116411
92189
121149
112490
92221
100965
97510
102668
102024
92931
121538
140044
141668
96572
126669
114806
115820
103585
95240
91416
90608
96747
128032
117380
117614
115313
91825
95153
128607
117034
122816
88762
99551
108069
89872
81653
87727
109563
110438
102977
99878
106717
103582
136187
127124
115717
111479
89699
89197
98888
120034
122695
113169
117631
117493
106206
102541
112451
121829
135781
115096
128585
114878
104999
124710
85727
85980
113125
116198
118988
104885
102343
98358
107069
100343
99145
98423
98322
114465
104860
80529
95961
91934
83450
91213
78514
83236
34196387
