124732
80288
133081
122284
112287
128973
84373
89293
110444
95047
86838
104257
126281
127085
118999
105086
124048
98421
116316
118393
113151
108931
73885
116990
105888
89297
126630
104577
93089
115672
132037
115527
115611
111591
97351
123873
128749
131507
111067
115655
119392
102054
103926
116713
91603
88841
100355
113036
99719
103611
98071
103150
100597
98442
123015
112630
119139
97471
124275
108951
89158
117555
110396
97015
121841
87754
127759
95676
113539
105090
115335
79898
92898
106186
128246
90586
104000
98724
101597
123061
118614
111969
86309
110400
83123
104971
109774
127664
119373
123043
134820
149947
111511
91141
96224
105384
98978
99674
114221
113438
90288
125411
106511
122875
101095
116598
99858
87626
117308
137688
115072
125323
112268
127849
131797
116792
150406
104472
94422
116570
76502
75981
91598
89350
99615
95548
144116
126225
85865
114783
106901
88473
113086
96148
92309
111182
96423
109350
94828
101964
106605
121339
118579
105253
95235
111084
111628
112814
137727
99300
111212
130843
107379
90036
99210
81829
85701
113801
89628
120399
111976
106220
107535
101323
92427
94227
118620
106692
121245
105785
102369
99988
110301
85742
96461
129446
103666
130911
111671
110681
96767
101824
85869
93355
130496
97922
121660
83556
102092
68916
113809
73027
118090
115958
90237
94644
96407
126426
91703
106572
101812
106061
110749
107932
101835
100597
103584
95519
104429
110201
104807
98683
106454
76699
110737
80804
111396
104126
120152
107032
95109
103490
103370
99669
118201
89757
101058
90934
116410
98296
105008
106980
96583
109845
108445
102936
113247
100174
104020
104537
110193
80678
116348
109465
122231
127337
76667
126231
147276
90272
92401
98041
114248
112981
111008
96714
110353
113490
89676
118830
96790
92084
101417
96995
120131
118710
139916
105327
103324
85574
96992
118446
100184
121709
104815
105799
131817
78117
108857
149071
110973
106106
124402
95332
104642
119490
90141
114281
98735
119571
114650
110550
118330
111422
103398
130100
131734
139714
117862
127511
140337
102330
85837
91244
104983
111016
111421
84039
119283
117330
107443
105236
93731
105266
83664
73563
126199
68496
80705
69793
34239234
