76199
54911
68787
59108
64218
63652
69740
62722
71981
63420
58620
58400
56254
63101
66462
61840
58018
59940
59154
70414
44028
64855
67824
59021
56460
79036
80501
67671
66837
61686
54990
61887
64389
61085
60286
70182
51746
66178
61360
53662
56391
66622
63624
56472
55465
73339
61566
63238
61056
64106
67472
54388
62204
65351
53910
65710
64957
54287
68632
62140
59141
63777
65308
55013
69409
66076
68882
59663
72745
68830
55947
74226
56420
79883
73460
59181
64225
53125
59381
68931
55281
57320
63834
69970
54806
70745
61056
69687
55863
65970
63620
77553
61206
58113
60264
67011
63451
66425
57195
67465
71598
50125
60606
57561
64698
60247
58409
64866
57978
57159
53266
63747
68196
55659
64944
61615
63877
58083
62317
63728
58996
55633
67166
65147
59068
73123
53291
58436
56302
60547
65429
62717
62709
69933
61925
64411
49939
64816
72982
63817
65860
63414
55339
64384
65856
62922
56838
63875
54541
68779
77244
67580
69385
48932
60081
55721
60771
63321
66062
58254
49171
53346
59206
55555
56309
74276
57381
61472
64334
54667
68402
52777
65005
67159
58762
60248
42983
63411
55462
71582
64361
64131
68266
62274
74428
77424
56064
60774
61184
63613
57766
68534
62461
58453
56659
58419
61661
79391
51966
60310
60230
72726
71530
53199
61248
49034
62986
61355
71836
60673
59405
63385
62930
56072
64987
56494
61933
62843
56997
56459
56811
56844
66705
62230
53515
56943
64130
69486
58121
77165
58278
68776
74486
64319
66479
50602
59882
61355
63448
56934
50669
68198
64742
55964
71345
68559
73286
54780
68093
76063
54636
71808
54961
48306
59440
77037
58047
52686
73509
58119
64178
74116
63578
51106
54862
69125
60233
51305
64400
73440
57810
64499
74950
61355
63213
65243
51862
64617
71175
57304
68443
70246
69758
60202
61561
60093
79929
63393
61714
58527
65338
59605
56196
58310
60520
50820
64854
64256
78542
61491
60298
68610
48015
62601
57075
58667
62306
55774
62020
59959
66792
64383
53790
51849
65900
68540
70151
54487
61071
72994
64835
66220
57399
60826
62942
56248
66176
53157
62654
54979
59751
68319
63290
68180
62953
62329
60019
65948
60476
54259
59446
58218
63650
69228
59318
62635
63703
62972
58170
67801
63753
59405
70475
56088
65315
58512
58272
55872
53635
66141
64849
54285
63590
66279
78845
55943
62782
67667
65942
69428
54015
54102
72612
57331
64132
78124
58851
65025
69617
57889
58292
60809
59124
67361
67830
61180
63710
61809
57177
61429
65606
69191
62898
60050
63267
70905
55955
69414
67029
65524
59782
60035
53373
56835
62128
54858
67598
58951
69604
59071
59662
71615
50664
55681
63038
56074
60747
54220
76019
59873
61772
54584
49516
60710
61465
64567
49172
65508
66244
61816
55217
66942
71695
56890
64130
56638
62300
68881
58912
58012
60942
68864
79255
56508
64550
69592
59498
65560
58270
59370
60911
54272
55401
61151
53774
67907
61478
58066
76268
68023
55858
66793
71854
58600
64076
54776
73050
53210
59430
66844
62434
84638
79669
62538
65944
61901
57613
62224
59445
69575
54925
50003
68062
73031
59538
62079
61064
60810
53708
73933
58461
61652
62581
65077
61652
54741
56661
55267
65489
58521
62605
52459
74524
55285
64403
77847
63307
60989
51127
60382
78339
58095
65480
56451
63120
56569
59786
52613
61169
58357
60808
70176
66307
63349
69056
57366
59780
69970
70672
56433
68740
66865
69148
53351
80712
67915
63979
51337
59284
53548
61304
59214
63327
58752
54739
65394
58598
65300
56037
62660
56406
51123
63701
74577
60998
72671
67122
62389
82572
57548
64012
57726
72635
62807
67877
59027
55400
56982
54983
48841
61075
65728
69370
60538
66121
54663
62862
62625
53961
63874
62841
55891
63809
66761
58348
65997
57699
72257
56955
62695
52885
63869
59957
74632
70870
65309
63282
81393
70650
65180
73144
62583
54411
56616
69014
58352
47588
61367
56326
54535
60556
58304
53392
72608
66035
60084
84740
64920
66641
67288
59731
66053
62361
64802
61650
69194
59530
64528
71221
64272
69333
64226
64616
57598
57230
60545
67228
67118
57703
85205
40013208
