65955
55666
56183
55640
48169
53515
56079
51418
54454
56673
54086
60877
48899
58577
53670
55730
50947
50345
62532
55717
64651
59820
51578
55181
50344
53549
56034
66924
52406
53442
55093
53704
56013
53573
59365
57233
51385
55474
54645
50300
54129
53352
54999
53456
54562
55104
52602
55007
48997
58013
48449
53451
57918
55971
68050
53147
57149
58698
57419
50096
53730
47335
55211
57279
53230
56983
49390
52972
54779
60026
53953
55638
61021
51989
60407
50081
49092
52455
56347
62687
50504
56093
56031
61396
58641
53295
57599
52314
58058
56863
53668
52951
57756
54128
56674
57643
48496
52187
53905
53274
55548
49699
52059
55668
56044
51284
60419
52554
50983
55882
49944
53096
51131
55209
55892
52863
53884
57644
51567
56309
59571
55800
54523
48936
54348
62023
50097
57788
48612
51453
47358
59466
59499
51992
60113
49774
58005
50136
51906
60783
53446
56850
53684
58922
58242
51712
60424
52874
49493
45183
50386
57945
59313
50874
53740
53007
59194
61618
55957
58175
50463
58687
53380
62685
65251
56078
51722
48577
54082
56135
59559
56058
59165
53712
56435
50896
55391
61737
58908
55321
51778
52463
56290
49061
55944
47224
54481
56500
56130
50459
50753
49920
52723
55202
58225
55269
55970
53944
52073
50204
60460
62719
59455
46828
63202
46621
57563
57165
46750
62825
59423
51161
57245
58038
57566
58138
61458
56464
57642
53305
51165
52015
53521
51241
53528
55934
54648
50973
47556
57553
58337
53790
53468
52595
52245
53922
55195
53657
55801
62505
55513
57156
51618
57126
53243
55926
50763
50123
59129
57349
55795
51711
56433
55214
49786
51989
57778
58301
55698
60465
54208
52457
49869
55872
63715
53181
51899
53582
53898
52356
58791
58666
56629
57180
49446
51400
56201
57563
55019
51007
50625
51465
53622
53763
59554
52622
52321
69272
61828
50541
54745
56563
52096
57979
51114
55132
56393
55590
58583
53154
57772
54506
57621
58676
53725
59549
56976
48621
50102
53808
54138
66332
56070
55506
51817
53646
54628
55111
56067
57363
51768
54017
60744
52539
55746
57803
56522
57237
60808
58032
54783
59476
59795
57861
53589
49459
47347
55357
61262
55059
51778
51177
55066
53347
57484
52410
58018
62073
55729
58358
53480
50082
51711
56553
56668
57186
63386
56988
57382
51802
53569
49218
57023
52858
52691
57486
55310
46522
53715
50097
55949
51102
56739
52296
57888
52059
57224
57815
51751
59843
52552
58857
51503
54437
58173
57531
55443
51930
51668
50456
50821
62650
54895
55724
56745
52730
50133
52487
49162
56258
48713
54794
51776
49637
53041
52438
60087
58412
55863
54305
53207
54139
52964
54942
55423
54433
55468
54351
58464
66208
59754
57644
49922
55856
69844
63195
66421
58946
54284
52358
54963
61633
46294
58101
57818
51115
50503
48647
52125
51106
58654
53256
51671
51776
49129
54955
56193
54447
52646
51586
50257
54529
55442
56975
63413
47203
54121
59474
46610
53312
55621
59487
55990
57989
48859
51646
56092
49632
52478
56351
55422
62703
56191
57888
47560
53096
54236
54357
47484
57372
50697
54035
54870
50495
57056
50100
51230
59993
58387
48094
57804
46950
57937
51748
55213
48572
47632
52305
51808
55157
57399
55011
46845
62459
51255
52275
56112
57371
51436
56199
56928
47672
51341
53484
52245
53731
52202
61124
52179
57619
63700
59015
58200
56474
49922
44580
58133
50993
54190
48709
49357
51831
54842
51820
51461
56235
58568
63265
53827
55608
57426
51098
55593
55581
57625
45274
60419
55574
56030
62982
59828
53083
62102
58303
58045
53450
53427
47175
56823
49233
53268
53254
50377
44891
54847
54511
56354
59491
66746
58228
52079
50175
62759
58539
49816
55623
61661
62684
56468
54914
54190
51225
61337
51516
54234
59298
60612
53747
52367
59351
52039
52322
51773
51406
62375
51664
52388
53697
53988
54035
53368
53687
49911
61269
54448
53265
53346
63250
59315
59925
59792
51806
51142
58342
58059
50250
49379
51908
50888
56615
59816
52328
56072
48307
59552
61136
53515
45569
55998
49323
55451
58712
53273
54993
57404
59377
58612
52683
54177
60139
47837
55836
64737
51690
52772
53333
54094
53492
51230
52858
54301
53269
51762
52157
53149
63415
52509
54340
57014
53017
57847
49574
62491
55404
58588
51754
51814
55098
56728
59557
50440
55549
51412
48301
51975
53493
61027
57586
54194
49862
48118
51530
58519
58706
50204
56956
58232
55302
50157
54317
50304
49208
60042
54120
51442
50753
48299
51090
44911
64555
55539
54089
49890
53445
62920
53560
53668
61424
50227
52352
48639
57813
54570
54039
52828
54677
48618
53288
56113
50866
55600
54191
52101
51288
58982
52518
52170
54099
53202
57313
53213
48998
52316
60270
53275
52777
52231
53294
53973
53214
58670
51736
55287
49569
59748
54243
54373
55806
54407
55455
59508
55139
60699
56378
64380
55977
50871
50847
57384
57358
55723
51580
51120
60684
58167
51398
51250
50843
63053
53087
48904
52718
51142
53160
63878
62101
51562
54056
54588
50471
57877
53256
61682
49191
58108
49402
49770
54148
57791
50383
56148
65220
56193
58437
49110
56594
52023
54144
53209
53786
50383
51271
50491
52249
51972
53646
50377
47888
50028
54961
62394
52512
59352
53289
60036
55701
55434
56081
56169
58261
53775
55459
46620
56003
55863
50817
55438
58297
59494
56153
54015
49020
56042
59700
65075
54766
52456
55441
52953
54920
54913
51741
52987
50470
49691
50445
56577
55733
51179
59528
61518
54060
54435
61489
56901
53188
57539
54002
57542
60893
50754
50841
54555
47504
53508
59548
59448
48163
50768
58666
51765
55526
57539
54905
53212
53946
56064
54819
60482
50518
49838
56397
50360
49492
58201
56267
53642
51681
47597
53376
55329
58393
56690
54671
58354
51649
53685
52042
52552
59418
49925
54164
52380
54961
53781
54496
60319
51561
55807
63700
52001
56302
58097
51745
48092
54633
48244
55263
52097
50672
59102
56865
55875
50427
50627
51000
54877
53945
53676
55666
59026
50543
47228
49205
54294
53973
58799
48996
58233
52525
53306
63535
51175
49755
51454
56363
50813
56959
59216
57313
50139
50731
58903
57161
53269
50610
52207
57320
55830
49024
47423
52392
55170
55415
51842
52445
57140
51829
54475
48017
57419
52508
53082
56889
50781
56870
52627
49545
50728
53056
52223
56403
56569
60980
54423
46514
52807
62261
48367
55739
52098
55200
59502
58246
55932
57900
58750
52717
52991
62765
53731
54338
54530
58589
58275
58109
56440
51269
51135
61608
50801
58745
57549
50774
53670
50142
56110
50579
55600
52246
58289
60031
55944
65978
60015
53444
50063
58705
59372
53178
49668
51064
57760
55299
56332
54106
53718
51037
51870
51605
55481
52129
51838
51876
52849
57969
60940
56323
52233
55175
56054
56362
63524
57189
58085
52418
47324
57989
57266
60091
51725
60322
54467
52582
52675
52700
55912
49725
47121
61679
49252
52124
57196
52052
50764
55924
58883
52757
52734
56038
57393
51747
56157
52885
58835
54275
54893
56916
53821
57451
50078
53273
54874
54231
52496
53753
50196
51353
54386
53426
46806
60801
49401
64834
56487
52901
56747
52317
55853
55554
60176
49759
62613
53482
54559
48863
58134
69513
55093
61058
58504
57999
55503
58675
48880
58085
55895
58917
59870
56892
61809
53108
54346
52968
48586
49770
51624
63801
57754
53943
53080
51811
57620
52405
50877
52040
54085
56152
51993
52670
54499
52947
55116
58122
56830
55778
48429
60520
52441
55188
61108
55352
52761
57356
53430
54758
56010
54011
56250
58544
54313
56132
60285
54482
49002
54339
58029
50230
55788
51792
58427
54429
56179
46425
61860
54940
53054
56779
57325
51009
52480
50356
54003
59796
48491
57973
49776
52185
58402
56478
54827
45080
50197
52216
51365
57809
49437
49432
58567
50369
61485
53903
53268
56049
55793
56851
50819
62907
57720
63676
56332
53991
54058
52004
51906
49878
58184
54422
50130
51651
55641
58423
59038
55838
53044
54490
55156
59496
61314
63707
55247
57217
57587
51149
52345
53512
50156
49197
53404
54289
47804
60359
59768
66118
51025
52716
50308
55317
59401
60668
51514
53035
56543
56036
54873
55910
47324
55531
57425
52491
53986
52350
49806
58261
53474
50707
52274
51661
59751
49368
57277
50896
48926
47782
56283
54112
63183
54220
52576
47780
49614
50281
51797
58678
55115
48644
55754
55727
58939
57538
68932
60595
54816
59197
51677
60181
54750
47038
48093
51382
52399
56075
51566
56442
63502
55219
50986
59186
53709
59438
48728
49558
53796
58420
53050
52630
57029
50525
52477
56502
49833
58869
54228
58140
54708
54499
54798
55366
51660
50577
50357
53470
47446
52798
52862
57241
55833
53256
56036
54032
51505
53160
57841
49314
50447
52471
50199
52456
56108
59393
58091
52356
58625
53010
51869
56409
59398
53622
62186
49148
52521
62727
52882
52606
53941
59855
50769
58960
54715
54847
52568
55035
57051
65851
48362
53158
55313
50218
56219
53918
50085
57733
59268
58360
46653
59123
47622
55273
53366
49524
54952
55429
57016
51152
63489
54003
53672
59998
53390
58512
53217
54674
53295
63832
53753
58834
57546
57968
48694
50640
55177
55826
53505
54336
47899
57362
54397
54586
57245
54010
63761
57708
53797
52435
58066
52972
55327
61072
55553
56068
61470
56010
51802
56207
58280
58671
50725
52204
55402
61346
58067
60565
56241
55803
59744
50588
58776
51712
56077
48050
62006
56921
56665
53802
57764
64265
51948
59443
50011
60684
56543
48037
54526
52724
52779
57906
59858
52287
53326
51633
52765
54588
49119
54119
50806
52451
60818
58494
55032
56292
58849
52188
55674
49093
48130
60256
54511
51850
52650
57653
51047
48039
50357
60365
58992
51112
55304
61856
55753
57631
50900
56199
50264
57023
55440
55165
52323
56115
51092
53228
55090
56228
59581
56265
45894
56845
58161
53962
52963
54619
53886
51697
50334
59320
55252
53767
57607
50232
58575
51270
55862
52644
52200
50781
58161
54824
50493
52378
60060
58191
67410
58780
55613
54547
60104
57407
53010
52354
63843
51071
50004
52745
52147
50339
57541
57441
55238
56982
52344
50699
59175
51975
59657
54597
55956
50015
56693
53132
56046
52244
55713
52905
57351
58008
51065
52071
61636
59579
63602
57475
55321
54836
50416
52574
49424
53336
46522
51650
54763
49002
55806
48889
60531
54731
56650
50004
61065
60404
54545
52197
55684
53551
50629
49543
62663
51317
58062
54958
50862
49497
46403
56279
52468
56424
57531
55465
52260
51899
51239
49704
52748
55957
59043
51549
49322
54713
54564
49731
52195
63588
60403
49900
53585
59561
49220
51337
67745
59839
58435
62529
57267
62527
57699
53067
55975
53790
58418
54420
49624
50872
57833
57578
55792
57309
44074
56737
50926
53480
56987
56041
52556
49900
50094
48644
56449
52870
52477
54365
60417
48662
50423
51199
51874
55003
52788
56028
56473
58008
56800
58053
48578
49596
55020
62533
52141
56149
60251
58374
51605
56184
51711
55874
54154
59956
54330
57924
57318
66095
50225
58164
60096
58216
58751
52708
54324
49632
48458
58963
55665
55816
58550
55005
51675
52999
52853
55846
50745
57382
49299
56014
66782
52152
59462
53680
55992
49592
55099
60083
54089
55347
49210
62098
50444
60437
49457
55920
54843
50095
59286
51060
52205
50334
51932
50976
59681
57919
58928
54818
59066
48658
52718
52857
57237
55611
61737
45008
52692
52546
55157
54259
52804
59136
56940
52592
58491
49163
47736
51734
56092
54264
54821
52264
52358
60236
51823
54529
55659
51133
53577
47589
58158
48811
60998
55971
57807
57034
55358
54322
51605
51671
58036
54982
52493
56768
51107
47341
51434
55247
54674
60631
56574
50054
52536
57104
53271
52245
56089
55423
55822
54558
51488
51499
55250
55139
51289
55212
52386
54312
56095
52603
61263
61999
51960
53040
50843
48969
53815
55571
60597
54732
55783
53965
59318
62305
59384
61827
57104
56465
55441
55222
47809
54813
54168
56907
59080
48949
48612
53025
51869
56042
49579
58484
59384
53042
55837
57477
56913
58370
51191
55015
53212
59110
53432
52851
56038
53653
48615
48713
66296
57676
48072
57831
54547
57840
62727
59657
50594
55027
50284
52614
50638
51206
50394
60994
52997
51394
50862
50532
49999
60821
56326
58255
57750
55309
52877
52552
59441
51179
54738
55359
60918
58390
52123
74531
53678
62418
59950
49995
50317
54681
48063
55645
64235
56391
52411
45830
55529
50402
52581
53857
55734
53624
52795
55671
47480
60180
55045
49970
59594
49958
46809
51657
55059
57397
51561
51509
52137
55731
58682
55625
53653
51656
50730
51433
52537
52898
62667
50464
51274
54174
52805
60653
51248
57043
53633
49634
51815
50527
57912
53917
55143
58673
60080
48635
57196
51099
53676
60137
49967
54296
52533
55561
54655
52439
55057
54792
55587
50068
54810
62913
54645
64763
52000
55691
47444
52103
52016
56331
51885
51513
49555
49757
56997
49985
57165
50925
50351
57616
52182
52787
56026
57898
52080
51187
60898
54543
59689
60748
54503
61218
51881
50957
52103
57129
50945
52708
49777
51592
49173
53351
52678
58633
50569
52585
52133
59855
53623
53672
60185
49951
52667
61490
49407
54353
60899
56063
58139
54188
58784
55297
50323
50989
59383
53452
50920
53778
50529
58470
59640
58816
52343
53930
59571
53339
56447
46955
60892
52505
53616
59925
56559
60758
50980
52327
56088
49155
54085
47171
59964
59709
57865
54295
61305
60526
55653
53353
48916
55917
54111
61412
57749
56182
56501
53605
51408
55941
52031
49661
52771
49000
51350
58399
57100
59493
50392
57961
52184
51260
62475
54135
48069
53385
60844
51583
55036
53290
53349
52276
52853
49587
51202
54124
59014
49097
55893
55417
54631
48833
57877
57974
50964
58115
52838
53377
50532
51375
53475
52771
56836
57825
57873
58295
61546
52594
60520
58592
57328
50957
47356
61536
55990
56787
55471
55997
55377
55192
49124
47725
54307
52971
55228
50342
46619
60927
57730
51385
52436
48986
59731
49735
60930
51657
67726
51285
57997
54564
61886
59783
55996
56363
58908
56498
55443
57345
57086
56904
53106
57421
50463
50605
53113
47822
57920
49273
54550
53486
58130
52697
58396
56457
57635
61767
49747
51709
51909
47358
53149
54656
50165
52573
53948
60615
55252
55372
49995
50984
58437
50145
56050
58551
49853
50483
61096
47830
52135
50280
51745
51434
55350
55526
55994
50403
53214
60494
51692
54338
56306
56193
49669
53553
52069
60356
51493
58493
53847
54430
55565
50548
57658
57019
49963
51305
52277
50291
48876
52279
55708
63376
50395
56021
59272
61425
58541
54927
50914
58128
51971
50981
49803
54394
51687
55187
50682
54999
52211
55903
50874
49277
53934
55736
56234
58422
50030
59301
58681
56261
54271
50666
57366
55637
53355
54034
53368
52133
51774
48453
55402
57879
56659
49944
52628
56279
55358
57160
52893
55254
58773
56321
53933
56600
54785
53028
50711
55427
51581
47764
48593
50498
58765
52278
54469
56205
53721
50823
52216
56460
54077
52312
55883
62764
58470
54909
52558
64775
54636
54092
60737
61181
54652
58319
57492
55446
60615
58145
52834
54666
59045
60087
54508
58842
58522
55106
49986
48762
53799
50754
52493
53033
54056
56169
49704
52938
60349
50479
55106
52933
55837
52810
55322
58173
53911
56707
55050
53186
52812
52416
58916
55745
55551
56734
56993
53499
59924
52947
50736
58174
50893
52631
50268
55390
57935
51236
51980
59822
52193
55062
58938
52173
47269
53877
56008
54495
59052
67819
57145
57024
52450
56609
53307
52057
57051
55526
54178
58942
61200
52746
62246
56269
52615
55011
55741
56223
55444
54633
50456
56222
56914
55651
62474
54366
54687
55779
54510
50167
54558
52164
53200
54524
53007
56186
54461
53867
56544
52091
53056
52203
58177
47438
57212
50156
57575
61453
62669
56422
57696
51427
49943
46934
54910
51694
52501
54811
53259
51556
48931
55131
56551
60693
50035
56433
52415
62908
49933
58502
56356
52806
58215
49825
61318
52194
56977
56770
51607
57287
56227
61007
52304
60650
53141
54387
53461
48336
57360
55741
55693
62417
61096
47935
51736
57168
54065
53944
51342
58146
52875
55665
52199
49497
56125
52951
58787
47183
55658
53068
51206
60644
50012
57496
52951
57515
55826
57018
60799
53189
56918
57552
61467
58663
58255
48511
51840
50473
58314
57458
53401
52104
55087
50919
54971
49571
51913
52354
55608
57413
52928
55894
49922
54027
51949
53856
50569
53012
51087
49659
53559
55114
58547
51835
60135
64012
140064612
