71863
67743
63129
69191
64769
63639
64644
62558
61894
65490
66585
67462
66023
70646
63996
67116
70260
64980
65116
62450
66669
62184
72511
67128
66487
67628
67445
62935
67630
65257
67998
64017
69007
68761
62864
68366
67579
68826
65768
64334
66012
63938
65557
70772
66275
63462
71167
60875
60188
73984
64233
63910
70798
67243
63593
65568
67486
65755
64158
61097
72799
71429
64883
72505
61510
71313
64820
71212
69063
67115
64421
60693
61473
68339
65864
64998
66559
67742
63421
64159
66594
65946
66903
64950
64258
71133
70943
64367
62642
66536
66493
67161
67021
60839
64140
63126
67704
67540
65775
63048
64623
71679
64436
73048
64802
66976
63318
69070
65449
64376
69556
70443
62000
66764
67530
69446
59987
66038
67840
68289
59565
66635
68807
65805
63831
66998
66832
70137
61495
67281
64307
63985
71472
65670
71142
69248
58148
66705
57660
67442
63859
59442
63928
65663
70122
64144
67040
69548
66300
62933
69747
58508
66144
70517
62174
66991
66037
65741
70373
61408
72157
57581
71434
68692
62751
69908
66711
64981
60867
72101
67415
65543
60499
64066
61687
70113
58689
64487
68212
72852
68360
63289
69304
72327
72347
65737
64899
64291
62335
65726
67260
58264
66638
68226
59755
61691
68966
67999
68716
71105
61192
66174
71934
68580
62364
66892
67174
70099
63976
63023
68515
63320
63538
63139
69827
64286
64857
62529
64271
72351
63353
65620
69641
66143
66624
71711
59405
62011
60478
71898
66552
71627
69102
68417
64906
73622
68914
65983
71162
61174
63951
64895
63132
63867
61536
67013
63998
62402
64718
66830
60996
65365
65451
64888
67606
59163
63343
69457
68893
64751
64000
64138
63266
64785
68178
64958
63975
62732
63608
64575
67332
64550
69702
63617
66765
64867
67053
67730
67732
67737
64918
64161
61388
66730
64447
61778
64637
69460
67453
70502
68207
66172
60823
64592
69254
66539
68523
59257
68292
63526
64502
69484
67002
58864
66471
64392
65835
66269
62047
65435
71132
68740
72113
63123
66964
69578
68579
61691
67599
67778
62637
65708
61988
66447
69877
66447
70986
69117
65567
68202
69092
67900
66086
63246
65148
64310
64509
70150
70695
65439
65516
68206
70632
66778
69682
68426
60288
61811
64677
65893
62730
69837
58430
64494
62930
67534
69397
63931
62820
60125
62407
60877
68112
67835
60914
65913
67027
62596
65026
60290
70152
72909
66069
63484
61660
68028
66015
71537
63895
61822
67212
59919
73006
69946
71097
72495
69247
67299
65571
61807
61103
66765
65090
59728
65131
68982
65396
60872
66396
65548
60469
68535
60924
67359
63605
65819
64699
66295
59297
62886
64253
67981
59729
67722
68336
65147
61630
60329
72558
63050
57690
62101
70685
70412
64560
61368
71850
59204
71532
68045
66815
64660
69239
63582
66628
71829
66794
65169
64219
66779
64019
65707
58952
65838
61525
63898
64600
62825
63866
62715
62848
70937
64914
66156
62684
64254
68719
74709
63699
71560
70512
72163
61452
66989
67036
62395
63346
64589
68233
63937
67478
65264
64800
61847
64481
67710
63420
61952
61913
65920
61934
65450
57726
63812
66264
63743
69848
71118
65586
73351
63064
73961
66555
57417
64348
66034
67820
62459
64644
69471
62459
64640
63843
62054
62561
63592
66541
62438
73479
65219
65005
67671
64613
67411
64531
66324
61197
65436
60957
72258
67752
60582
64605
67737
62998
65031
65939
68288
62022
64161
65722
67730
62757
65454
63178
67583
65294
62689
71487
69660
65078
67685
68567
64940
64072
63903
66638
67145
61473
62318
69567
63490
65533
56613
67732
68286
61918
67673
66558
66678
65217
65513
71166
71573
59120
68448
64869
65000
62363
66551
61232
61640
65510
66801
64157
61773
61781
63543
63626
61198
68898
69805
66254
71350
68809
63907
69374
65054
62785
60614
68882
63928
66142
67249
65583
70319
68761
71461
63014
69239
68401
61196
62887
73083
68493
61684
63897
69131
62385
64591
56457
64869
64507
66388
63686
61384
63199
68765
62757
65748
67229
65657
64624
71723
70083
65139
68216
66879
67131
68693
69999
67460
62596
64218
66122
66445
59620
67851
67786
67973
67581
65606
61517
70054
68792
64949
60820
61795
71026
67220
62495
66240
70203
60391
68417
68349
64316
59355
68899
66588
68863
62911
66463
63029
62823
66176
67743
65325
63900
64714
67446
64822
57998
65359
68328
66898
56117
71436
64854
61119
64068
64784
65521
61648
70103
64044
69067
65226
64407
65168
68938
74742
60932
65763
66654
66196
62156
71476
65986
71446
67430
65413
68013
58105
64045
64951
62650
57506
73301
63772
63112
67590
66948
68546
65749
70079
64333
65296
69915
67624
72108
69203
65313
63429
67076
67104
65648
65682
65409
63535
63130
67546
63160
68040
67692
63671
65931
64713
66150
65936
63628
67284
62074
63736
63547
64302
75375
62886
65252
66812
72493
70033
71179
65300
61236
68232
64268
65574
67321
63405
64675
61566
61830
70157
62685
69408
63496
62926
56790
66971
61245
67628
61579
66143
72960
68348
65575
65430
70239
68130
59787
64224
64163
61706
55016
66816
70958
65339
69615
58737
68465
68584
67229
54580
65587
71145
67004
62752
69386
62450
58420
68327
60870
70244
61808
62454
66802
66355
62706
67784
69027
68043
68370
71185
62936
67369
62234
65773
64232
66385
60078
65740
67204
67892
63455
71454
64026
69449
60874
65686
68450
58942
64766
60293
68048
61983
64585
65634
67181
72469
66839
65343
63807
72875
70980
64467
63923
67200
59985
70507
65842
60922
63209
69966
66164
64810
67701
60950
64648
61275
69809
65802
58787
67097
67417
70867
60299
67871
60550
62418
63163
69617
65829
68422
66307
62501
69046
61696
70077
64990
63723
63391
66592
69585
64826
67179
63671
66475
69346
70918
61897
58822
63071
67088
63772
68158
59231
64344
67344
69700
69247
71848
63520
68664
66867
64759
64570
64290
68258
65045
67115
63549
68665
61222
66243
66918
62225
61281
62046
63653
59505
63699
63672
70270
57252
65757
68268
68208
71143
66672
67827
63964
65228
65739
59333
62215
61103
61699
66620
61096
63026
66566
66505
61313
61600
67601
62328
69730
64409
68627
69052
66504
63716
66121
57975
69612
65085
62387
69435
59890
67781
61755
61877
66443
67798
66665
67584
64033
68759
74118
62935
69684
65248
64842
68736
70665
69290
65236
65894
64118
64646
69389
63804
67471
66122
65520
68117
62408
70297
66844
64898
66202
62369
65255
60551
59134
63667
64408
67575
69380
63138
69623
68692
67086
68738
68338
68842
67457
65342
67779
71226
72245
61843
69626
55242
67480
68678
65475
68290
64855
65840
68371
64511
68501
72469
64105
61571
65078
61381
68796
65061
66937
68242
69308
71278
64873
69517
63874
68864
68891
68808
60446
64293
64840
70954
69638
67255
69504
60407
65992
72495
66364
63865
65368
69338
62631
61718
63844
69799
65279
65516
68780
65846
63209
74283
65224
62263
63615
66410
67047
61391
58491
62919
68770
60081
67451
62591
78858
63182
66433
65628
67225
66074
57067
71926
66225
63532
58985
64341
61221
63660
63759
70182
62607
70885
63093
72454
69300
67907
64822
67205
63463
62698
63227
63673
68192
69451
65607
67034
62119
68720
65829
71447
66975
64913
63639
73342
69846
63122
67568
66265
61061
65766
66699
64590
62719
64079
64437
67641
66463
71202
68888
65105
60423
66884
72544
67484
68974
68260
67401
60439
65736
64231
65151
66339
58599
61805
70153
54714
62589
58669
67853
68643
74884
67462
63720
70298
70420
65209
70095
69226
70033
65137
63218
68075
64952
59894
65605
65739
65221
68207
66258
65788
64966
64429
67622
68721
65100
64821
67256
70183
69953
62237
59776
70048
63969
66173
64736
64908
66968
67702
65651
63013
63953
65445
65465
68304
69587
64465
64368
70673
61490
65711
69199
65900
69510
73925
67847
67441
64034
64377
64011
65709
66776
60981
62936
66835
66240
66338
65167
66499
62376
68064
68797
60228
67770
66443
65342
68241
68547
64434
68945
65044
66522
65580
63215
70422
61159
70426
64394
68041
62324
65342
59431
67273
68018
69031
68631
64162
72488
59747
65923
57773
68930
66766
62166
68192
68913
70150
63355
68323
68035
62626
63182
66608
63629
66794
61121
66543
68929
61446
63260
68329
65775
67001
66241
67360
60015
67594
68527
63608
61232
65110
63042
64631
64206
69289
60733
70633
63771
68835
67010
63266
69506
62459
71664
64203
69305
61597
70735
69054
58758
66422
60397
70697
63163
62829
63585
62205
62728
65232
71089
64984
68489
64804
70593
63270
66115
64451
62087
58789
65812
66963
62449
61981
60070
69119
62951
72109
68190
64807
71406
60306
69294
67684
66611
65367
68221
60834
68162
64015
62535
63566
63964
70037
67642
65308
69814
61918
67538
64278
65208
65795
66923
70154
60349
69905
61028
62915
62182
68666
68980
61069
62274
73461
73158
68311
65324
66272
71372
68398
68047
64234
69977
65628
65818
68899
69260
64733
64090
65429
62175
71047
63235
70976
66023
72332
62842
69487
63151
65251
67900
59693
66191
62187
70756
68385
61319
67429
67618
70408
71655
73545
70504
65858
72915
71023
68214
64240
59975
62407
60878
63639
63678
68165
67030
63176
65419
68892
58786
68449
62759
67677
68123
69052
63450
63142
62606
63670
59584
65632
69352
64431
75646
65265
60360
66864
67051
69052
67008
63563
69061
62230
62714
63678
64061
58357
67083
68368
64935
68607
70663
69304
63354
67241
60682
72600
63549
67418
68976
59859
63193
65874
64994
66089
62311
66907
68658
65704
58710
67843
63211
64157
69585
65436
71161
66730
62236
63000
67278
72134
71257
59062
60160
68251
67225
69249
69263
65499
69785
66302
63463
69200
56260
68538
65884
63601
56460
70401
62455
71399
62833
60934
68270
70061
61201
65007
61433
66514
64796
64494
71103
62307
65065
68076
62162
62124
65783
64674
65587
66892
65473
63730
67925
70729
65072
65664
68754
68837
66349
70572
66679
68246
63550
65594
67950
65618
67073
68202
59583
63722
70867
59872
62384
66115
63887
64100
64274
65445
60229
67950
65391
64937
68136
69447
73125
62399
62302
63104
66241
66302
64140
62536
65505
68670
65176
62728
61279
66630
67780
66691
68433
66526
62439
64779
60364
69524
61461
64961
57852
71880
59457
64009
68608
67834
61115
64510
66507
68597
65565
65555
69420
65818
59397
68716
65757
67880
67574
60279
63321
69412
63262
66517
68972
67924
64176
58590
67799
67367
61932
67017
56297
64029
70056
63685
69916
70271
63573
61512
64351
66969
66152
67356
64026
70421
72125
64070
67447
66773
61850
67713
60766
67155
62073
72940
72994
64048
60715
62687
64548
63806
63502
69070
77155
66611
63248
65662
62375
66944
73477
61082
63432
71837
70653
60266
64767
66373
71022
66078
62305
67721
57861
62480
65468
64928
69398
66121
70708
70979
61427
67487
68029
60111
67728
71829
65385
64319
64327
63525
67565
66337
63957
69801
71593
58440
65845
66584
62619
67340
63971
62865
69199
63699
64848
63518
68714
66370
67528
68427
67909
68357
68301
67719
63691
64716
67629
63616
71861
68176
65165
69300
62778
68220
68316
69838
68939
67437
69873
68917
67246
69150
67131
71359
69327
66628
59355
68339
70138
62144
66409
67918
72190
64824
71186
69733
67164
69078
62653
67510
64985
66063
66193
59628
68122
64311
62546
68718
62546
72667
67717
69308
67396
70748
57990
71589
65554
69017
60091
66192
68192
65360
67054
60842
71269
67643
62410
64438
65600
69183
64692
70049
59870
65828
61321
67374
64672
69680
61398
63316
59338
69488
59050
60264
68885
64506
68885
66059
70766
64148
68344
60537
60932
63034
64147
68464
64253
67194
72504
69850
68995
66361
67435
65249
69615
72076
62861
67993
62889
70227
70143
65325
67692
61953
65644
67330
67098
61322
64940
71591
71036
67224
63916
60615
55331
65799
66612
63482
63186
68250
63067
64451
65854
65514
63766
66039
63142
65606
65258
68100
67307
67963
69808
67934
68410
65655
66110
70233
67483
64833
64818
61045
65333
68645
62386
67144
66662
69806
60257
70769
65163
65887
63275
63387
65417
70206
59355
61530
64689
67303
61961
67648
63070
70389
64795
60797
67498
64267
72608
65989
64982
64147
67393
64634
72250
61423
67985
60953
72079
70138
63517
63722
70695
73159
61214
71695
63479
66616
65362
66996
61765
67324
68814
68010
62591
64899
67440
68161
65259
77233
66658
61455
71733
68708
67435
66690
69756
66224
61896
65238
66650
66836
67831
61564
59218
64285
64895
64600
64556
62392
65576
63363
62721
70146
66682
68335
63718
68218
63619
68613
66333
66950
65423
66381
74956
64036
71274
69098
65445
64865
66179
58625
64431
63999
58332
68499
65872
67978
71775
62047
65340
63564
70276
67172
64315
63300
66902
68146
70308
69327
58900
60674
72113
68675
65435
69076
70798
64569
63133
65484
68520
68877
66790
55303
66944
64265
65500
74336
67248
64508
63095
65310
60951
72452
72420
64583
60301
63475
66588
64676
60029
64556
68397
66022
65933
63968
66191
63195
66396
58902
70317
66056
67541
68113
58859
65226
65201
69162
66033
61988
64834
64600
71236
69888
67971
57453
65787
59955
65750
62603
68091
63744
67009
73411
63068
61609
68572
67574
59216
71555
63310
70276
65560
67725
60158
68135
66340
67075
63300
67581
64860
62108
60907
63092
55771
63177
63179
62808
58465
63606
64243
71493
64868
65758
67461
64625
65038
64816
66018
67319
65853
66049
72335
69217
69194
61857
61622
62348
66586
63562
62449
63812
66461
62868
61993
66797
69107
70437
64929
62600
70733
68843
68997
68148
72249
61837
63697
63898
70265
63052
64203
63876
60433
64281
63954
65188
67420
69737
67490
61290
63987
63600
66555
62225
64522
66900
71199
63046
62200
63816
57945
68680
68406
64785
64309
62959
71800
69128
65865
65453
71064
70638
67103
67551
73665
71625
67015
58664
61198
66396
67392
61104
65124
72144
65570
65968
67348
70303
59800
71591
60485
68389
62362
64464
63258
66425
67015
63628
62060
64687
65050
67531
66754
68125
68236
65517
55821
66266
68652
60582
58216
67794
69043
61282
61879
65427
63261
60503
64040
65479
60744
63614
65007
64208
69781
69595
54906
58866
72681
65211
61188
66932
65737
62440
71553
70186
69415
62741
63070
67737
66989
64528
61531
67852
65965
70915
67017
63305
64275
63361
68727
68300
62911
69299
67456
58765
66424
64148
66602
63058
64551
62632
71937
68312
64705
66773
66062
68352
68393
72171
66190
68940
72792
64752
72631
68763
65144
70315
57420
64825
65931
59280
65375
64870
67102
67362
65399
64184
59895
60220
67323
63075
68116
66454
68789
61923
61225
66260
70822
74280
66904
65285
66220
64855
64649
64051
61476
69004
67738
70098
64887
67098
60689
64052
66089
68248
66256
59136
56957
70399
59461
61158
67454
74410
61081
72220
63813
64302
65223
63201
66905
66110
66970
66770
64660
68689
69813
61008
71330
68989
66469
68716
67977
63015
66640
62559
67651
65638
69532
64588
63492
65044
68369
67376
68269
68021
67576
67676
67926
71040
65752
67249
66420
65482
70295
65538
61501
70223
69174
70275
65523
70290
62729
67582
68084
70797
61121
64994
67168
65044
65647
67500
66250
64460
57919
64004
74223
69262
65732
64224
65302
66090
68345
67579
62509
74356
67731
67966
66131
69674
71318
60611
67517
66176
64722
65129
62534
61100
62600
67770
70133
64571
68943
67851
63887
63228
68220
70536
69100
66502
63304
70859
68309
65662
59308
70067
72397
71385
64987
69030
70989
61095
69740
56273
68763
62790
65974
66123
69182
70033
67782
65128
73775
66427
64424
71338
72443
65995
61030
65631
63905
67355
64800
64661
53838
62766
64531
69281
65410
61095
65366
65603
61530
62420
63183
68769
56730
67550
63709
64290
65741
66281
65318
66804
73435
69126
68247
69085
63001
63967
66917
62220
62977
66412
67391
67637
63196
67015
65788
68923
69107
62263
63870
69918
66013
66956
66359
68482
60341
68729
65366
66476
64327
63394
60522
71049
63787
74534
61293
67796
71836
60735
69580
62717
68530
64325
62846
63263
67652
61345
70095
66968
65516
64078
63985
64663
63744
72841
63826
65774
68984
64515
57364
64555
70108
65947
62523
67210
63313
65616
62450
69820
62576
68838
63218
58286
67978
66357
61252
69760
65180
69533
61745
67154
67679
65915
66390
68763
69656
67663
66005
68275
66075
71209
74019
63062
65937
67892
60378
59998
65439
68411
64460
69868
60096
65842
68239
68380
64551
65477
68237
63443
68340
64706
65554
68456
63905
65086
67411
64430
58191
61047
65828
69367
61468
67519
64746
67762
62566
61477
66304
62152
68688
63513
61384
58472
63395
67573
61560
66005
67859
69008
63029
74310
66871
60974
61253
64673
64024
69180
73451
70952
71263
68375
66142
65375
68904
64300
74865
63374
64622
66327
58605
64937
66838
63489
64917
62488
64870
60586
67751
66255
66003
66650
68233
67056
73483
69883
61640
65765
68249
65894
67715
66881
69598
69162
68078
64617
65217
65957
66554
61914
63121
65048
66765
64373
67784
65955
68243
71288
66274
60632
62783
67429
63754
68102
58867
64161
65668
69815
66314
68562
64661
65960
72516
65890
71402
66032
62770
69008
63154
65786
63862
62748
61522
68820
61047
66661
67148
65569
61704
67275
62774
72194
67769
63868
62007
67512
64230
64812
58429
63405
61753
60725
68807
66386
64308
66090
63208
61092
64420
65277
65292
67197
67070
76275
69129
68026
72047
66962
71603
66816
72896
70100
69943
63519
63612
62721
65469
63157
68942
68020
64671
63120
65529
66978
69702
69779
62698
64492
62626
71831
69410
68432
74008
70662
71007
69712
69473
61806
63624
61266
69558
62342
62515
65946
63718
63697
70031
60925
61794
59457
67003
61476
67418
63932
64931
69416
68743
71643
63355
62910
69788
64135
62293
58767
64335
65310
63032
66747
68161
66891
63594
66470
70121
67447
69840
74688
69549
77897
62709
65583
71396
66010
67453
64561
68602
71503
69512
67186
63975
67521
70208
62778
66584
62243
73722
67720
71969
71877
69301
56822
59943
59440
59665
61022
67246
60593
62204
65668
64819
65518
66048
60744
66171
67856
64592
63692
68251
63559
68216
61877
69869
63971
63709
66411
63591
64952
66128
65774
68787
64919
66958
63215
59451
63108
68647
59904
71876
70921
67783
62899
64613
67390
62700
57631
63113
71295
70515
66485
68853
57719
65152
67101
64691
72193
69103
70612
68444
66753
73596
65311
66911
65034
68675
66137
64523
66827
61107
65988
65443
70336
59687
66620
67148
68120
65862
61645
68013
69373
66483
62454
68945
66830
69921
71038
68729
70559
65747
68632
68683
64683
70209
70598
63890
68777
63165
63803
65837
71142
65224
70350
60194
68031
69458
64123
63286
68920
63775
63831
72604
69521
66115
65383
66204
66185
70624
66542
64471
57156
63086
65344
66371
59680
72397
63487
64444
67379
70589
61579
68745
64566
69897
71662
64505
69538
63704
63684
63476
64716
71604
68784
72472
62359
64643
66764
66881
66865
68617
68471
64739
63445
66186
63464
63373
66697
67482
67570
59550
61117
66137
64316
64835
63331
71232
69074
60044
61947
63204
58723
66067
67968
69023
65437
62685
73215
65348
66001
63152
67070
72845
68513
64322
66468
67607
61418
65037
63821
66366
67511
61250
65058
63284
66986
66978
65243
64621
65506
65460
70690
57578
66196
63146
63265
64844
67776
68187
65414
68893
69827
67061
68236
67577
64162
64624
68674
63688
70740
68889
66531
59146
70576
61591
65377
65266
64733
68050
63602
68101
67479
70193
66015
67429
69422
66141
68382
63870
71283
67833
63359
69332
66456
63468
74330
65809
69018
64114
63342
67425
65979
68278
65922
66040
61681
64121
68620
64905
68580
69441
58408
63328
63255
67685
69606
61204
63636
65566
67117
66469
68853
67079
67825
66465
64833
63513
71559
63234
71333
64932
68325
72926
67125
68807
63358
62354
70109
58441
66284
72492
62916
71625
59572
64397
61393
68109
60613
65847
63782
66716
73301
64121
68968
67088
63531
66132
68584
66316
67103
73475
67269
61410
70927
66821
66754
70311
64848
66276
61246
61439
66050
64859
64364
68365
61879
59660
61737
62449
63161
68727
67568
69676
63114
63032
63103
60343
63632
67403
60508
66167
65147
73270
70209
62497
67168
61030
65798
59386
62556
64081
61434
59674
66332
69348
71626
60226
69116
68223
65726
60016
73056
59261
66057
72495
67403
65868
61480
66765
62906
69921
66027
67312
61724
65484
62192
68256
62926
63945
63995
73081
67356
63377
70069
62773
65853
66504
64657
67416
60210
64681
64669
67243
65889
63559
66361
62896
64036
65499
65538
63747
62798
64005
64124
69035
64238
71831
62618
60156
71815
72599
63932
71451
62119
67654
64495
61057
67127
64622
60237
72543
61573
66998
63652
68689
67082
65449
64512
67250
64851
66478
70177
66609
67085
63986
66530
68890
69591
70108
66034
62819
68554
63814
66211
62266
64667
63808
68402
70338
61087
67008
72256
63121
67690
65934
61559
62391
65800
61058
55384
64368
68465
66986
64659
65384
67903
67737
69955
65546
67878
68954
64007
62201
72868
70598
66461
69160
70616
66138
71683
59527
64363
66409
64872
66242
66597
62890
69373
72037
68838
67270
69611
66799
69924
69556
69378
65750
69799
64287
70301
71409
64140
58289
68061
71017
69107
66709
64893
73201
66279
63774
58722
67270
65031
67457
63993
64877
72890
63955
70788
64254
65841
65630
63027
67187
69182
66131
67668
64698
68347
63565
64866
64904
69337
64305
66590
62828
65501
71163
66591
72231
69579
65617
64848
67295
71973
66716
68275
65348
63620
64643
58445
67452
69504
58773
64214
65611
68493
64635
67396
62465
64243
61886
65504
64380
72115
67303
67307
63150
73630
64459
68706
65417
65979
71485
68478
65818
64102
67957
69423
63355
69943
66286
64786
59495
65925
62667
62156
60636
70298
64212
68265
61522
64334
63280
67286
65763
64913
66377
65701
71026
59679
68288
70469
67262
64616
64707
68560
66354
66785
68612
71149
65497
67363
65899
65323
60557
70359
64892
68453
74253
73305
65739
73756
66485
65073
66352
61510
71074
67983
72569
65314
61528
59717
69336
60926
64679
66570
67885
66055
60014
63727
60997
62408
74165
60929
65800
60807
66894
62680
65773
64874
69021
58809
67216
70122
69354
64605
72871
66675
65396
63251
66069
66489
70476
62936
68570
70900
61436
65838
65435
66232
60248
70154
70721
66463
67070
63955
67475
66066
68040
72887
63514
63929
67499
69947
63326
70548
70829
68733
71568
65250
67806
66507
68325
65071
67940
67117
64594
62188
65643
62833
73646
68185
63527
63578
68213
68623
64214
60580
70536
62937
71368
68419
63623
69105
62499
66706
72651
67806
63686
74155
65974
67321
60223
66259
63763
64070
69976
72120
67703
66759
67357
66010
72684
65199
65158
66122
64442
66506
63833
64324
65378
69104
66196
66016
71006
66751
62567
53518
68314
69261
60531
70507
63759
63784
62802
69948
63455
63307
64561
71125
64073
70746
62473
70672
64331
62954
63457
64419
66553
64621
67838
66334
65117
64051
64809
65122
72203
66784
73577
67469
65766
65503
69176
64044
61696
69047
65872
64481
71854
65028
66047
65906
63947
65254
64626
72918
68733
66171
65412
65380
59835
64089
62193
73184
74048
58285
66106
65014
66721
60712
62972
66246
66611
68822
68062
63943
63355
62836
69681
69339
61727
63588
62771
65255
67316
70564
65604
72156
62961
68008
70035
70983
66879
66829
65552
65984
70239
68622
64383
66094
64787
65049
68513
71395
67763
69911
60285
63353
62289
64565
70497
67325
63833
64870
61290
66271
63953
66839
73123
68279
63294
69541
61487
66886
70735
62012
71827
66123
66344
63892
64526
66740
61825
65245
66632
66084
70883
72030
65991
69561
60814
67778
68446
63223
66796
64948
60904
62749
70915
69436
67994
65454
61254
72096
64694
70847
69584
61299
73586
58738
67091
61127
62219
63593
65410
67308
67647
65378
65667
66174
68322
64373
68554
64150
67212
57487
67535
65436
67881
66086
66474
66868
69750
64291
67186
67536
58559
62459
69066
65483
69103
72520
67559
63301
69683
67330
65541
63437
65719
59145
60635
57316
63302
62658
57335
65754
70698
69893
66036
64035
63329
67865
70100
64937
67886
62866
67789
65262
67058
64745
63255
67844
66658
66124
62347
62265
65352
70175
71248
68738
70137
66641
68063
69334
66432
64764
55684
61042
66171
71144
70333
66446
68635
70178
64973
73699
69326
72423
66509
68825
66558
63518
67003
70121
62847
68876
62121
68415
66487
64960
62671
69664
68453
66497
67489
61143
66807
67612
65710
63062
64365
63330
73995
65178
71097
64002
64223
68039
63041
61712
71769
65947
65510
60705
65408
72791
66473
67650
69399
64636
69472
57490
56265
63919
65474
59263
62590
60491
69249
69089
65214
64581
61180
69964
66310
62907
70896
62206
66250
64234
65408
63459
66962
60116
68634
64012
72191
64215
60266
70950
69606
63781
63906
68621
61445
69894
69364
66282
67024
59817
61474
63782
64857
70424
62995
68003
69187
61832
70734
69475
65378
63230
66152
65446
71029
65477
66154
71865
69033
67685
72975
70990
69668
68255
64085
60712
60487
62972
68861
66111
60029
64107
60819
69508
63216
67268
60434
62697
64358
67323
67876
63979
66440
72163
66737
71665
67005
66044
67487
64162
69036
63244
74980
59231
65629
63721
68179
73129
65295
62343
63132
65146
62156
70272
63051
69963
71310
69457
68562
64119
63212
62461
57906
68980
65467
67716
63559
59058
63726
62760
67408
62333
67729
66730
62957
64746
68323
62841
60420
61806
66313
65801
65942
67822
64322
71322
64918
63984
69937
68643
57160
67754
67515
64812
61575
64800
67606
67809
66930
71257
68384
70992
65320
64545
65955
66638
70780
65230
67360
67791
63549
65838
58889
69604
71371
64036
65808
65654
71339
64623
61660
66255
71936
65172
67015
67111
72201
63376
63436
68005
69052
66320
63665
66901
69137
59793
62776
66991
67825
66373
62241
64218
69756
57173
62507
66205
67970
63308
66744
65919
66158
65016
61079
64476
67925
64406
70292
66282
67354
67407
67184
62584
69019
64144
65411
67706
66896
66286
66451
67618
57799
69055
58898
67079
64696
65077
65038
61173
71614
60285
63599
66764
67930
62262
60948
61551
67384
64910
62437
66207
65344
63423
67755
64697
63058
63174
67070
65256
64653
60602
69309
69760
67341
62214
67848
62503
63054
64744
65456
60244
56689
60698
59554
62416
65690
65386
67475
66823
63186
68902
66470
70534
63415
70720
67253
66993
66086
65478
67484
64875
73890
66056
73225
65490
57491
64403
66385
62741
68651
62794
63427
65199
69419
61867
60992
63664
66199
61094
69077
63001
65553
62804
67368
62739
70315
64764
65660
69821
66448
70880
67784
68325
65945
66025
61515
73016
67961
72517
65189
63619
64425
70988
63031
71409
72904
60283
62591
62992
65764
64571
62176
70397
65850
62162
68034
63679
67617
66960
67919
62131
67453
65022
67077
68568
71712
66624
69158
64283
71189
65914
61547
63437
62614
63779
65320
62519
65447
64840
65247
66296
62395
65743
65209
67105
67712
56609
61549
62391
64099
66402
66402
69779
67361
65065
61995
64570
63076
64549
67899
67225
64091
64594
63309
63566
61934
66728
65073
64118
63752
69775
66770
66523
59321
70814
67891
66317
62159
64495
66316
66694
63522
67045
73390
65862
64660
71280
66360
64800
66579
66600
64563
65259
65994
71287
63049
71622
72069
67572
64681
62699
69331
60269
63312
58582
62920
69514
57664
66006
68947
64649
74513
70582
68522
75922
69969
62153
69190
70280
72882
66355
65557
61718
67980
69569
64874
67403
66058
60960
65664
69510
65945
62319
61468
62728
71325
66030
65752
66210
59247
69995
65994
64199
65368
73094
71094
65277
64701
70049
69540
66121
69985
71529
68265
59325
65406
67777
62700
63577
64482
65043
67462
65646
69856
64329
62764
65024
64201
71390
64305
61883
67301
61638
66459
65333
59892
64682
64553
68769
69872
68461
60683
60115
60517
64669
61600
68233
62921
74478
66818
62493
70206
64877
66614
61024
63242
65111
68019
61832
57782
62202
69398
66437
61977
71080
56248
63271
73690
66941
65341
67622
66510
72704
67425
73236
70274
63753
61025
61684
67070
72926
61540
66137
69473
66189
66636
66859
66982
61797
67002
63980
56381
62772
64447
62452
69445
63866
65878
64911
65347
66400
67748
68900
72847
69201
67506
63368
63804
74027
64271
71926
67341
60954
67216
68312
71699
69557
68873
58251
63851
61511
69139
65748
63209
62697
62491
67178
62653
73073
64925
68222
62066
61832
71627
67235
64171
64674
69165
65306
67530
64885
68492
63347
65877
67720
63078
62376
67191
65920
65553
65996
56923
63139
62981
67380
61864
62228
63891
61509
69108
65990
66237
69756
63434
60382
62271
62300
67988
68462
64601
65219
68933
65864
67866
63665
61363
64557
63918
62075
68444
65483
62208
71499
63018
70600
63141
63750
65353
72870
62471
65610
68302
66234
59456
66376
67920
65134
66002
64037
68647
67360
68431
62374
68845
66202
65680
62119
64210
66199
63461
65271
67621
69861
66450
62286
59047
61212
68983
70725
64079
60231
68077
65497
64810
66177
64402
64223
71952
68053
66753
61411
64536
69245
61986
69756
64180
64330
62682
71191
65570
68140
65819
64379
72218
63762
64446
63345
68326
67833
57917
68412
71413
64989
57260
68524
59636
66838
57377
67203
65693
67727
59598
61039
62066
67464
65155
64811
74557
67934
63678
70339
62865
68288
64066
63800
58131
65803
67059
67353
60620
65811
62995
63013
62172
56342
64189
66556
63226
70142
63055
69151
67973
68512
62883
68181
65485
62851
67239
66467
63211
60667
69787
74078
65342
64787
72545
62668
71905
69228
77160
58277
62733
61622
61419
64030
64995
70483
62737
63292
68057
66548
63112
64856
65561
63906
69980
65181
63540
67720
67768
67356
65856
66213
67580
65319
65672
69483
62306
67775
69658
65872
62429
66354
61157
67281
58351
59805
65657
60343
68768
65911
66004
64779
58620
69464
62549
62895
73263
64829
68738
67296
61628
67311
63530
63928
67311
67960
62058
71714
67433
65867
65080
64090
63625
64081
66146
64607
67730
65232
65584
69043
61583
62700
67805
60868
67848
64250
65957
67298
64891
63980
64533
65827
69235
63201
63826
64373
64189
54812
63404
66143
67858
71376
71402
64488
66236
62002
65911
60741
63691
66862
62373
61611
62537
65817
65852
66566
65005
69590
67827
71034
70187
62166
71997
63147
64023
55831
61108
64605
62417
52804
69798
59914
69416
68471
59877
64631
63737
68818
63192
60155
69759
66173
61001
59500
62718
71001
65203
64580
63939
70824
65454
67543
63668
60944
67074
64531
65988
72125
65940
66819
65938
59350
59811
67258
64361
67695
66806
70164
61817
69391
65535
65691
62956
66731
64015
63367
68241
70454
63027
67449
70436
67396
70375
66278
64362
69376
64908
59086
63638
61659
70583
70661
66778
65852
67473
62212
65696
59186
65215
63275
71835
68068
65807
61244
66016
65376
66256
60403
62502
67410
73298
66536
71369
64812
66709
64138
64821
60410
65423
60641
60593
58514
63836
62808
61595
58293
70001
57225
66071
59198
65737
63267
64715
60933
69029
60613
65520
67017
64037
62579
68988
67018
68445
66336
68525
74245
66789
60564
72579
60921
66278
62565
67240
65662
59133
62647
60393
71471
61127
59219
61043
63180
61062
65679
69638
63385
65623
70953
70832
61352
61909
66183
56901
68629
69480
64349
72993
64894
70047
66587
62286
65579
71784
63452
67999
63874
67447
69409
67524
59858
68588
61210
71494
60257
66202
61247
63022
66656
61028
62464
65023
70237
62405
66518
60552
63242
63748
68266
67965
70487
66538
71694
65399
66062
67178
66566
69394
68492
66941
71169
67079
62183
62752
63462
66954
66906
69181
65954
64833
67818
64597
65459
62990
62803
70645
64624
66199
65223
63760
62318
68528
66197
68637
69666
67456
66914
60394
65312
65186
62030
65613
63843
68376
58811
67654
70192
68977
72477
63763
66485
66658
67371
68778
68835
66575
69361
64857
72385
68149
64698
68136
67597
64860
74884
70139
67405
66960
61496
66036
67558
64850
64136
69322
63916
65620
62190
63815
66121
61362
63777
67830
65598
65955
62305
63538
68015
64850
71935
68456
64085
65621
69110
67199
65676
73048
61979
66924
60837
62537
71363
64311
63986
64790
66422
65486
61874
64751
61881
67332
70074
67000
66723
65272
66525
66366
67383
62163
65911
66850
70525
66142
67843
65380
66961
66824
72845
66007
69230
62655
63372
65120
63032
65785
65139
65540
69402
58268
66743
67750
63668
58839
57747
64691
68085
63676
71460
68068
69673
71470
68026
72461
61453
66952
64885
67057
67229
57831
66806
61973
65769
71390
68194
65695
59905
63842
60887
65051
65953
69632
63280
66069
58437
65863
67512
65639
65063
65513
61904
70728
66854
63994
67439
68093
67487
62186
65036
61161
60822
71299
66276
63844
66462
64910
71201
69235
55368
67562
62415
63576
74964
64026
67500
61560
65344
67987
59641
68900
63763
64020
62063
68725
64314
65903
54964
69951
68886
68808
66324
69084
61470
71711
69423
71331
66375
70832
70631
63129
60701
60503
61682
62998
73156
63658
61675
66919
70728
64758
61582
68387
61745
62745
66588
66498
66249
69793
72390
66736
59238
70015
67083
67765
64604
75565
61596
67245
71676
67975
64969
65767
66416
66746
64270
65866
66213
62994
67173
65230
66348
60298
68361
65770
65608
63124
62579
64234
64918
68512
68534
66947
62446
66980
66473
62354
66856
64223
65971
69003
62400
70200
70338
65789
63093
64214
66344
65269
62906
65279
64305
67941
64319
66581
65534
68901
68742
69167
62010
60081
60156
67489
70232
60063
67298
68081
63489
61060
64369
66955
66781
65617
69166
70967
68892
65216
67137
61617
57541
68759
63907
63720
58795
65050
67430
60652
65599
71460
60541
61838
67419
66018
69655
65174
64274
65806
65941
67020
69096
64386
65869
66384
70906
62483
68783
65254
69757
62164
68094
64780
66360
65038
62090
63812
64241
65639
62085
64470
73160
64092
58069
65249
69274
69172
63581
66235
71326
63338
67070
68077
70198
67145
66068
64750
65712
64656
65745
63713
67940
62582
61107
63972
64940
65737
61290
61201
63275
70200
65201
69171
62783
67470
67598
62073
60742
65097
69403
62580
64856
67753
63906
65690
70122
59630
61105
65851
67237
61776
67457
66778
65256
66697
63896
65501
57245
70930
60874
66463
66126
65999
64090
67008
65065
69947
64255
62197
57977
67869
67804
65432
64044
69517
69361
66264
68562
65357
67455
67417
68046
67631
65752
66884
72966
66483
63236
60571
64682
70059
62059
64842
61841
71947
63452
64038
70553
62841
65612
65939
68050
61005
69486
67664
63558
66413
67845
64083
66874
60907
67008
64818
62611
71483
65359
63965
70757
67822
70151
65850
69518
61755
64036
63775
66514
66217
63187
65260
60914
65723
58860
65826
63496
65299
70456
62245
61273
65333
69000
67152
70332
69759
65962
72599
71326
69390
66817
61492
68605
69897
61555
67228
63733
64525
65281
67609
65594
64200
66710
60868
67500
66247
70529
62054
63498
64537
68993
72255
64831
69710
63097
66503
60613
58468
66925
69911
65214
60571
67137
72275
63403
65572
67576
63100
65321
65159
63135
71127
65421
66649
72846
68690
65928
64581
61350
63242
67465
67095
63899
69064
67823
66603
70163
61412
61339
71649
67021
65113
67544
63447
64738
70595
72325
64121
70199
70759
69196
64919
61984
62904
63566
66823
62994
63036
66920
63351
63952
66302
61798
72077
69185
67421
60800
74451
71066
63280
62485
67784
67055
71680
62586
69718
66372
66566
69182
66350
66147
63300
60880
64411
67623
62048
61946
59238
60048
62041
67106
66028
60891
58931
62753
59025
68201
60674
69547
63832
72454
60725
66908
67097
66841
61502
65441
61056
57666
65571
69141
69117
67789
67192
63667
60036
64370
69969
66345
70762
73452
66415
62675
67960
65572
55277
63761
64438
65184
64884
57204
67516
68044
67298
60342
65370
65145
65317
63725
60553
69462
68680
68765
69977
70125
65796
63193
69021
70379
66439
69775
70930
59729
66229
66875
69058
69361
67217
68132
63608
62013
67339
64709
65184
66387
64665
61607
59343
63131
63659
60457
65657
66841
69112
65233
68175
70310
67402
63949
68361
62010
67713
66535
70525
68802
72099
60223
70614
64919
65500
69804
67971
61639
65847
69852
75448
64334
66326
64636
68218
67050
67044
62675
63382
71858
64536
69454
70307
62704
64999
64784
69237
63509
71563
64652
63608
68591
66043
64349
68661
61541
71918
66845
64098
69613
66468
63097
66491
60617
65974
74588
66370
67428
62549
65050
58697
65409
61283
59682
67421
69718
70393
67595
65964
60967
69369
66395
61917
71796
69976
66952
64035
70425
65143
67740
64917
68433
67485
63642
68862
63274
63527
60776
60817
66288
65566
60840
62843
70362
67764
72353
64869
63844
65962
65115
63732
61276
60676
68685
67822
66664
69227
72300
65658
52310
58803
62251
61583
62526
69386
59981
61684
60855
67885
64227
71420
61759
65136
69712
63602
68903
63795
67440
67447
56804
62306
64938
63275
58599
59937
67545
65534
67820
67066
72828
67189
64294
68224
67652
66789
64120
69044
58331
65464
67235
69411
62062
63322
65129
67752
64718
63740
68206
67555
69764
66694
64797
61308
66403
66705
64530
68388
67115
66395
59690
66597
62914
66755
63915
72820
66168
68795
65337
65247
66834
68133
61371
61410
65762
66488
66074
62618
60127
60173
64582
64897
62632
70235
66078
64328
63727
63524
66026
61569
68007
64744
71078
69155
67973
67975
66487
72204
65328
64945
65136
67053
68111
73094
63066
64371
63619
65048
64221
68430
69768
61388
64374
66318
65856
65878
66323
65285
64196
64471
58813
62819
64056
60930
64043
61040
68337
73417
68658
58080
68317
60183
66032
71153
59248
63445
66815
66826
63107
66581
66041
68674
60579
64179
59073
67590
60676
63709
64758
64095
65041
72558
66635
67480
71799
71866
63937
62526
65069
62685
62869
63740
72278
71125
64690
68071
64922
68782
65253
63912
64838
59623
64442
63547
62872
67755
63996
65837
69403
66100
66005
65883
66422
64406
62375
64718
69113
67162
68450
66755
66563
67256
66138
62472
68051
64347
71061
70274
70759
66897
69983
65503
66008
70296
67894
66000
59914
70598
69344
64535
65539
68559
62648
70509
67638
64476
65215
71207
69250
60390
65684
71205
67615
67635
65398
66916
68290
70530
64866
69433
61466
65514
62114
65856
63824
66360
64317
68860
64982
65344
61142
65899
66548
62747
65023
66117
65334
69112
63582
60382
62203
65141
61675
63112
65298
66869
53278
69022
62188
63658
67877
65381
63353
62913
66720
68329
63703
70257
66322
64507
67563
62814
68755
66493
68199
64457
64812
69419
62997
73655
68576
62484
65809
64693
65128
66791
63627
67587
63892
67120
66706
74593
67366
63756
68834
69532
62134
59220
67297
63670
66374
63103
71766
64545
67492
64285
66520
66944
61476
64460
67755
69047
67509
67547
66434
66656
67716
67656
68542
68371
66141
64873
65023
60527
68152
64536
64233
68108
61178
62966
69184
66070
66519
62553
64942
62460
68630
70996
71397
67428
60848
68665
63407
72672
70529
69524
64639
66339
63237
66415
69952
63702
68442
71835
65371
66485
70847
67377
64270
66153
62473
64630
59912
64067
67651
65835
71645
64210
66429
65684
69606
62412
66413
61724
65123
64081
60482
63611
60606
66248
64130
63042
66524
64839
60100
64693
65913
62887
63232
60363
64628
65550
68701
57794
61598
73214
66539
67081
68554
66509
63643
71134
73202
70518
61313
70636
67609
68823
65946
65469
68883
67536
68418
69079
68085
67971
66417
65263
65429
67197
65700
65119
65608
71094
65429
66709
60981
71249
62031
65213
61453
63344
68930
68215
67192
65197
71731
64690
67968
67243
63062
68304
71209
70758
64501
64918
64563
65169
64924
69937
69604
65164
58592
69088
65472
68013
66074
68155
65857
66177
64608
63619
65282
67335
67883
66114
66997
72881
65092
70325
66582
62525
64787
65267
71858
64952
63982
61735
67544
64779
66152
65660
70170
72336
57356
69944
70304
68190
67336
71814
60272
69153
58762
65847
69039
62998
70447
70436
63939
66686
68413
66925
69985
66087
64155
57042
65380
72301
66500
67551
63287
69805
64457
68859
68604
64808
66774
68975
59836
65899
64050
67968
65425
64993
69311
60717
66444
65606
60587
67198
66857
62845
64113
67343
65144
66142
66696
70426
67431
62785
64011
62813
65467
62119
62215
61955
72031
61758
66353
68739
60919
65465
61965
62524
70585
64282
63124
70560
60431
63093
67077
65571
64153
66214
65925
68212
63399
70492
64334
67926
66882
70683
64749
61916
66071
67653
72508
65926
59759
66494
66784
65687
64797
71105
66427
67239
60200
65571
71986
63748
64771
61400
68325
70141
63274
67965
65625
62915
65468
69008
64177
62459
75012
65338
62830
71486
61068
70655
65309
70076
66719
69566
65763
60122
68547
67699
73773
58573
71167
64127
65518
61392
65306
58876
63189
67899
66788
63929
63993
72090
67502
62799
57757
69487
61267
64756
61509
66142
67647
73109
66182
65721
67362
59807
63586
60276
63485
69480
68776
64598
60537
60944
72757
70571
69089
63449
68431
67718
64463
66760
63115
65193
68038
67508
67509
66754
68520
67480
64429
62066
62039
67094
67997
65190
64499
72486
69862
65466
61714
68719
69666
62239
61291
69615
72523
62140
64176
59218
64136
63970
60730
65554
60470
62521
69092
67957
63165
69211
74155
71028
66303
67874
64163
63372
70294
65160
70427
67638
71030
81220
65010
63362
64358
58891
66245
66431
66896
69491
64304
62901
64157
64153
68341
60659
71589
71120
69877
63635
62146
65157
65907
75303
66296
67056
69480
66402
68686
69100
64151
65564
62749
60021
72161
64225
68260
65086
59765
67359
67121
66636
67003
63033
64760
66934
67757
68409
71001
67547
73498
65681
63980
66891
66687
68561
69501
64034
61912
65368
61243
62277
68143
71988
64533
66518
61988
63789
61934
60476
66101
66935
62523
64589
58664
66204
66207
65295
61376
66264
66653
65050
65711
70821
70251
62450
71016
63892
59548
67646
62096
64532
63839
70095
68219
67770
67210
71873
64768
65419
63090
66617
68552
54974
71162
66731
62199
67468
64212
66770
66240
64383
57148
63773
64493
68605
69762
69164
72560
67466
65784
76451
65715
62686
66887
61232
66877
61169
67089
63555
69703
72746
61132
67857
66871
69073
62546
59552
64072
68631
65131
63881
73883
63203
57553
62415
70370
61781
63850
65552
63876
62811
62687
63013
66639
67197
61484
64425
67246
68633
70746
67794
67068
68992
60116
64428
62454
69044
73267
65539
65385
68448
65381
64002
68049
64474
60486
66472
68752
63744
64298
68227
66528
63552
65937
70174
70083
67413
68460
63963
67061
64333
60435
66097
66125
61241
64011
69956
63655
61128
64442
58476
60821
64759
62147
66397
62951
65632
65015
60513
60541
64783
65435
65824
67664
60023
63012
59827
70521
67046
68216
67837
66533
65750
64136
61748
68779
66474
64759
67705
62456
72343
72616
65912
61568
60099
62787
64512
68756
66143
64749
60729
69513
61149
65531
62032
61028
68435
67490
65999
68912
66754
64413
65393
75018
64949
69373
67021
66137
61381
68680
74382
64672
72538
66215
68102
62906
72539
67224
67542
66993
63606
67806
65686
71109
63720
65206
66001
75819
62873
66727
62147
66653
65154
62055
72908
67011
70181
69139
62480
65145
65383
69297
69369
66081
68098
65039
68847
65146
69272
67931
68743
68409
66284
62186
63123
69381
64312
63910
72035
64398
70492
64305
67662
70453
64159
66658
63350
65225
71156
64609
67277
64677
70077
63554
75861
64941
65740
61967
66525
61628
64849
66305
65085
66590
59000
69836
68551
62399
63428
69971
70631
66533
64838
71223
67964
67445
57300
67278
65429
67477
72148
63310
65279
64920
65462
67674
67666
70792
67716
62020
61240
64512
67587
65416
67034
70331
65693
69839
63298
62784
68251
67192
68244
67720
68668
66206
66688
64080
67805
70837
68361
65890
58642
65133
63721
67772
68744
65913
62791
64072
66969
64989
65447
59912
61077
66686
65273
66344
66665
71266
66212
68566
61335
63810
66507
69030
62178
62590
66678
65579
66172
70095
67618
62942
65438
69520
63844
69739
64119
69408
68880
68035
69192
68922
70123
59909
58508
66784
70141
61657
65933
67930
59027
66236
66799
56984
68755
62029
65982
66475
66941
66113
62456
70534
62721
66228
62664
61712
63661
61336
70452
64414
64179
64118
67041
63761
61937
63769
62739
70341
59692
64812
67303
65111
65007
65192
70471
65994
70433
62883
60043
68549
66497
68236
64847
60247
64141
64345
71752
70151
61475
65501
70319
63080
72780
66726
68705
68589
61915
63380
63951
64365
63018
62836
64526
66834
61218
66393
68263
70699
66482
68021
69535
67619
65238
61152
67105
68066
65192
67946
72155
59861
65670
67022
65869
67752
67328
63382
66798
71838
62423
66411
65049
64945
60578
72891
65362
63888
62804
64803
63560
62454
67208
67926
73007
68477
67707
69291
59903
72597
64450
69028
68147
63217
66970
65682
62339
69168
65467
62300
67285
69214
65312
61881
66962
67642
62252
68204
63291
62389
58005
67407
66716
69094
69079
67141
66123
67111
60291
63761
62599
70269
64921
64466
65161
59229
62425
68273
66901
67237
63948
60280
63780
62088
72365
62226
73094
61108
68885
68188
68840
73311
65684
67262
62346
67873
71320
66047
69885
70030
66337
68709
67311
68973
69044
64917
71212
67044
65816
60703
67568
62412
61219
66927
65417
63266
66820
60925
67465
62049
69209
67776
67582
62715
65247
66014
67640
61918
68208
64549
62480
61311
65787
61382
60980
68469
65254
66983
65038
68044
64858
70873
61921
70652
59325
66298
63444
67979
70470
63926
60951
65265
62781
62514
68912
57959
73795
63763
62867
65572
69405
62448
69406
62868
65963
66545
67546
68607
69554
60563
63981
66570
60625
71563
63162
65484
62850
61164
68409
66038
63783
62805
62392
68193
67100
65917
62792
72492
61170
67061
65680
64106
68578
70661
65763
64043
67061
70013
66896
69066
64471
65888
66141
61260
66435
63983
67177
66441
66419
66940
64169
62673
63968
63892
62226
63709
61028
62796
60566
58132
66669
65328
66270
60032
63324
66640
58929
67333
65893
70039
63989
65284
65215
69556
62371
69168
56948
67045
73454
67799
60471
68412
57675
68696
72322
70009
61096
65053
69949
71563
68763
63962
65641
71033
65863
66978
66681
69451
64209
68008
63587
63723
66879
64221
65600
70791
65543
68905
62614
65583
64974
63360
62924
65313
70911
68711
69004
68517
74386
61208
65949
65745
70843
69501
63501
69337
68130
63744
68956
66859
70535
64906
64052
68000
66748
61924
59646
71101
68974
71339
67496
69288
66845
71015
65119
66384
68005
66271
64695
66419
65487
61653
66946
67098
69069
63083
67201
62663
68050
67163
65682
70095
65421
64958
66742
66796
71455
65259
65084
63731
67093
52733
61387
57968
69275
68630
63804
66875
66192
61012
65521
67091
61226
59714
64826
67019
62175
66929
71768
62990
65830
62048
71679
68273
63669
64348
71049
63231
64784
58069
61963
71294
65063
68342
62450
71435
69328
68301
59006
67962
64962
64375
64267
65938
66046
68100
62667
64535
68711
63451
67112
66942
64395
69013
67344
70607
67214
71823
69750
68755
63477
68888
55961
66580
69678
70641
68595
69388
63542
71003
67710
68366
67146
61976
61462
63833
69961
65092
62205
62541
68621
65030
63391
65091
62456
69006
65340
62808
72025
61112
68846
62554
66349
70460
67148
68426
70742
61230
56365
67351
59680
67692
61541
74499
62585
60972
61734
60016
62084
63722
64964
66054
65975
62596
67656
67488
59172
69631
68293
65566
67462
64531
60328
65367
66355
70541
65936
62767
64719
68767
65301
67849
70967
60740
71767
68949
65853
61898
69963
66423
61058
66333
62676
61588
57329
62228
63088
66295
66157
66750
62113
72718
67541
65675
67191
65242
59171
62229
68567
67754
68832
63241
67562
70489
62927
65500
64864
65334
63503
68122
66807
63272
65786
65665
64654
65047
63470
68870
68271
71774
65137
65779
70299
62209
68410
67326
63533
69789
72740
73580
63657
66731
65517
72064
62959
62611
68484
60953
65814
59033
65750
66668
69539
63320
67551
62468
69271
65826
66462
66816
62643
63810
66317
66929
63870
65732
62895
73203
64206
61948
68851
70039
62979
61140
66557
62221
64508
68353
71160
70257
69532
67131
66010
64078
71732
61953
65863
65911
70100
69782
67584
64423
72506
59642
67507
63905
64032
72588
66530
61932
62852
63441
62111
70114
72292
68345
69068
72780
58633
65976
61265
69057
64721
66585
61377
67577
70597
65877
65488
67593
64813
66627
70672
63986
65979
71214
60775
57901
63307
64564
62440
68282
60282
66644
60771
62617
64474
68560
65893
66402
66173
64800
60679
59148
68357
66006
64711
66356
61170
59233
67291
64837
65250
67135
68328
67096
61729
69228
62718
69926
58895
62664
64618
65392
59564
69160
59904
63868
67639
65360
65031
66977
63384
64405
65213
65825
68152
64279
67191
61812
64696
71550
58028
68040
69756
59781
64004
60276
63966
69700
65631
68721
60480
68335
68616
58648
62672
65167
66554
67314
65968
70577
65279
63459
68793
67655
60803
67095
60003
65274
71257
69748
66235
60315
62032
65096
63197
62152
65492
62373
65321
62830
67025
68521
67628
64420
62461
66708
62661
65291
62319
59392
66487
71053
66541
62924
63942
63168
66232
71312
67834
71733
64609
68312
62598
66761
61013
68726
65234
66356
65692
64434
68550
57699
70093
63636
66495
67854
65341
65849
63649
60977
61951
64061
67346
71603
68031
61196
64763
67992
64510
64626
68004
63639
60449
64961
66071
65713
69502
60762
64669
71826
70204
70972
68147
71765
64514
62205
58278
57814
66334
67141
67001
66557
66426
70270
65552
66223
68494
69694
67247
72779
61779
66516
63925
66238
63583
65158
65708
67456
58787
70842
61879
61084
66718
63859
69372
61765
67112
62392
64972
70717
73071
72983
63998
68526
69585
60425
67072
68817
65004
66253
66860
65146
66736
67538
64871
65144
67080
62248
70683
67299
66025
66513
63370
64304
72164
61206
64658
66032
69285
70960
64643
60836
69140
64378
63137
60410
68661
68255
72237
67726
71813
68045
71092
65116
67783
64097
63515
63524
63419
66954
67467
61989
67686
67618
62990
63884
71552
67465
73875
66890
66027
63538
60177
59953
64375
66581
63462
65035
62572
65467
70189
72918
61870
67921
60783
64179
66558
66313
71548
68751
70842
65830
67953
63284
67192
60305
62506
66606
66672
62744
72423
66782
64533
60840
55635
64717
60094
68723
71142
73560
61804
68347
63838
66274
62946
65394
69907
61912
67009
64733
62679
61391
64152
60389
64784
67221
62231
67918
60431
71469
65547
67194
70690
68337
62583
66650
64193
68983
65633
66352
64089
67474
68340
64950
62647
67395
69240
71883
68769
64169
69128
63495
69114
67569
70805
67755
66893
66185
68400
65941
67846
67008
69298
57473
67615
62740
71632
59540
64682
65119
65177
67356
62108
65417
66156
65041
66692
71079
60485
63160
70604
67099
67299
67795
61709
71136
65789
68774
64243
66145
60860
62637
64673
71751
64436
67379
63435
67665
63534
71152
63908
71601
69728
68505
67210
66795
66978
62799
65447
70792
71600
66262
62514
65548
60062
65886
65664
61924
64508
78129
61770
62172
65822
69780
64837
72692
66669
63370
62284
64472
60230
68406
64223
62069
63833
69152
69371
66476
72129
65015
62805
62402
62408
64683
67407
68441
70620
64404
59794
57619
63821
60013
64674
72454
63323
64356
63190
68490
63343
69832
67790
68255
58292
74281
65076
71241
65593
65304
64956
65002
67902
62998
63832
69218
64096
61849
71919
62251
68102
66147
68644
62801
67939
63836
65685
67057
66273
65689
70076
66252
66190
65778
69643
61759
64780
73517
63611
64925
60136
68944
62294
65020
70053
67638
73050
66193
70553
65103
60936
64684
73216
65876
70122
63189
61098
70773
64851
60369
63418
70444
65219
64048
60619
65576
72679
67751
64845
55552
57044
63959
61682
65440
61268
68357
60441
64215
67638
62902
67104
64634
62791
64373
59832
65064
63430
70798
66394
69613
69446
64094
72094
62443
67292
62491
72568
70807
57603
60973
65625
64718
64638
60287
60888
67318
60949
63621
59549
66548
57612
68259
64525
69246
69715
66626
70620
67563
68912
60843
66144
62756
68969
65273
63924
72663
65290
59084
63971
65017
69339
64473
68982
61934
67317
66313
70485
66036
67647
63039
62538
67338
65505
67199
60892
65835
69935
67746
67091
66034
69464
70938
65966
66387
66772
67855
62134
62725
65144
67310
63194
67298
63062
60812
61456
72328
55515
64368
61328
69089
65239
58399
66541
70506
70011
73173
69606
66647
67891
59765
66392
67010
65173
69554
67998
63948
67404
66366
63482
68894
69101
62617
57751
69707
59696
68271
64088
58805
67898
64784
69612
66564
57105
72033
67911
67497
62522
67947
67386
69684
64487
63865
66786
65373
68594
65759
66429
68413
69987
68294
65800
64702
70548
64824
66733
65992
72153
62487
64625
70434
65314
63424
65202
65217
68775
66810
63085
70260
69934
62464
