66780
56588
55465
54541
54433
47410
52329
50295
59105
53829
60041
53134
54332
58176
51541
54622
51176
51526
52473
54705
59593
53104
57762
48867
64235
52430
54743
51625
52833
49826
57472
54467
58722
62783
64357
52535
61218
54451
55465
62945
61777
56002
51278
57518
54577
52836
56356
53860
61209
57275
58560
58879
60319
51958
52485
49608
53277
54593
62991
49876
60083
50607
52046
49887
52942
56436
50383
57857
48331
54941
57688
50124
62334
48457
59222
50038
51963
46870
48024
52225
49956
52892
50910
51801
52597
59089
52674
58040
52404
52229
58801
52796
56141
62890
53511
58259
60071
49318
53456
54013
57860
54307
54526
53913
58979
52358
55306
54810
50320
50252
55243
52768
48639
53387
47710
53895
56674
51359
65906
66496
55070
52198
58135
52859
55908
60554
51074
52675
48706
55139
52644
50292
54064
51234
50109
49520
50115
59873
53345
47460
57877
61142
56078
50238
49347
52010
56080
55695
54737
50798
56812
61678
54262
59907
57757
54251
56490
60571
58922
55331
54289
56058
49966
46510
56859
58090
55160
56841
50139
56310
54674
57487
57270
56660
56707
57359
51495
53258
54721
50374
53136
55688
53993
50416
56704
50674
47662
51388
53626
55176
51496
49492
53638
54721
51840
50862
58323
51418
60092
58986
55616
60791
54683
53787
51655
62811
54683
51283
50887
62202
60591
57107
59943
54393
56153
54386
59793
61330
55669
48598
53642
51202
54751
50059
53046
55053
51175
53079
52165
56916
56051
55801
50107
51059
55061
56906
61268
62781
48831
55061
54653
52781
51614
57382
55374
58708
52434
57955
50280
53983
50930
54279
56929
51455
51845
53321
46754
52311
54307
56019
61242
58258
57982
50113
54639
56624
55405
52467
51323
57012
51671
52995
55986
51472
53711
49995
48620
52505
57511
54125
53313
51842
54046
53008
55936
47058
56439
56282
56066
58405
57537
54178
55328
59124
52479
62482
52286
51011
53506
57341
51007
55362
55936
56995
58704
53556
55021
53628
56429
52564
57033
52931
63730
59014
56919
60773
56604
51453
55674
57129
57981
60827
54208
56164
54366
49289
51695
55496
58900
50376
66664
54302
52398
50026
45594
56971
62948
54839
56143
59193
62116
57735
46549
48896
56167
59403
48895
55610
48503
61767
59030
58147
51530
55921
52354
56511
59585
53042
52994
51999
54682
51402
55812
60250
59674
58967
52207
52150
47355
55630
48813
52175
52073
52601
53537
53972
54797
55596
60076
57937
52593
56295
49919
54312
50993
54133
53122
55728
53339
50247
60054
53093
61796
57725
47946
54797
51448
55582
58540
55045
52826
53639
52861
51099
52902
52307
59860
52406
56392
51315
63026
53469
54779
58685
49754
53664
50391
56265
59191
58126
59240
57394
56030
57328
61311
57139
58939
46559
63119
48944
51381
56899
55461
55309
49832
51670
56010
57614
53557
52121
54221
49511
58217
58072
49190
64181
55683
55623
54902
51993
55445
52004
54298
56822
59210
55704
58319
48239
48558
53004
49103
58310
53320
51549
53441
55089
54520
61997
46221
57274
57686
54347
51647
52141
61163
51418
50797
51410
55580
55286
57130
53687
58490
62007
58708
58074
50727
51472
50066
56753
58288
56174
52606
52798
56685
48896
54154
55620
56308
55849
55687
50329
55441
50127
50966
56367
53581
56920
58778
50055
54251
50265
51316
48905
48965
52486
57747
51637
48355
58599
56156
55424
56723
64032
59016
55574
53630
55289
56610
57119
53757
60263
56537
54549
56159
50126
59035
53697
54347
48298
57153
57812
57502
58189
60226
58032
49899
48402
55264
55085
58739
53038
60085
50665
57498
55557
57381
60055
55291
56728
54378
49178
51173
60697
57630
58987
55246
60140
53614
62408
62210
51000
53096
56212
64951
51933
50926
54957
52393
53232
49635
51814
48920
52503
54652
50807
53858
57250
57145
59692
64397
58097
54188
63067
56140
55068
47787
52708
49771
59877
55054
50713
54202
46711
60158
54958
51332
57231
53800
59355
61329
55293
51568
55166
52956
59508
53721
51718
55514
52808
53893
54548
56615
51794
51781
55546
54039
51270
49447
52557
50087
55953
47443
53234
53429
56688
46398
56224
50861
50894
55601
53930
62039
55143
56898
53194
54773
52265
54054
46510
55393
54354
56342
58145
49566
57992
51913
53275
51391
61948
56176
46849
57111
56037
58345
47524
58242
51328
58451
51045
49957
62023
53288
60005
52842
51680
63352
56145
55197
53271
56572
52629
54264
47010
51359
49353
56403
57822
54608
55684
52500
58523
57457
54976
63785
50585
54598
52420
53630
50839
57335
54052
51749
53389
57122
58272
59241
59286
48516
55256
54504
51076
56211
49037
53948
49379
45684
55656
44635
57568
53327
56999
59082
53007
59823
46177
58192
48408
48232
57613
53549
55603
49945
50771
54946
57319
58424
53545
50196
57709
53793
51927
58359
52029
61542
53611
50355
54479
51823
47892
54871
55950
60070
51321
54568
61836
49747
52865
51549
52595
53408
52376
54100
53698
53730
59272
51983
56221
46694
53836
55282
52716
54343
53303
52041
52648
59098
52006
49884
59521
48701
53455
59070
48064
61872
54027
55788
52591
52416
56533
54757
61177
60234
56770
53751
49987
51481
50344
50341
52959
54178
51903
51458
55973
52414
51907
58217
56204
58572
60759
50297
52316
50766
57777
55620
56167
57009
47350
54105
52556
52832
54356
52730
52547
51441
53347
53319
52433
53433
49042
57604
58218
58114
50017
56391
55522
56071
56132
55322
59657
59764
54277
47942
51276
57040
50759
58670
54885
53092
50890
54045
51220
55108
60802
52677
54395
49007
52814
48475
51955
57429
47344
51077
59321
51109
58663
54428
53079
53772
65071
56370
48875
53763
49685
50803
52328
55205
51726
50632
52781
54186
57479
52756
56957
55211
50640
60983
55954
48815
49956
51406
49892
57131
52385
55767
57962
52163
52438
51706
55718
58286
53180
57645
46492
58177
56538
44535
53498
52429
59682
50132
55694
56973
50249
52318
49772
58465
54226
53613
53836
55577
55714
51452
54073
55764
60777
57715
60858
49708
48127
57500
54657
51036
52685
56765
52522
56671
51744
52221
49016
55971
61640
53413
58369
59357
58074
63713
50338
52886
53698
52705
54872
52283
55044
56830
47930
61065
52415
57275
54138
52540
53249
56115
52806
58117
55364
56117
59564
50951
58216
51820
52598
56048
52364
52677
56936
51235
48005
55479
54651
58318
49528
58122
65316
64300
59024
60830
55214
59376
53504
55705
54177
52235
59127
57383
54563
52553
56823
62372
52702
57363
47878
59748
58916
55283
59884
65087
56831
56828
55785
54618
54046
54287
56622
56968
53851
59161
51013
52556
57357
57446
56310
53959
50039
55017
54443
50812
53447
61459
63097
48839
55324
48928
54065
63253
50298
62432
56872
55269
51092
55028
53178
58396
53581
54222
52298
62697
57685
51332
59940
55391
57068
56954
58084
62242
60568
59304
54490
52435
53103
62938
60097
51618
51210
53192
56303
52636
50234
57568
57113
55632
54640
61598
58678
56029
59552
53352
48002
51541
53506
54780
49238
47014
51253
61763
56850
54417
53280
63401
48480
52077
53508
57992
55354
50244
50382
52325
50885
55255
57760
54781
55200
52763
58955
61009
54686
62418
54181
54536
54698
58878
51574
55820
56985
53744
50241
52476
63145
55176
60401
58021
57965
57327
57185
56043
54102
55314
57985
58069
50735
50716
54488
54891
57332
53030
54994
53215
55947
53777
58632
52942
47237
58324
55776
53255
54567
50064
58039
53451
63472
49266
54982
57217
51514
59208
50410
54177
58671
50041
56251
65623
56023
57313
49664
63572
58241
58621
49905
49962
56857
48515
55752
47812
53438
58383
56217
57320
49260
54424
50246
64228
54673
53783
56958
48967
51060
47812
51356
56789
50490
50541
45721
56068
56976
62172
48079
59969
54855
56720
55152
53527
60533
57987
58775
51797
52031
51780
55102
57834
46970
53342
55990
58932
56484
49850
53881
52410
59120
60810
63439
57203
53959
52096
54174
59100
56354
60987
57550
60736
55849
56603
55383
53107
59285
53883
57708
57755
53272
62504
60563
58472
59931
52940
61695
55714
53177
49643
48988
53274
48110
52865
50481
60108
63383
51336
60814
56259
57760
58868
53726
53185
56404
58054
53898
52579
50701
54284
56526
56200
54376
50137
54045
51238
55106
48223
50439
54279
50863
54540
56416
59174
50878
51668
57742
61030
60866
51478
56891
50849
53467
48805
57211
54912
50240
58918
45633
52537
62813
60773
56122
62973
51731
53699
48890
52729
53208
55681
54475
58104
54814
58373
55766
53869
55178
58046
46450
51833
57694
49298
53463
53288
51078
54684
51371
52981
49099
58845
53127
50623
54159
54935
54092
45026
57613
56191
52488
59973
48997
55008
51252
59177
60873
54988
52603
53720
56765
52869
50063
53120
56819
56406
59960
51993
56456
56295
53469
58134
55953
53439
62837
53218
58670
54015
54253
54043
59761
52617
58233
53513
56752
53516
53455
62363
52098
53595
50409
54733
53040
61154
54098
61300
53619
52047
48154
58468
57225
53410
49850
49447
48756
53616
56542
59243
57312
51818
61395
53105
59346
53972
56237
48721
51194
51990
65122
52751
48738
57179
52267
49267
54923
53389
52041
49115
57572
58039
59689
54237
51618
53720
52562
59230
57346
56388
49587
50476
59593
50110
58077
54147
55953
49100
55027
52382
52407
58734
61740
54380
57981
59070
52081
49798
49808
55032
51182
53254
57701
50423
52914
55249
55605
54974
50966
59706
62981
52890
50220
53505
51182
53454
58725
59588
52914
48901
55236
55198
49610
54191
57778
54292
45166
55203
53524
53065
54023
48253
51975
55429
54183
54754
50685
62223
49425
54060
54480
52506
49653
53055
56727
50438
53530
50679
49707
58966
52754
55946
55722
61885
52361
47596
55131
57465
55200
49683
52364
53325
59465
50414
54017
62624
58435
49461
56201
52281
51138
55315
49199
50795
53416
53947
47239
48631
56346
64808
50717
53752
50386
54271
63338
54967
56169
53066
53114
58515
50974
53791
58303
50421
54270
61242
58683
61141
59137
55802
53613
57010
52887
56733
58324
56158
57260
50298
58352
67291
60154
48780
53000
52058
53194
65774
53826
54355
49711
59462
52300
61024
53649
59775
56004
55816
57633
55487
59860
45707
55481
52063
50809
59363
54735
50328
50439
51151
57661
53663
58588
50010
56202
53690
54625
53626
52235
54781
57520
55706
48614
54235
48386
49733
50816
47090
55784
48892
55913
56858
56087
59036
51837
62072
59353
59028
57744
53513
51188
54804
55786
48288
58194
48469
52214
50560
54415
51244
49829
51973
55991
53768
54679
52396
55047
53778
58082
56317
48918
56623
56428
50706
51939
52669
50422
51392
57215
57762
55949
56430
59015
51549
51975
45278
55693
56510
56744
63647
59213
61539
52466
54713
53229
52489
57562
55757
52220
60413
55967
54194
58960
49402
47674
57567
56716
54336
54166
56417
54313
49153
63870
51761
49821
54133
62289
55806
63662
49953
51967
48347
56359
63295
55980
60185
52556
58196
57441
53348
54595
53276
51234
54144
58314
52190
53259
55289
54994
59728
53896
54379
51873
51018
56473
58063
62423
68287
48858
55109
55112
53558
49524
53331
58124
51681
53866
60491
55877
58414
50323
51478
49605
55170
56183
51128
57985
54374
58239
63186
53893
61013
56253
48100
58391
52809
57928
56237
57065
50244
47266
61697
63240
63092
50095
46265
55346
54623
54599
51075
55942
50006
51232
53585
51839
50856
55633
52014
55117
57513
56692
53599
60174
56656
57748
49943
50573
55551
54753
49103
59841
59236
54207
58132
61656
52592
56624
56477
53232
56216
57358
58016
50113
61798
51652
57819
53619
53896
53665
55931
52882
63970
54389
52911
60062
52708
51538
51199
52750
59997
50332
59134
50143
51668
58948
62634
48469
52709
61324
59042
57864
52066
54998
57523
59448
55002
59964
55153
53832
52665
46093
51329
52913
49592
57352
55142
64731
58972
50523
62318
48992
56821
55349
46072
57664
50970
51138
56464
53039
52351
53585
54505
59823
59141
61483
63596
59253
58071
59689
52383
52317
51657
56668
56050
52404
54048
55738
50998
54072
49706
47208
50818
52557
55851
53318
59849
57185
50621
50395
55870
60957
53777
52994
60957
58088
52199
53009
51799
62090
58838
57242
61120
59772
59697
52165
57962
59212
51544
59094
53310
57036
53145
56623
61310
52408
57389
57155
49655
58887
52969
53872
48543
54671
56800
52474
52717
64251
56850
51697
59160
49472
50609
59785
52358
65358
56097
56520
53513
56537
50670
56777
47111
57683
55432
53771
57641
53079
53216
57205
55249
55353
51060
54741
55641
58323
55748
56169
55932
51476
60003
48406
57943
50668
55665
61179
54630
51459
51857
60305
58857
57210
49498
54380
57387
53962
54049
60058
55395
54365
51614
47075
53988
49917
53050
58601
56637
55217
54032
59211
52686
58709
53565
50687
52616
54410
53508
52807
51264
52316
51283
52161
51274
54817
55931
51556
54548
45464
51849
52361
44553
63547
53953
52219
57031
62612
56762
55739
53658
56433
51721
58483
49685
53631
51321
50123
52613
49448
57097
62844
52669
50514
53540
53396
52793
58811
58985
58451
57066
51120
52730
51196
56736
59404
53078
54527
51602
54547
54046
51741
54543
51851
60994
49584
54039
50669
54644
62171
50681
53708
54117
56942
48716
53890
56211
52320
53581
51558
55514
50533
48740
50322
52577
50899
60926
55854
59351
63227
60114
58909
53646
48784
63533
49604
51293
55642
56072
55372
59419
57160
44721
52139
49137
59531
56889
58592
50835
55691
59093
53012
54693
61953
59617
49995
58124
51518
55495
57931
47824
57859
48211
60028
60291
54836
63001
52469
51083
52732
57835
56628
51799
49815
48891
50111
56371
56486
58834
52166
60694
49927
55581
52709
57807
51178
56086
50709
52682
55483
53400
56573
54746
58791
53730
52466
55296
54765
60196
56602
52255
59488
57540
53390
50960
51409
49994
59915
60221
52728
54688
61388
62694
62126
51062
51502
57830
49564
52556
50665
52709
49258
57145
51369
47072
51789
51875
51607
57173
51493
58934
51538
52827
55546
56450
60646
54442
60816
54126
51634
59085
57922
57214
51287
52558
52398
53612
50219
54968
51332
53203
52955
55551
62479
53675
53320
61157
50648
56141
55059
58173
50264
56237
56157
55912
52661
56604
55264
52322
50055
60099
52326
52966
56350
52384
52971
53719
52092
54284
44068
55899
53746
53032
50918
52445
53241
51626
55792
61419
60513
55711
53003
51126
47950
59348
53320
50255
50291
51102
58612
55322
61632
52501
66048
55209
56052
56094
59244
51734
57229
53451
59814
60685
62912
49057
50308
59255
50483
53198
53457
49913
58461
52395
57262
47393
59483
53810
48961
55236
47599
51884
52363
51151
62148
52413
56659
52414
59748
51667
52196
54303
49192
58901
50247
50952
52645
51158
52091
50916
49494
55392
57340
52787
52589
57727
56390
53742
44615
56409
52724
52122
54734
58018
54375
50704
49922
50932
53277
57569
54228
60143
49998
59648
47765
59453
60590
52683
51702
45682
57714
53110
53677
57399
55267
64416
58198
53091
53903
52092
50756
46900
48200
55421
52281
54296
51773
53103
49753
54649
53831
57736
56715
59620
51108
51328
61747
58977
53045
53066
52748
57672
62639
64327
58336
48166
48567
52529
53237
56996
50639
55306
52348
51190
55708
49676
57599
51791
52030
49526
52509
65003
64190
51010
52588
55199
58211
53530
53468
57075
56621
57597
60771
56406
56992
52620
46773
50776
57519
54730
53485
59341
51107
52481
53441
53921
52090
56259
51425
53042
51379
48277
57638
61502
53582
56792
53559
49193
53857
61708
59796
58732
60697
53907
53994
52907
50254
58379
52816
59893
55668
54110
51226
48623
53480
55790
53532
50654
55472
54311
51850
55331
51342
46545
52633
53898
52562
52746
53729
50631
58490
52980
59661
57777
55282
48021
51868
61437
50391
51276
57940
51733
54969
55520
53621
55425
55133
48987
56252
50611
53340
53105
54194
57570
51776
59157
61918
60011
54379
54599
61885
55702
51688
53756
55750
48943
53443
57201
50107
56193
46419
50147
50299
50007
53629
51269
56840
53170
54496
56410
53064
58326
46861
52157
57062
58315
54601
54358
56019
54384
56749
53804
70487
54990
52971
53716
53052
52399
57369
53751
51830
60869
54363
58405
55283
59704
62611
59033
50123
54141
54461
53999
57456
56271
54161
48289
48817
56168
50187
51177
51868
48852
62432
52962
47585
50144
52711
51621
63225
52845
54917
63613
63297
55385
55715
55275
59748
56626
51276
56798
51474
52523
55509
48391
50067
52252
58244
53147
48221
53603
56192
54303
53345
64472
45741
51173
56115
54510
57401
50493
51227
53860
55859
139950602
