68048
47422
46084
52240
48874
42645
48906
44298
51663
54601
48639
48524
53376
52971
54099
47274
46884
49415
55965
42790
51057
61454
51158
50686
47914
45803
46781
46093
50385
46189
50946
44690
44046
48077
48695
45951
59661
61213
51360
46235
47112
46587
51918
51093
57816
54598
46413
44609
51417
46134
44047
50635
52143
49305
45975
47794
51943
46971
50687
48373
54166
47026
47182
49792
54647
53951
53614
48318
55400
49562
51068
52757
45886
52706
51094
51145
45752
46362
47737
48069
55374
48122
46247
49666
45942
51163
61517
51792
54191
47178
46454
45072
43698
47870
46335
53209
45533
47051
43596
51595
53282
53210
42399
57461
59999
48889
49593
46452
43303
54409
49390
58130
51196
46962
49627
47816
55644
46028
45722
56689
54769
49901
54087
52518
56689
55829
48776
47503
50412
48935
49952
53000
46093
58999
57215
49900
47801
45147
48330
41310
45993
54254
49516
52047
52777
52286
47228
64285
58380
45911
45452
49117
44833
52251
50520
48155
49271
41678
50971
47451
51619
45632
50041
46186
49894
49444
48638
47420
54528
48684
49305
51034
44699
56324
49775
61075
49482
50312
55011
44612
54902
49820
55846
46906
47183
48483
49950
45797
46283
55203
51944
50694
55867
50216
44570
56690
45603
45274
59136
43443
56218
48956
45814
51382
53354
50714
51105
45482
49401
56858
58007
48630
48167
50789
52185
47997
44720
52663
45615
47683
49823
47394
60720
52609
48612
48663
47705
45850
45423
47547
49596
55816
45515
61091
52359
60517
53520
46122
48155
48382
56557
48150
47990
51733
46845
57283
47135
51228
52595
53986
43948
41460
49046
45327
41986
53272
50380
59204
54671
51158
52214
46194
43930
51419
50343
49372
44890
48698
48875
61911
56240
46761
54306
53392
44855
46710
46532
49753
51769
44632
48094
49988
57157
56420
44567
49186
46123
55932
53993
59635
45265
57291
49017
44471
47435
46153
45982
50123
49134
46070
53749
50070
52921
50608
46693
49933
48717
54721
49006
49158
46194
46887
55868
54041
43846
45621
42867
59210
51385
50186
45535
46909
47777
45610
46958
46386
53748
46413
46618
44469
46225
66360
45149
51840
48586
45933
47942
42552
52961
55496
45571
49043
51091
55133
53661
48098
56923
44958
49008
45322
56682
47200
46278
52266
44761
47694
48873
48446
58171
47604
52518
45289
49046
53882
53523
51462
51291
46436
53610
44978
47043
52675
47116
51239
45997
58255
51261
42561
58453
43969
54463
42281
51929
52530
54476
56240
51694
48072
52740
44767
55937
56791
50104
45512
49475
53716
54723
49425
53229
43878
45662
47089
54815
45230
53218
51812
51300
53046
57974
47437
50105
50539
51031
47440
49372
54207
56068
50317
53160
55643
49193
44260
49186
50684
44306
55290
54779
54009
46256
61052
58924
49484
50848
47047
50785
48483
50830
47910
56419
52693
49099
44272
53641
47918
44756
52821
49627
57351
51461
44784
48254
48694
45942
47936
50848
53076
51108
43914
49985
54288
48465
44340
50945
46019
53661
47027
45780
44710
56057
46709
52538
46836
52161
50772
50891
47774
49652
53639
50781
58848
46668
44927
53686
53619
54938
53147
52177
53112
49246
49783
46841
47893
45402
49513
59947
52963
63094
49058
45913
48984
56016
48946
47994
45498
53143
49517
47607
50605
45006
53014
48787
54940
53933
46087
53825
45922
51588
43911
51742
58468
53161
48581
50717
46918
51847
45523
52293
53209
44234
51077
46726
43455
51121
47057
54768
47941
51921
47301
48721
53495
53070
58191
45783
60218
56676
50195
47797
50299
51723
47544
47711
57037
47421
44763
52685
59727
47024
48068
44359
46008
53616
54194
46235
61337
51240
47659
52504
49317
47748
46514
44547
70239
54718
49746
48690
52321
47767
48762
51146
50045
51126
48904
46871
52784
49675
50955
50145
50585
57542
54281
53060
45932
43570
49085
52739
54416
45037
46643
49758
44850
48252
59011
46499
50614
44160
55225
54737
45848
54533
48206
56165
58967
52635
47541
46136
49561
48008
46274
55275
58697
51359
46008
54330
43338
54546
52494
47384
52063
55426
51854
49976
43945
47825
53547
48287
49012
49514
64359
51642
47877
48369
51700
54264
53629
48755
49965
47627
50598
52102
45383
48192
51217
52126
48984
51843
59407
54298
46099
47706
46445
53073
43838
47172
52791
52234
48961
48277
49259
45778
43288
50731
46980
50746
53141
48383
58280
45814
49063
62491
46762
44783
44513
50812
53067
49239
53570
44250
48870
49206
47584
48615
50877
45542
48390
55807
49468
54735
47090
50445
50122
56282
45215
61608
46086
46275
48990
51375
46793
55711
52774
55388
53975
50467
45359
54030
50406
46895
49926
48897
50702
49913
49259
56127
49003
53080
55025
47396
51930
46974
48507
49265
48229
56755
46239
47923
51275
45515
52903
58386
53161
53186
54626
55965
49484
47864
43061
49437
46288
49993
52730
49200
52363
50503
49141
52384
46504
49792
44990
50736
56555
49793
53533
48771
54563
44156
45707
48403
49894
60539
55511
54590
50161
56984
44267
47093
50311
49293
53096
45026
59463
55762
53197
47814
48298
44657
50298
53810
43789
49532
46840
49760
48546
48856
54927
64306
45000
49382
41551
48649
50490
46810
52726
54402
46290
56945
51345
52004
56679
44077
45531
53084
51529
51336
48219
45640
50201
44231
51490
51002
47792
49162
53326
49740
46944
55495
57470
59019
53949
63139
43546
57340
49954
49909
50519
48467
52435
48222
43979
53302
54531
47814
43968
53779
50773
49672
50186
57145
43895
51586
52526
44206
48183
46721
51295
50429
49434
49935
57363
53455
50439
56199
44120
44181
46755
43110
45167
52869
51456
50825
49221
48964
44792
50429
45515
48304
52936
49308
48035
52931
54327
49347
49030
43509
49299
49999
43220
48699
44633
49397
48538
47513
51487
52342
48158
46644
52808
47873
53037
44050
50686
54887
43941
48855
43950
50201
52492
48992
47499
49906
43751
47611
50899
46873
43936
47336
55445
43156
61097
50734
56100
60621
55143
46244
51098
50571
52880
54511
46151
51140
50330
53649
55477
43468
48515
48838
46833
47049
42790
50799
51550
47714
60176
46916
44701
57494
44212
57797
49215
52366
48420
53128
49579
49776
46913
47051
51029
45570
48123
43983
47701
45525
47049
50650
53888
55455
43423
45888
49204
56398
52411
52348
55228
48830
52696
53858
48085
57554
47646
44700
53038
58248
57667
45370
54233
52189
45344
51970
46295
46387
59028
51707
48097
47860
52031
49771
42182
49684
48527
52168
48326
46671
51985
53110
44249
55097
59666
45815
47070
48347
54798
52513
52555
51755
58715
48897
44132
50228
53023
63345
45984
51257
46114
48277
47608
47215
48042
45816
53300
52756
49062
47423
46313
50520
56708
52584
50057
45078
49137
50324
52865
48775
48062
55518
52399
48578
51178
47908
52075
42928
60350
45036
49894
58743
42262
48242
47099
55494
47649
45125
50817
50534
51492
45816
50607
51029
50411
51645
47729
52499
54978
56109
45669
49134
50884
48785
57953
53460
46148
52125
51045
53522
54000
52935
47609
56878
47935
51148
47866
53300
43332
47913
52546
52223
52169
42956
48635
61607
54971
42731
51175
53780
47206
54974
60581
49554
49343
49651
47433
48745
50022
57724
43630
45837
56867
47610
51455
51091
44441
61258
45068
57648
54020
46675
51425
47954
52665
51694
49810
49496
46662
50331
49140
48382
51885
51766
56366
49782
49986
49189
51890
46608
55565
56879
43935
48036
51934
47796
53209
57384
45789
49490
44895
51055
52703
49232
47512
48544
60649
48432
48718
56025
50050
52447
54892
52357
50455
50103
47620
53186
48517
46941
54451
55067
52016
48227
47961
47161
51976
46484
55307
49009
54047
48778
45497
48258
46193
46575
57639
50874
53609
49497
58198
48381
50826
52150
49956
50003
51441
42189
49513
52232
46585
50201
47814
51935
54345
52861
48069
44015
57326
55039
52737
53459
45684
46523
48371
57811
56918
47289
50901
46772
48246
50348
53045
56689
56493
48011
46393
56216
54241
55652
60341
51449
54922
45411
47057
48650
47388
47193
42561
41746
55009
46452
52492
45360
52807
56941
53552
50471
45569
46277
53381
50255
48375
49298
48293
55306
47612
51893
47089
56981
50639
51477
49110
52936
49931
49198
46468
46398
48196
47692
56326
45002
48907
45980
61197
44252
47769
48103
47007
64365688
