150078
97363
125335
106897
103271
112923
116068
118892
97848
105029
113965
135754
108858
118743
96922
98731
109658
115781
93967
105554
115085
110148
127395
84954
82564
98786
91463
90514
116349
115158
138404
107705
96379
96521
112534
74073
105281
110469
107084
97306
93745
107391
117765
119069
113390
96054
117686
126368
111183
120158
101838
115384
100293
102229
111261
90126
108671
104861
107532
142619
98722
98487
113639
90015
116415
118698
108915
105322
129958
95607
99979
108818
114435
110983
112468
99505
108726
137492
119350
99150
114742
111898
90740
98247
94742
141877
88280
123324
108916
90374
115882
100825
96323
115637
127508
92967
107829
101923
107767
83446
125273
95096
98339
130173
75639
88982
101074
104181
82127
121452
101272
123002
97398
117459
97928
90353
110788
125429
106570
97711
137055
90308
92744
120679
101457
108411
119684
106634
122390
133861
112209
92007
91440
124902
86512
91536
124764
123637
103802
102042
131169
108483
107600
110752
114990
128034
90829
93803
91251
111977
117724
132214
102304
115651
106657
103539
133385
124555
102689
122013
113826
92895
119073
93936
91313
89370
119635
85889
106155
97688
104669
91297
91793
99580
119416
120327
107767
100907
128623
114125
120113
98414
113299
75983
97378
86609
92363
82520
108697
124232
106851
107068
106529
95534
102485
109709
128757
118275
121357
78775
101682
153298
108578
102982
110169
116909
83214
114796
93793
73962
109482
96321
92186
116925
96653
92177
95101
105914
90215
92158
137293
93064
99952
102508
87482
120814
102062
90447
113558
102335
109810
119079
74856
97411
126498
102044
119992
105250
102964
112529
109981
89397
97640
94151
145542
97578
83138
99715
116278
68438
138806
90928
91921
96664
105098
109928
120068
123545
87555
108761
134172
92754
103957
122915
128501
112497
108049
104734
103997
115920
112291
133045
125620
116021
109787
97477
95119
72024
111229
103384
110236
115642
96144
120402
111467
89394
108104
111873
101271
79964
130115
137665
106565
107613
89218
121199
109449
99873
116188
120823
75551
94420
84741
100203
101698
89483
111850
96328
107706
104748
142346
152193
97594
104357
138976
121674
92165
72388
73708
59442
34156398
