60154
61336
57198
58949
56515
56296
62541
71502
56929
67984
62685
57153
64085
74669
62167
63416
53186
74657
65617
64178
64879
73407
58760
71108
57069
61149
60376
69354
62435
73568
67414
63300
58849
72692
54447
65593
51403
68126
48210
77995
53943
53034
66020
62623
68573
69932
83529
74914
58094
70082
52838
75004
48848
67808
70550
72281
60868
52726
64505
64399
57287
56325
62127
56612
70565
57718
56363
72754
58089
65213
67166
68876
54353
77280
76044
58968
72766
59358
67631
76996
68983
56083
82049
61681
64499
64540
70028
66435
62394
51572
56241
63518
63084
60549
67986
53184
54576
62919
65134
64535
58694
74637
59428
54793
66303
56340
60793
67431
69206
65618
65751
56361
68316
65886
54046
58117
54276
64541
56867
78826
64353
59974
58339
56510
69400
48808
59319
55085
81206
59855
67163
62743
59168
62624
55866
64369
62663
65174
55917
72832
79199
52832
62305
74124
61670
55922
56293
72342
89656
56259
60169
63527
54725
63282
68633
61341
59997
78422
58619
59257
61492
61620
77402
60880
57549
60110
71158
50803
56294
66740
79510
70938
57772
60011
62605
63258
64490
64063
58363
62389
55367
64643
73493
74456
65232
61810
57046
75419
69239
63103
74033
62041
66220
66967
75753
50283
61667
62507
63028
63450
66653
56370
61839
55336
75121
57497
70875
64183
55950
60309
58775
68226
63724
62419
70690
64041
59104
62010
60550
52265
59956
59048
60554
48407
51318
61109
68302
56249
61144
57845
61205
55717
67167
51446
62490
57254
59441
57074
94803
66701
69013
62645
54036
50336
70284
48218
58853
67852
53764
58818
58027
70815
59024
59678
62539
59189
73785
65416
57066
63217
50222
64981
63680
67047
69031
68929
65167
62144
64315
64933
65243
60732
60299
77317
70324
58539
76772
61772
59000
74921
69962
64331
69698
67798
55112
67818
63808
52980
57753
64592
68477
70493
68769
67998
80100
71009
54405
72817
53173
63994
63030
74746
61823
69484
59628
73294
67628
54253
55717
58406
62981
52601
57316
62427
59859
70911
51821
50710
58064
75935
54297
60407
60754
69847
62238
61276
61234
62163
64058
65302
67163
63683
62391
69955
54661
80678
53238
67211
71391
62293
61479
66787
50902
56167
68670
71398
61808
67808
72250
60911
60760
60913
59460
62354
60083
69177
59599
73466
68589
73542
67424
68565
81315
54909
59301
54920
65668
56460
54403
65667
63271
59482
64490
64185
62840
64761
70876
57088
60443
64700
64226
76496
60207
64187
63237
70429
69393
60636
48113
52386
74495
66131
69155
58374
63864
60106
60528
66908
63268
58588
70259
57836
65515
68816
58025
67010
75780
62219
56797
61073
65615
67206
69121
64005
56577
59431
65425
53717
58416
57421
50570
60255
59519
47327
68091
76025
52148
78728
70413
64052
56866
58292
64258
60150
60230
82447
74243
65530
53668
66240
59135
76575
55114
64090
61335
56392
77641
56519
65037
68318
54909
71583
61349
69715
72067
62916
60086
53033
65295
56371
52115
67325
57510
66860
74659
61744
64861
68136
66480
72860
55153
71638
53486
75487
60270
70663
54647
72960
54352
47772
59338
71309
54880
53365
52392
67112
51479
69843
54313
73902
60206
64155
54664
61937
85538
61158
74262
56944
53860
68509
72917
56134
57752
62180
62064
59130
62573
64666
60614
60049
60082
59899
60952
57506
67144
56144
63437
59371
56660
64938
71808
64047
58311
73511
75156
62135
62975
58921
70660
64515
64323
72958
58547
56594
53845
64750
64175
61117
68592
63460
67026
64618
56047
58833
70839
71723
54225
66992
80979
61772
63331
59676
64899
63862
78452
67879
54466
52885
61591
55098
68305
77704
66277
55482
58742
55132
52158
50055
61726
69919
68761
64945
53824
60994
73111
57022
69687
51462
66788
57568
58803
64622
63179
60194
64762
61821
68269
63061
67671
50537
59245
60203
47042
70124
62837
49842
59510
69551
61478
73749
52417
63202
58028
74397
59653
67524
56388
75098
60887
59178
73721
69616
53953
62234
70730
57652
65260
65082
58310
56336
77461
63029
58031
63497
61735
58653
59096
54610
70473
55126
61817
86095
50941
53923
52620
53886
57856
61063
68239
65160
40436352
