66678
70903
64870
73076
52777
69454
66114
66033
85710
58905
54234
65949
71852
54258
69955
61788
67800
57225
58872
66588
62290
76023
67527
62467
53891
68046
52410
60039
62377
62264
59972
57371
71969
57668
60194
61164
68057
54408
75650
54156
57616
60783
64119
79508
70651
56433
79303
56706
60446
56598
62282
54523
54057
65572
54252
62869
61270
55285
59479
61027
64948
58795
72324
72567
55881
51346
65694
56594
60064
61303
79721
58674
49640
69378
68203
68664
62675
60124
64243
59438
52697
63118
72884
60774
56468
53918
67928
63813
53459
68386
58324
64022
55796
56330
66426
57563
52116
60312
63789
64961
77165
57922
77234
64730
56650
67392
55101
71005
66771
60766
63849
63850
68626
59969
72718
61425
65375
61079
64410
64663
63255
69795
50421
63890
56345
69118
54230
63955
62747
62438
63512
57691
68234
56782
69196
49499
70096
55635
63989
70503
70041
61920
78186
53120
53865
67326
70210
77581
63486
59042
60393
74581
57785
64798
53845
59096
71924
70420
56402
78636
54514
75887
66633
71659
66431
57039
55270
57229
67360
56180
58404
53568
65743
58673
68122
55500
59385
60547
64909
71688
58044
82586
58594
58677
50258
60747
63841
73268
61355
69252
65333
62898
61402
59670
87277
61227
62776
59811
68417
61405
55433
59173
56670
68277
54635
61630
57910
57667
59653
51160
53635
59001
60245
59759
69188
65376
57268
59513
54664
67029
66320
64401
64601
64253
62555
56495
51391
63337
64456
64574
62713
64003
60653
72804
59634
82945
56722
67878
74671
57513
54676
67529
69351
69412
66160
59190
76297
49546
58114
64473
60831
61342
63283
57232
57890
57162
66593
59109
51803
59437
59151
63481
60601
72831
68199
69181
57132
63182
59950
67487
68352
56781
62903
64153
56700
62305
68828
53234
66704
62176
69524
58991
73417
65255
76275
63456
55561
55447
68401
60159
74989
49395
53677
62115
58954
53492
72145
78305
57045
53787
70233
61256
57767
59185
69353
63443
61690
73205
58407
69780
65186
60182
65174
64034
60694
64943
61833
65797
60608
74654
70690
65667
65041
63309
56586
62044
62176
66070
60157
64353
57036
62297
61235
58392
67555
49194
67994
67964
60344
64659
62708
65068
61116
62822
65251
63743
65972
62642
51258
54116
58031
57182
59638
65506
52005
68702
68057
69674
68807
55987
53622
63524
66373
57121
63854
64434
69417
62613
66765
48924
58223
62768
68477
59955
70636
57367
61006
49554
62607
60985
67081
59010
60278
56200
60501
65144
58712
69941
62325
54670
69710
55455
75266
60096
60138
69308
57619
52293
54532
58555
64155
56343
72983
74269
57665
63835
64227
52135
60607
59928
52958
51246
60803
62229
55281
62626
65136
65991
60019
56560
63818
66791
56811
66078
64448
71058
63985
61828
71962
63943
57939
69600
62461
62822
63561
60906
62332
78655
71497
69965
59286
57118
58568
60462
61974
55460
58894
50719
67224
61861
59019
46455
62000
76095
67364
59249
73724
63410
62342
62917
58700
58792
65093
64273
60753
52575
52642
70812
68485
62741
56527
52994
74690
56670
75322
67139
64019
63024
54507
51237
58027
63433
66678
62321
65096
61559
60517
61077
62016
61950
78368
55174
64624
62800
62228
57495
75192
49609
74490
66572
68451
58424
56030
62606
63524
60722
63855
57160
63730
54433
77000
58111
68537
63226
53644
54401
55617
82203
57373
61175
51295
59187
62332
64874
60983
64432
60362
63380
61018
59451
57078
66268
61103
67225
76374
71789
64956
52146
63054
63002
58257
67646
63516
72966
81280
58817
64535
70869
57050
64765
57279
63325
64555
64073
62619
63374
53966
55240
60528
60454
86096
55301
76274
55585
64310
58746
60847
57076
69555
53977
59426
54541
68429
68053
54168
57513
51988
49948
68450
61363
62653
54125
55654
71210
58431
61957
60402
57271
57092
67635
56714
96384
78101
70431
66426
63693
81800
58187
53895
52423
54824
56503
68441
62102
56696
62232
53135
53512
66444
61664
69834
62693
62496
67815
64218
62830
57139
68466
55630
65816
63727
57424
57806
48716
78567
50770
62012
70639
59301
62716
69825
54358
68620
65335
60076
63485
49562
47769
53210
49877
40041755
