119602
97047
97978
113739
115105
125794
120043
117732
94269
107518
91923
111845
117326
90354
119629
101345
82777
77519
107895
101493
126897
91707
108272
97252
109604
117520
102453
97721
104812
110740
99628
99347
103525
96775
122326
96683
86185
116419
98585
109337
93569
110639
95029
100397
110632
106248
130729
78694
109875
95457
83794
103555
79958
105261
138174
98411
100709
129814
85645
99276
91978
102158
82029
113719
81433
99152
100721
107227
115570
109038
107155
87325
123439
122142
110410
103983
140398
132048
102012
119175
88499
101609
131591
115840
87974
100886
111395
108219
94982
109075
109381
121494
110725
116089
119613
131601
108227
129931
109975
89588
86319
110385
100111
134249
99589
117735
108877
89556
97343
124420
98878
90028
73784
107462
111698
103241
121953
94382
132473
117712
105661
114824
120438
86505
107015
100132
110043
107284
100156
90201
83503
107448
119952
83012
116493
108695
100662
98655
94242
96555
117533
113208
98982
100210
88389
104440
110967
84236
104307
116091
112802
107200
112150
103095
118133
100425
102132
97224
111098
116517
101756
102052
101193
110772
91991
112842
105194
148370
115323
115956
106496
104362
111750
119324
84891
77243
100823
92316
127812
99256
78299
102389
111517
87291
89516
96715
123154
134638
113898
114070
100351
86928
116698
78445
118254
105940
95896
97714
109511
107773
95407
99106
105973
106568
115340
93153
94096
129524
101256
91825
97501
110275
108830
104540
83874
94513
141888
87073
105895
117039
89271
105263
103321
116145
100735
99739
110663
115933
113353
104399
120365
97662
98501
92453
89556
106398
125767
72996
119753
92536
89705
108142
101250
106331
102431
119810
107319
100608
113633
104628
138436
97919
114586
121655
102239
126707
100133
86873
111995
107567
93763
88764
108050
139248
120968
106568
98717
99906
90455
108463
88050
110416
109058
113464
116262
123783
109355
104988
100639
117228
113415
93233
115865
108842
116915
116104
105854
109545
113382
110177
98546
90018
115533
105622
122130
102641
130816
87839
114215
105819
117580
120681
89038
106667
100456
128831
99331
100330
100598
105723
89373
91053
95378
131120
106710
119402
122267
81067
124901
114622
33890158
