71514
56574
57565
56059
58187
59204
68563
62192
64651
60592
64603
62569
61716
63579
61616
63054
52862
52011
54909
54952
62170
58271
61567
68898
63596
58574
64077
58112
57759
65272
57756
57875
62214
62490
60372
63706
56920
62521
64610
55674
63402
63343
61301
62332
56479
66987
61808
59794
59372
66370
60304
62706
60308
64015
63785
69695
59890
61161
59281
60672
58287
61119
60558
57917
58856
71130
64932
60682
54208
56466
61792
58467
61693
66007
63517
63844
55287
57904
66885
60409
54793
65912
62205
63727
64339
67213
60509
62270
68401
60578
71004
62092
67821
66926
62381
54217
60796
57737
60565
62026
62748
69868
65257
58545
67462
55261
69702
64088
65521
60738
65052
59453
64744
52420
59478
60839
57474
54546
69924
63371
60069
62500
66326
57835
61598
59985
62534
63831
61606
62192
62010
59490
64206
65547
58662
64825
58713
63953
59414
59155
60646
64733
58527
54862
58643
65293
62980
55690
66280
63345
68938
59469
57768
64991
60234
63233
65155
55918
60135
57356
58503
60154
61507
65808
62229
66588
56163
62808
57422
61770
63117
64796
57931
63634
58502
65085
63537
68309
65412
60377
59471
60031
53453
58925
55289
63048
60679
61825
58130
64739
58622
62021
61767
65227
65028
63881
64164
62499
64573
61051
64946
67521
57362
58556
64308
58788
63826
62637
66095
53812
58033
61369
55205
62827
60293
58649
50325
65800
61479
56793
65288
64681
62765
55810
59151
70056
59212
63234
65139
59483
66204
54701
62320
55244
57451
61563
67092
58146
59469
67748
66676
62918
66645
64378
63735
57770
65476
56736
59858
59712
68829
60791
59857
60058
61424
56929
63257
65238
67597
57044
68880
54966
68067
63516
60309
60935
61368
55812
67930
58763
64202
60467
62308
59831
54293
64409
58430
69091
60308
57910
58513
58540
58625
55745
66520
59726
57692
60090
56489
61178
62791
62543
58851
63096
59906
59374
57868
61176
62912
59177
60431
60374
61453
64617
64124
60967
59419
64755
61345
60742
64151
62514
58410
66019
54727
65590
62688
68572
56935
63358
58391
61835
54835
59951
61545
66896
65147
66483
56821
63357
61628
64162
55410
64415
54877
66086
55339
60804
64934
64362
60108
69406
58724
58661
57535
60294
58965
65286
72216
53731
65366
60884
65321
63007
62285
61815
59794
54315
59121
60471
59638
65132
66425
57192
62798
50259
68747
59067
68906
66427
55733
56991
62206
61253
60979
58698
65800
52229
60902
60755
60472
61073
63052
59605
70757
60045
57349
64274
64368
56033
66026
65966
63790
62106
64889
63681
59722
53768
58595
61026
70857
66084
67016
65798
63924
67137
54927
69269
64799
57431
59574
63450
55955
56853
62268
58865
59516
65434
63737
61500
61362
58950
56001
59749
61871
69996
53412
63142
56735
64451
59668
58774
57131
58505
55736
62908
58898
59715
64387
62176
57235
63307
57682
57164
56172
67962
64050
67071
53439
59084
58310
59828
66191
63919
57001
67551
67088
64318
64230
60173
62907
62892
58902
55567
64943
63033
52428
55340
64574
67864
69638
59789
64504
56832
62767
64814
65494
60451
63558
65382
57587
64452
60050
62386
60023
62665
57002
61282
61824
65764
62536
58942
64103
63954
61144
55849
65795
62684
55827
63010
58521
60782
59110
53340
57911
61203
60046
68902
58638
63251
60521
58176
59188
58695
60220
58074
60570
64847
56146
64591
63618
65178
68437
66419
64371
65955
56682
60064
63829
67008
60565
55402
57662
55885
61214
60804
68137
60897
65522
58093
64207
60668
59053
62196
63640
61822
58027
65419
54356
67323
61751
64075
59415
65850
56407
63247
58232
61669
64289
58514
65308
56576
62271
61354
62584
69039
53314
66738
61956
59748
56425
64830
65563
59241
64231
61994
57293
62930
64268
61978
63214
56372
60552
57072
57164
61866
60258
56094
67320
63311
64411
56395
59034
53980
67159
61482
65722
60212
63042
59705
60730
57460
75188
61059
60187
59288
57110
65843
65852
55473
73711
64974
53648
59716
61069
65505
64642
56648
57940
61812
58428
56787
65893
58193
54112
62309
69511
60647
63978
62370
65841
63120
62304
65577
67710
69185
64838
64771
67701
56562
63318
52715
65202
60251
77333
55334
57142
59529
58886
59130
63074
61180
62823
58036
60876
59079
63424
50749
54429
58490
56039
63508
53898
61358
57789
59532
54717
60271
59131
60331
60469
57196
61304
64048
60397
56882
63587
70904
63413
58410
59239
67829
61489
60572
53033
68439
61504
64814
64086
50975
64441
63607
56130
63148
66150
57256
60456
65094
66933
63203
59231
62043
59870
62980
68324
57542
68406
54420
66306
63200
61897
55861
60965
59463
64227
60086
69354
64531
69859
54608
61446
63848
64061
59928
65973
67408
58935
59974
65722
58168
63881
66012
63540
59530
60362
67950
58424
54916
64665
56948
65555
57360
69040
59253
63116
63724
57480
58050
61396
60390
61192
61607
59194
62881
63806
58037
69344
63790
63704
60673
57037
67368
56611
60860
62861
63509
62078
57473
51177
54942
61324
59204
58409
60961
56842
68128
63278
57416
63003
63105
59491
60662
59340
64994
60038
65101
57351
65682
69825
69175
63683
63388
63535
64976
55944
60908
62834
56925
64704
63242
57179
59976
61052
62733
64247
57440
66639
64851
64497
63621
59410
66153
60263
68423
61526
61241
59412
64540
56678
57219
64394
61868
63900
64551
58832
62446
60098
55934
60376
64748
68198
68600
62882
64519
59951
53632
56313
66707
59531
63353
58112
55865
59095
50677
62197
60877
66649
60414
62093
60557
58232
63669
62175
61589
60656
53421
58090
64455
64409
71915
63804
62430
60718
66476
60203
58037
57777
54694
58668
61263
59215
64255
61321
55787
71692
59236
59484
60003
69369
59443
59288
64195
59647
60253
53596
55365
60278
61995
65895
70512
63013
65014
60440
61245
69721
60678
59937
52634
54824
65744
59216
53889
59569
67479
63740
62799
57961
66311
55439
61843
63242
52369
63829
65327
57364
58315
62166
69073
51439
61371
62853
63556
59150
66242
62194
65827
57272
62420
61749
56249
60157
63243
64085
64171
60091
68365
58899
67369
62550
64079
57156
56744
60956
55604
61761
60271
56591
59777
66887
56530
65046
61161
65071
65094
58830
65487
64429
52106
69426
65715
66332
67634
65257
66953
60357
57322
62850
66495
69349
66865
60543
71379
61174
65254
63594
60179
61528
62671
63572
66648
66178
60073
62478
65197
50646
66620
58319
62703
52062
55965
61131
58991
57217
68961
58262
64637
57482
66918
58853
57568
61038
56569
59387
65013
54711
66663
64364
59627
63160
66972
63294
55413
63134
63135
57261
66686
63795
58968
60807
59625
60371
68234
62665
60527
62199
61590
60366
59466
66935
54889
61644
65797
62528
57731
56700
56737
68859
61000
64528
57335
67545
58222
64312
50822
60100
57848
66494
64134
56380
62199
54281
62957
60656
63948
56270
64551
59248
65976
64585
60618
61085
66355
52314
61448
64790
56909
62451
65836
64559
69438
58742
65379
67626
61261
61506
63024
65722
65868
57113
61463
56391
64611
55795
66255
62066
60285
62093
58118
54956
60555
64673
58555
57483
55632
55280
60529
62462
57304
60848
63867
59490
67716
65635
58566
62346
59583
63722
59109
58951
58370
61588
61215
56847
64881
64488
65901
59589
59607
58667
57247
65036
61715
61077
59510
56840
63612
60696
54221
61436
61670
57314
64528
62767
58995
59980
56005
64605
69877
63366
62212
62907
59872
56141
57848
65256
60064
59349
57023
60454
64986
57682
57723
59384
60339
54633
63219
54352
70143
63312
68511
54719
63628
57951
61494
62106
56021
64753
73135
63554
58501
68083
64846
59915
61531
57324
64507
63811
66005
61489
59303
57206
68660
59409
63443
55983
61197
56548
62204
59821
62213
60069
66622
59612
61730
56621
58540
60829
56703
57096
59653
67109
58231
62067
54553
60030
60156
57747
54159
61686
58179
62231
64402
66385
63328
58066
61153
61893
61888
61139
67340
57773
58102
54683
58248
65266
60765
60355
56242
55458
65917
65152
68046
64816
59320
61772
59372
68899
58289
52785
57748
62578
54899
58585
56054
66020
65539
69677
62481
58643
59230
61421
60360
58771
67229
58613
63918
59141
62485
58897
64064
66980
68801
58788
59413
65610
67142
64833
68441
63276
59499
57240
57182
62711
65133
60725
68091
54705
65750
63697
64332
57467
60391
63159
54686
63406
64884
61758
59287
55876
62833
54595
59432
67171
59667
60913
61320
57548
62486
64843
62642
60845
60314
59239
61549
59146
57512
61022
65592
72964
57425
59136
59371
58082
63221
59016
62406
59857
69125
61053
59421
60433
66516
66408
63927
54110
58152
67026
65792
65041
55630
67738
62964
64326
65915
57965
61502
63905
60735
64438
57330
56530
61766
63814
58876
65007
55778
59662
58329
57736
59296
58926
61268
61645
60538
67866
66615
58086
57958
61841
52433
56914
64147
59386
67204
63809
67708
63230
55006
62403
68463
66683
60015
54049
62500
59774
64995
59184
59086
66166
69999
56787
56759
58055
61197
58508
59898
56556
64439
59642
59775
63386
63484
60121
62380
57289
59503
61570
55707
58756
61083
61445
61138
58224
58021
61048
57834
64484
60913
57553
55454
60035
56714
63090
59533
62031
62553
58832
54889
63613
58381
62356
71457
52602
60278
54487
60313
61632
65371
65035
63099
61261
58445
60589
62841
65293
59764
63471
56272
57629
64304
56412
59430
61056
69826
54792
58812
53216
65297
58045
60424
59778
67158
57902
62879
59009
54518
64024
57468
58838
67622
63731
64515
58019
69028
56192
69041
60207
52591
63306
50378
64594
58073
59479
58049
57983
52977
61410
64932
64664
65095
71712
63584
59843
59681
62713
55820
61174
58365
55587
66482
65484
54084
61879
65825
59817
52917
62217
60544
62506
60941
54706
62569
60565
62797
58222
66418
62665
54955
58276
54386
66889
60769
64623
57229
62478
64998
62409
63650
53400
66731
54317
62694
61328
64209
53141
60769
61241
61064
62417
72796
68237
60843
68657
67341
62012
67098
56449
65254
59516
62509
54379
63466
57073
60869
61172
66217
61863
56784
61614
65571
56537
67065
69207
64824
60232
51726
59024
67805
58972
57116
60562
56795
65394
55020
53660
58826
55085
61868
61058
61528
58524
57301
65693
53601
56370
59125
67702
64615
56965
55439
62133
55943
57529
64771
60958
60581
57510
59472
63311
66810
61571
63222
57118
68332
58682
61150
62824
59453
62177
60962
62008
64326
62428
54846
62391
66354
54459
61695
63810
57212
62817
62774
60696
63171
62412
62857
56808
66158
61531
66721
66659
60388
61795
63397
68627
62906
57092
57535
63472
60078
65062
54927
59426
64771
61212
58344
56262
58378
66661
65330
59902
63866
63242
58840
57031
67718
65392
63395
65411
63407
62809
61942
60671
68831
59750
63027
58295
65230
65441
61189
64722
59337
56071
59176
58207
59482
62004
61012
64851
63886
59668
66639
60737
64384
56959
56723
63047
60203
66163
60486
60990
57591
58773
57262
62854
59318
58854
60962
65158
60796
57660
59890
60302
53785
61305
66167
66614
58573
67388
59627
58995
66503
62189
58168
59543
65904
64321
56955
61140
59774
60683
63258
56143
64475
62604
66013
64767
64416
68347
65050
55024
62965
62739
56821
63309
58787
55737
62783
59188
59770
62314
68438
68222
66557
62391
59646
54579
66810
59740
66392
64009
64597
56625
62321
60928
52879
63590
61433
59792
57907
60666
60505
63812
61719
59638
62181
55823
66487
64879
63222
64828
57919
63448
63260
61125
60617
56399
57777
59797
69311
59224
67761
60042
60250
66045
56606
60904
62750
60715
56797
58683
58113
58962
60816
61487
62453
57906
59922
64438
63123
61305
60988
65907
56562
55238
65763
57945
57817
66872
57072
69086
55453
56363
56572
60317
63919
56930
56279
64217
66247
61900
56426
60630
63816
60897
54823
53505
62084
59130
66823
65629
64712
58740
66301
56135
63388
54701
60554
59249
64599
59280
62034
52526
64007
63524
66151
57947
57824
57209
56760
61211
58764
62654
57838
57223
60985
52589
63292
59618
61788
63151
63362
65454
58520
62918
59152
61273
60117
63072
59954
62658
59576
66163
68075
61822
58839
62627
63064
67220
55630
68276
65270
60125
61188
60547
64529
65718
60620
58376
59539
58983
58349
63953
57294
62185
59444
61655
58805
55998
56115
62328
66011
64628
63071
63929
63557
63520
61622
58878
58995
57874
65404
66167
58373
63603
62332
63219
61124
60006
59292
59222
58656
59998
61917
59333
58331
63235
62413
56947
59902
58376
59659
62870
64162
58550
61178
59151
53946
59044
58794
58102
65664
56340
65830
58791
59863
59247
64342
59053
67297
58545
63210
62747
67633
61913
64863
54909
67972
66982
55243
64200
61379
66367
64121
58823
60162
61933
56376
58751
62931
55518
64715
68904
64417
62590
57443
59215
59676
65530
65299
62055
57568
62415
57736
59195
61189
60745
60978
70335
54292
66049
69401
63330
60859
59067
56772
58984
58203
59746
58935
63855
56624
58511
59934
61177
66732
58344
64691
59150
61205
57244
58916
61772
63306
61823
61645
66262
66466
62928
58722
59489
63666
62940
68477
57545
67718
69108
63258
66243
55987
59993
62556
60510
61168
58080
54239
63386
59371
63667
61765
53487
61362
52856
62652
57113
61245
63786
59469
57451
67217
59655
62203
56865
63766
64294
68945
57489
63114
59950
68516
59474
59028
63959
57450
65597
64702
66182
67277
58886
63452
64618
67870
62530
63758
73825
63085
59532
59521
64055
58139
64043
68109
55240
64038
57390
60047
56491
63631
62950
61681
61130
62264
64281
57600
64251
62765
58461
63047
63289
60081
59371
62516
66509
63122
54103
63959
54663
57856
61017
60772
68913
63713
64358
64765
60213
55271
59035
62967
64013
61787
60906
61719
55868
67178
62692
60815
63801
60694
56786
52417
65869
60627
63519
64931
59687
64127
61648
63774
58688
67449
63870
54718
64949
62706
65047
56850
61514
57415
65180
59333
66581
61409
65868
63005
62624
64951
65536
55327
62124
64795
61461
58985
62226
52570
60940
60941
64432
56253
57042
61395
61761
56161
60173
64488
66537
59796
58217
63473
59191
57687
59614
67012
55176
63698
54453
65717
66611
58903
61411
68163
65465
56751
60979
59658
65821
64000
59732
57116
61188
60626
58672
61083
64834
68123
60254
56783
61782
65705
67594
60437
65219
54975
57460
60689
60329
62523
57315
68162
62949
50976
58507
64361
65499
54463
63545
66399
62320
52887
61472
62595
66624
68119
56896
57420
58102
57796
62423
62996
67277
66098
54205
59289
63698
64997
65247
57113
56351
60860
64957
63586
62618
62932
60710
59040
66262
68273
61417
54786
68585
54633
58577
53289
62994
58016
65120
55656
70255
62117
58153
56951
66447
62392
58621
61359
60042
62488
69029
60213
62020
58611
71353
61761
49580
57620
60754
64273
63190
57888
68092
59866
62497
58192
63484
59965
63937
64114
57007
67769
62599
59649
56367
70139
63343
68745
60503
65238
65169
65897
62802
59317
60393
62492
64226
58287
64242
58930
58542
68550
66477
62248
61131
67518
60543
64668
66117
55374
67055
57558
60602
59038
68557
53484
61762
62661
58962
60465
65588
65557
61831
65060
69331
60743
60599
56759
66418
62406
58820
61751
59422
65505
65877
56411
58332
61821
56813
66888
57104
63971
58687
60490
66448
60530
58689
64577
61221
63079
59259
57136
57558
59744
57612
56809
64261
59553
69858
62217
57460
56750
58364
62504
56762
64225
65013
61975
61766
53945
63576
62962
58022
58856
59097
60881
61613
62044
60626
68186
57874
61550
66580
57005
62188
66824
60105
62385
64055
65575
53534
63545
65404
63400
55617
57178
61945
60455
58646
59388
62166
61495
58474
58070
66417
59411
64712
60668
63335
53177
52700
53610
64238
57815
65326
60132
57170
61655
60903
65094
53690
65347
60138
64928
57284
62439
61489
59308
61569
69337
66835
65171
58361
55000
60281
59388
57264
56390
54491
59133
65182
59723
59625
64737
64142
58785
62531
60596
58352
55496
60079
60762
63838
58402
63566
64601
60888
66457
59438
56170
59960
60900
68800
60586
67976
71193
61233
63128
62265
64593
59389
61516
55984
55296
61637
55567
64036
59659
58637
58868
70363
58542
63398
63621
65806
63457
57999
62588
66724
63960
59507
58622
60222
58819
68057
58156
58466
59182
56564
64155
62465
55853
59066
61396
64732
59060
60464
56390
58258
66191
56502
60275
57020
68272
64824
61036
56094
69980
59245
62888
65144
63017
58323
61014
63910
61284
59797
60977
64553
61316
55199
64101
61206
54516
54168
62282
62681
60732
54126
58981
63603
63444
59405
60768
66176
54285
60977
58382
69338
63627
65548
61171
51916
64335
62187
70590
70691
60837
55137
52091
66118
61233
59118
55160
57164
59045
66604
58946
60735
58106
66166
63656
60287
59134
67328
58253
57628
60100
59388
55618
64377
62464
61179
61832
56191
63386
56983
55400
57565
63594
57418
63552
63069
69321
61377
63406
65206
63707
60043
58087
56059
60886
63650
60555
57334
65357
61653
67884
60391
64276
64170
59046
62785
62676
55838
66174
59255
66588
65109
69112
69631
58346
59390
65394
61662
65736
58621
63359
65388
65117
58939
59376
62483
62405
59191
65403
60767
57549
59966
59716
57246
64003
57749
56464
54574
60179
63053
62113
60449
61970
59488
62216
64575
64386
69842
61176
59936
69156
55721
63346
61231
63795
61812
63468
64133
61314
58147
63101
68898
70407
63083
65401
59116
67732
58523
55871
56111
61710
59914
60591
56097
68794
60756
61032
62162
62503
62405
68467
62882
62176
61090
67004
63331
63770
65168
58894
60655
59034
60862
59987
58586
60833
57958
59193
64286
59688
62975
60068
60359
54017
56885
61260
66160
65484
63312
55704
57696
59670
64093
63919
63635
64747
58937
56209
58571
53818
59416
55774
62727
57986
72335
55394
60732
67495
56387
57870
62835
62986
58916
60993
63167
64277
59396
63305
68308
57425
63128
66534
56875
66113
59269
56903
65634
52859
61190
60603
59608
68357
61918
61725
62669
59191
60596
67007
65016
64285
57133
60602
59979
66629
64523
55704
56426
71189
61668
65814
56661
60340
55455
67547
61592
62673
64291
57691
56235
65836
59751
59168
64552
57629
61725
67713
61177
62456
65908
62502
56201
65785
67306
67386
61954
67843
59649
58938
53385
65257
61342
65116
60869
62094
60601
63421
60201
62628
60219
64530
60517
61631
57265
64755
59927
60866
62407
58341
63955
61399
62136
62895
58067
62178
58392
64668
56412
60386
55495
56658
63164
59794
57119
63472
59808
53345
64617
64648
58560
59583
60320
68858
62289
59907
60116
63687
66407
61322
60010
57953
66323
61819
59677
65061
60782
59473
60367
56691
57903
61651
65482
59787
55833
60438
59577
62389
61384
60281
60184
62638
57173
56286
65720
58867
62660
62739
58253
62562
55250
61161
59667
63239
55135
62380
64323
58648
64179
51537
58578
60039
64857
55547
64734
57642
63123
65730
58568
61004
67398
62704
57545
59309
60839
64663
58779
57210
58928
63209
62351
57343
55918
63933
64941
56214
57346
60089
64669
62277
63842
66351
61115
58938
60231
63806
68970
63908
54777
59126
62523
56195
57081
60085
56615
56257
54280
61714
56184
61993
58158
66672
64194
60706
61159
58912
63751
63841
68032
55336
51680
59655
63961
72175
59902
63514
52100
66898
63550
58753
60147
68666
63781
67375
58167
61378
62852
67046
56915
52188
63945
54957
59119
60055
60260
62054
62574
66755
61356
63438
61732
58511
64406
55948
61969
59765
59217
62264
58540
59443
69620
58835
63196
59915
61066
55892
63546
55048
64001
59280
64530
56361
66020
62343
60929
57734
53366
65425
62040
63336
63054
62625
58124
63503
67114
57184
69388
64472
67943
57729
60799
62735
55473
58059
55596
55829
58874
65764
60769
64308
57904
62567
63803
60636
63632
63224
60322
60038
58158
61847
60070
57559
60588
58655
56220
63185
59198
63634
62545
60681
61227
60558
61193
68669
62305
62972
61923
48336
63988
56049
69761
62258
62047
66897
63719
62125
62313
55779
57990
59506
65586
66901
60107
57561
57479
59506
64864
56453
56838
59277
60507
67272
57949
64179
60398
53011
59023
57269
66615
63198
59574
56896
62416
64741
65254
64179
62190
54313
64279
64559
55591
58148
64023
62188
58020
54415
58614
70752
63500
65127
54795
69749
67669
59944
64973
57338
58421
62811
63009
57469
58902
64035
64355
60638
64004
63792
61262
60492
64353
61741
57709
62522
56411
54967
60799
62994
59039
61047
55136
63226
54987
51717
55610
57574
63054
58159
58874
59980
65716
60348
66819
55906
64767
63656
58209
61905
61894
59682
68302
64428
61721
66008
60879
64359
60734
63861
73426
56953
53675
55896
64079
56703
63053
62426
57831
55251
57561
62012
63187
54027
64410
59082
63117
60625
60620
66140
62340
58344
66552
62904
64754
63923
57466
59535
63364
65170
67028
60755
65239
57600
66816
62476
63776
56722
66019
54317
65240
57150
55390
62984
66784
57205
56918
61604
59464
64828
68055
59806
51904
63445
66381
66895
58723
63943
64217
60408
57793
63120
57876
68726
61563
60662
68401
63301
61221
67416
59896
58428
58587
66076
62197
66421
58351
68791
66977
63628
64410
62670
60302
62431
56928
70622
56067
64267
62379
60515
59279
58435
62448
70243
61289
71116
63397
59853
60766
66658
62592
64089
58455
60039
64600
69083
59775
57035
55427
65245
64158
66636
61796
68229
65157
66533
61200
57990
58987
60272
59950
61036
66247
58187
55836
58670
51837
62401
62848
60520
66090
62214
59444
64519
62599
56540
60809
60216
60963
68940
57635
61393
62058
55954
57222
59130
67326
57974
63619
65756
60731
57974
64270
57832
60747
62391
67770
64432
61533
59070
59338
60293
63930
61579
58740
63951
68459
62444
60539
62681
60420
59360
60930
60811
66189
62839
62507
61196
64513
58159
62289
60714
64337
58866
60732
60676
61134
56268
65256
63825
57983
59583
64188
65796
66885
61351
62099
59886
61404
58914
59882
56557
56428
58559
63140
55094
66452
62112
57671
63015
62319
65807
66272
56443
50896
57061
62382
65043
56649
63757
61427
74435
64771
64339
57331
57999
62635
62263
57661
56530
65050
67264
61040
62733
58504
59649
57999
67250
65027
70976
56521
66131
57838
67337
56929
63903
60741
62160
61257
64243
58997
61110
62552
64840
66144
59820
60988
57666
62493
56132
52904
61122
64262
61839
54022
60852
63277
59090
59965
63907
69666
57052
54833
65768
62514
67860
57800
54888
57604
62725
56256
56087
58436
65291
71418
57963
55629
63495
66785
54610
67685
61660
60537
54957
65789
59775
56365
63734
67470
59004
59167
67964
60491
62586
57639
60005
69591
62332
58809
63109
66654
59601
58865
61395
61528
58261
56586
55316
58710
60113
58205
70665
59012
60536
55728
58066
62762
58885
66805
56968
61743
59544
56216
61230
68254
63258
52840
64894
64737
65994
58131
59543
62836
61943
63778
60798
62639
60195
66469
56580
58289
60639
62176
63606
54698
51288
62713
56485
64376
63925
66964
57902
60311
62684
63806
53112
62686
62811
58352
63568
62878
63869
56057
61019
59543
61170
62012
64187
63855
60063
65463
67079
63234
60278
68022
60225
61651
63466
59548
62589
67439
53025
67719
62006
59014
62994
65604
62524
63707
63391
66766
62956
56524
60740
67855
65931
62205
59874
62183
57022
63711
51582
63578
68807
60117
62668
62147
59351
61071
65197
64858
64954
55098
61862
63550
62938
65609
59867
63367
69204
68285
60896
55681
61934
68944
59468
62710
59383
60572
61296
65177
54360
67077
59427
56570
61709
59928
63356
55448
57625
63467
58881
62569
61328
63040
62631
65972
62760
59395
66746
61983
60475
59221
68352
56966
58057
62217
60639
63932
58958
58150
57677
59242
59727
60808
65398
55638
64404
61937
65723
63410
61714
57572
60933
60791
61764
62717
69034
56655
64290
61964
65913
62799
56137
61837
64166
58943
57277
58785
63742
60496
58692
58742
65311
63758
60411
60936
56214
54413
61238
63536
60822
61341
64708
50239
67248
61180
59644
68622
64092
62209
65349
56272
68087
66863
56663
67483
63845
64392
59522
62356
62999
65878
61515
63851
55390
59725
64963
72926
60817
55562
67428
59246
60316
60402
54263
58349
52798
66750
67806
60772
68813
65173
59670
57952
65422
56726
63691
67047
65660
65648
58519
64954
60814
67106
56205
64686
61753
57528
67477
62099
58914
66992
57411
60720
61579
68995
59179
59455
65313
65742
55991
58899
58684
60017
64720
61298
53850
61615
65341
65196
60536
56281
54741
60177
62084
66277
60196
59273
65168
59390
62353
65653
60171
62815
61419
60586
58768
62260
63851
57867
62647
66139
62094
61088
62596
64814
58080
61913
61292
64312
60759
60851
59800
66954
60284
57393
70833
64155
65200
55880
67691
61194
64939
58722
53314
54406
59229
59009
66102
59232
62843
62404
56302
60093
66000
66557
62834
67687
63794
63348
57708
60092
60425
71353
63989
57164
63181
59194
62712
55606
64017
64825
64855
60376
69138
63012
63994
67494
61018
65595
53355
61458
70202
61437
59686
56703
59685
65382
69411
60949
59630
63517
60092
64420
58461
63567
62321
66341
58404
59823
62444
57021
57482
65455
69780
68323
61421
56317
71111
60766
65116
62004
69601
59358
58988
57061
62203
66146
55854
60583
65909
54291
59491
59769
63078
57711
56281
59436
60820
65264
60004
60482
51914
59913
62745
57927
62635
66679
58011
62633
59203
56246
59474
61315
64102
62406
63525
63815
55021
57896
64108
61492
55217
63842
56033
65167
55432
60615
55076
54488
59888
58577
60822
57169
66154
54815
57270
59230
61309
56222
60539
57169
61231
59583
57323
59255
66765
63917
60183
53673
63507
60395
67238
65309
70071
63251
63409
54064
63229
65177
60590
59306
68900
61522
60013
62569
61485
58173
57914
66086
59277
73414
59392
64260
53343
61527
62223
61967
68669
63195
64100
59547
57951
60560
67163
55230
61068
62676
55526
62113
61722
65234
58719
77246
65155
64839
56529
63026
59138
60863
59290
60669
70231
63701
62025
59773
67158
59674
55037
57025
55140
65506
63651
59771
56772
56093
61922
65187
65516
62299
58165
67231
60640
62076
58215
57378
60102
54275
64433
57898
60992
62398
65025
68104
62413
60762
53974
66357
60816
54915
63687
60651
57987
58277
63774
57914
57898
56403
65454
69727
65594
66923
59883
56470
59690
61269
66415
58221
65606
62338
59358
62837
58641
66346
66564
52206
60477
64780
62647
68116
61734
62103
59722
54104
59453
57345
65567
62178
67718
60619
65338
60306
66373
60529
67857
59086
65047
56917
60687
60211
59706
52501
59522
59043
60374
63234
53906
62136
62776
64005
62552
61199
56241
55738
64582
56934
62205
63484
59120
67417
59685
64976
61830
56257
57357
62455
59309
61620
57799
56222
65471
53124
61472
64233
63256
69281
55240
59629
62248
59420
63546
63880
62806
61698
51632
58644
59309
57828
59295
54541
59745
61336
59211
63197
62170
65662
56934
65180
64248
60979
65231
61505
62196
57674
62459
59109
61728
59712
62177
56196
64467
59328
67558
60493
66495
67367
65190
59611
58252
63721
63144
65622
62443
63816
64243
57167
62196
61193
59192
58613
63043
60683
62100
54270
69871
58332
57297
58733
60431
55920
59283
70204
56187
57160
65330
61336
56469
66142
59203
61823
67745
68824
60671
58379
55726
59111
60800
60330
61418
64312
65759
65526
62251
63457
58743
63054
63620
60234
56066
57069
61461
62898
63926
59554
64832
60568
55144
58123
62485
58211
60165
65060
54843
69360
62992
62014
64119
55726
56383
59884
60638
55831
56386
65974
56045
54564
52412
60430
65940
56986
62508
57279
57854
56630
60750
61542
64193
67920
60698
61812
63383
56950
61102
58902
61353
58769
64438
59162
54993
65923
59474
62698
63349
61191
55448
63904
63077
64067
57483
63227
58124
73213
63008
56254
58390
61282
57663
58779
58885
63123
60805
60312
59094
59058
64731
62889
63030
61918
52285
56453
57778
56783
62032
62466
57698
58682
71949
59203
61348
55142
61251
62019
65589
63855
64976
59944
65359
57829
66906
67314
58036
61029
61860
64977
62723
54270
68606
59501
63276
64440
62310
60777
55078
57632
65191
62879
63482
68497
66348
64592
62406
58500
60835
62884
57135
57511
61137
57060
66157
67010
67501
58635
65455
64421
62070
64033
62664
58907
62274
56977
63432
59881
60440
62387
68543
62363
68485
67576
64362
56853
62698
65222
62432
56597
60845
63042
62506
61788
71855
60355
63636
66372
63458
63706
63677
62512
57895
64481
59206
57374
54909
55974
61772
55047
61722
62729
72527
61954
62232
66030
63184
51982
62813
65051
59596
56714
54694
59428
57685
48510
56856
57627
55442
63488
60917
65262
59275
63486
65108
62153
63609
70150
64886
58959
58671
65156
59974
65242
68862
58991
60031
54664
63695
64371
66142
67722
62085
63759
61401
59842
56588
66008
52624
59017
58182
58282
63800
64641
58074
58876
65215
66541
64273
61198
54026
64096
61955
62910
62050
66569
62980
56506
60833
60677
61398
64596
64153
60124
53310
56587
64524
74134
57143
63252
67917
68034
64511
59745
61549
63650
66542
62562
57154
66661
61460
62207
61914
61030
58029
68788
61940
57534
66639
56957
63055
67312
62707
53394
58304
57839
60187
64345
55491
62586
59005
59557
62827
59876
60588
60579
65424
54904
65628
65579
64208
55214
54682
59992
63065
57505
60335
57113
59769
61936
55543
66057
59541
64833
62228
62791
57120
65914
64877
60206
57241
63406
57804
63205
56528
66111
63989
56986
52483
58638
57564
62644
59154
68496
71774
64499
54976
69306
61950
57278
56729
59127
63914
55578
51035
73441
63579
63982
64044
61231
50984
57120
67384
56257
57856
62622
58428
56802
66229
58029
65631
62207
59831
62792
63699
68237
55378
63095
68302
65791
63353
63175
68388
58466
58558
58812
55430
62838
60045
60936
61043
63255
58883
59670
56078
58525
68373
63068
68944
60113
62687
61610
65183
65706
62162
56780
62236
57054
60261
58813
66606
57707
54712
61385
60799
59784
67690
55631
64118
55047
63994
57175
59953
64842
56571
62689
63083
62625
63814
59061
58179
64087
66840
61196
60569
61670
61567
56905
61808
66462
63741
54671
61807
67971
59436
61738
60554
56837
55730
66470
64168
58968
54861
60162
60128
59231
61039
64284
63776
62938
58351
56961
62896
54316
60268
54181
60024
62122
60603
61183
61069
60308
60937
64796
59085
62764
57627
53152
54987
54549
52526
60935
54236
61094
60046
58427
62162
63531
65388
63331
60272
63967
54704
63380
58658
61066
61860
59510
62451
67548
63527
67545
58305
65863
67953
59724
62218
58323
62866
63626
56577
61690
59217
61333
59981
56977
65753
59301
63565
64529
57313
68994
63052
65510
56605
61417
56301
63854
55178
54706
62467
54369
67243
56138
58448
54577
60880
60257
62453
63155
60430
60894
61553
67157
69826
61650
58977
62478
64843
59708
56534
55326
62756
63840
71668
63529
57059
62385
66712
57500
63329
56806
62015
62641
65731
63669
63157
60648
57198
61594
67879
58837
59198
60657
64798
63321
64935
60719
61593
64130
62819
54586
66465
63031
61370
68019
61599
63530
67517
61679
59923
58124
66937
58387
70310
62404
63010
60360
62850
54800
58112
61645
58969
64059
58473
66736
54808
62837
56653
63200
65284
58999
59467
64814
60253
64719
58810
67814
55231
61807
54680
61242
63747
56243
60838
58709
58387
61841
63206
62259
60420
53644
58242
60264
63561
62899
64382
66345
58637
63323
63180
61528
54049
66898
66440
69735
52984
72500
68679
65628
59689
60802
64660
61539
60711
67295
61165
64636
58744
66400
65837
59627
52494
60610
59622
58294
58506
58344
55006
64571
61215
62903
59808
58275
61379
62194
69615
67836
61925
59546
59335
62362
62166
59864
60923
58861
63241
61580
56021
55157
58177
55496
67479
58760
63109
62783
68053
62154
60018
61538
59818
55303
61584
59108
63639
60392
58808
59264
66838
63220
76548
61303
64181
56489
65082
61736
58850
63977
60868
73408
64618
61183
60698
60550
65320
62762
70109
67425
59420
61479
64887
63396
65656
60901
57251
59854
59779
63825
59058
64301
68673
56470
61444
53756
65849
60829
60899
65554
57015
62248
57927
62553
59579
60089
62966
55433
60561
59734
52753
63029
59067
61844
60962
60674
66548
64284
70597
64307
62652
58979
55492
61301
60993
56280
58136
68937
53976
66497
50511
60205
64001
67895
54787
65355
69106
59100
65742
57103
54732
59388
60127
69274
63253
67110
60675
60714
60910
60389
57251
62928
57660
57607
59069
59653
57675
63292
59170
66677
63545
64385
64715
63853
64480
59526
70361
66699
57831
68169
67278
57590
56758
68540
55733
66614
63201
63222
60425
63319
62429
64455
59352
64015
61331
63373
65743
58863
56173
61730
64426
60502
59069
60740
58946
62311
63050
62846
61229
69117
68575
67733
64174
64322
57296
59601
64429
61665
58342
63442
61059
66838
61798
63292
55800
64753
58538
66624
66852
61459
64789
54307
61519
63100
66288
61388
57728
65228
67470
61667
57645
57251
59310
63431
63672
63170
57037
59061
66207
58784
58917
61081
66046
64682
62826
60371
66349
62782
56866
61022
64241
57474
60562
55736
66047
55330
55738
70248
56436
61568
56132
56963
60963
60975
61646
63482
60799
56407
58581
60829
61702
314382863
