135766
92354
94372
113003
101944
92180
82886
114177
103483
96292
108999
104136
83072
116041
164765
99210
145616
112145
93359
130513
91765
99224
116208
110065
87227
118155
78872
93129
125277
101011
86494
110988
122994
102199
108755
94713
112240
113052
133802
104259
108688
129326
101575
111673
83116
112744
76858
109085
112100
99168
107337
136755
113225
126236
98694
130102
99765
106674
93499
130348
113080
117126
98516
137337
96498
91463
121742
94976
104586
116361
123920
135301
87421
95554
112495
104859
108642
96272
127373
90786
94059
113935
94713
108084
101118
79795
104336
128631
95565
100748
90172
92856
100124
107836
104088
68301
84051
127145
113764
107623
92623
121289
92202
111522
117478
93318
80568
77140
132073
109536
89092
106188
78258
103896
119945
101904
85068
89487
126185
112517
96301
108672
88954
129671
92279
91461
118797
104790
118072
84915
112657
95209
98987
112985
118581
116146
96215
98791
110109
115803
109967
96588
115630
137451
103908
109406
106905
107277
117748
94698
85750
114391
95125
105133
100364
107863
107548
92875
130076
115672
89907
78290
84506
91963
112018
107951
97702
114835
113509
118451
101955
120121
102341
94320
93118
88912
96003
101252
96295
117614
123050
93205
95158
111278
100856
90318
107784
117013
91501
96023
103780
77685
114762
119158
114391
121934
103981
84830
97472
94923
107944
101120
119350
112356
92740
115194
117187
111310
114705
113281
118395
81602
107569
112267
91841
103050
114494
104544
96005
115998
90921
125882
112434
94412
92447
115598
97347
121261
101075
114100
133737
118338
127810
90943
106441
139597
99610
129676
114598
104654
107339
132021
108367
119671
108925
112202
120835
98127
98609
127671
92500
97281
128171
93583
120049
121723
131296
99027
114864
104986
80494
108533
134398
102312
99349
96832
101413
87332
105352
126257
114778
98758
124246
118246
104361
121776
93058
106248
126989
99437
108959
90245
119208
82452
103939
94486
90298
108871
104302
88203
117314
127240
106518
106534
100750
101762
101692
115268
92832
94672
103809
103367
122203
135909
115522
93580
114513
124651
141537
114222
96592
114804
89315
107807
130230
95571
95063
94966
72932
86049
34034622
