107502
97440
111686
111981
132272
144455
101660
95434
91534
126088
114792
121472
123027
109785
113720
99659
94094
80832
82254
100817
113199
96951
117789
130680
124192
129470
92148
120612
129729
106888
117827
128215
96876
100623
98787
102225
109047
95784
101135
82814
121939
111398
118573
131180
130746
116051
111401
106941
118947
124135
87094
103344
143845
108981
96134
86302
123913
110841
111201
98387
123275
113285
95683
116251
105440
97595
123144
98370
116304
94137
94832
115185
108832
102201
117016
117141
116667
96828
103027
117969
99726
98530
125444
111407
103981
119247
110349
101669
145971
124265
95998
104792
105362
122854
123218
106879
106987
91526
111016
105878
112598
120233
90714
116094
111808
105619
108818
119444
122127
134014
109008
107797
106982
116012
108714
107741
99126
130601
113135
135797
118185
96709
117777
106026
94273
89195
117565
102003
116365
103462
99329
105948
81802
91342
118366
103591
80035
102785
100589
116281
133970
110210
102144
116416
79625
102796
94984
102622
114624
109106
83664
104792
85667
97067
116652
88317
98247
131390
124089
141016
87159
91999
124825
96866
102901
98910
143472
148892
101246
101952
105513
112407
114853
137260
94120
108228
113419
102376
126410
117423
92914
102905
102070
110478
106344
124482
93244
114650
116250
92890
93457
83022
125244
121462
99712
120746
117146
99155
97160
102981
88844
126613
91506
102545
126416
118967
87831
144691
114436
105957
106133
125849
106990
99984
96521
104583
125449
100303
71731
92088
80158
85676
125808
110996
127034
109082
115593
106864
103785
95390
108086
105348
102951
86680
133589
105404
174673
108721
120767
101807
127995
121834
113273
117546
114639
119122
112957
106833
92249
88255
93860
105052
132358
96444
102582
92537
117027
99910
140982
97993
113882
93111
113689
88466
120990
88514
111094
107878
142479
94552
107093
129604
99659
76374
97224
113856
113732
88344
100438
122195
108176
105209
116205
113649
124859
118281
99962
104934
119777
94282
100863
102712
132441
110181
132833
103032
100489
89305
91770
105785
118770
123292
95130
117324
107837
132969
128526
99621
80411
87994
67678
49111
68779
50220
52932
56341
61167
65886
72057
64267
34364608
