153024
99374
109416
100458
94659
91546
104490
96801
106943
112430
105319
94648
100833
107504
115826
104387
103882
96285
82755
92707
81395
118193
97139
108747
98622
74317
118866
155947
107483
103303
141286
109172
93380
91593
102616
89001
83720
114741
71229
99904
99115
112987
109511
97376
119113
84031
102742
114931
92932
118070
102968
106105
113314
94549
102908
105802
103917
109780
98740
116369
95754
94240
114599
94297
108644
126236
101853
98145
97651
107257
76494
98879
116837
104893
97909
95586
93569
109218
102327
103019
90616
124796
110975
101378
125044
111765
94878
96883
91569
117048
113314
160482
98398
82565
108440
91847
95618
98643
103891
120778
119314
93042
103943
104407
107283
84884
134431
104122
105022
110950
93898
114358
87945
95317
119747
115384
102980
108818
95777
103499
107109
107887
100194
140096
94617
109795
95753
99711
122029
83306
107649
110639
122523
130067
84265
135805
105556
109806
109656
108414
109544
88128
115085
123797
115210
107457
97789
117640
125987
104515
145145
85126
105506
100454
112664
121923
108085
91233
91607
109284
119216
113285
110526
80783
101698
159829
127811
98889
85651
123628
123403
128682
103836
90284
110741
110306
123705
99638
107715
82958
96022
99132
97992
80462
125650
94716
104146
96375
91706
110045
105609
99165
96132
114243
91110
106682
113855
92567
90839
112420
97579
107424
90890
110150
105984
105681
118856
121962
104408
116523
95738
75754
86568
99160
107709
108059
101057
121476
73443
106327
98208
102373
100207
106370
115977
169443
119599
89159
105860
99685
98102
88078
108839
108425
109742
101665
101134
122652
102345
82918
143344
93456
97717
95794
102146
117341
113655
108881
122471
115984
116566
109757
121641
110342
116078
78858
103033
107935
100687
106544
105954
91136
96506
106339
98758
107373
111708
107795
105620
131487
113222
101183
93961
128363
83891
150728
147917
73620
121669
98137
86786
83630
97665
116448
108857
100872
96833
119890
116501
111586
91286
117974
119995
125391
120751
93938
92328
87982
104025
85255
87959
96254
106108
108570
108211
116439
93150
99467
98276
108399
80894
91131
142717
115720
84973
106245
111610
85548
110314
128383
33804652
