65536
66852
71836
55123
61573
73184
59839
67750
60332
51030
68483
77456
60668
55842
65362
68584
65656
57242
68727
64936
58047
72646
59579
48631
72927
64889
66371
58717
68835
61126
62066
59959
58892
64913
51342
67020
79520
62555
66122
55862
67853
67516
73015
57990
68396
62356
70792
63569
69542
71217
60681
66439
52156
56903
63660
64019
49216
56691
59503
62387
71476
57094
68723
55655
52718
64274
60573
72191
72783
63733
69759
65992
58458
50282
56970
63646
68584
54437
62277
72808
81360
58386
58645
63804
68531
62909
72119
62597
60856
63671
59375
55051
61378
63793
56392
48344
63346
65394
64622
66065
73321
57726
60887
49322
66711
58110
77616
53585
72495
65146
57880
70899
46936
62465
71727
62043
59106
52449
68522
50608
65867
68632
67689
68447
54921
56807
64208
68889
68372
77475
51704
60831
57960
61283
61194
62252
62061
60384
67989
61400
67537
66869
58312
59132
54041
64488
55880
60167
58266
56692
65472
58525
68401
53027
62019
57891
60636
64164
64089
65341
65305
57244
57331
70755
54484
71533
57077
67704
71780
59152
66507
58407
55974
59357
56045
71759
61889
71677
66116
53186
76251
63339
64603
56097
58898
62344
55911
62000
58444
56117
59059
60432
62113
64841
66028
56846
64318
50816
64887
48022
74467
51312
67515
54123
62791
55104
59018
50995
53982
63411
52060
62226
81248
55146
66519
46686
50018
53967
63363
54718
65838
58452
60651
58500
55477
71345
64140
63660
67517
58766
71811
57484
66476
68190
60804
78838
57408
58847
60429
68391
62271
59958
62962
60722
69634
64556
50307
55620
77877
58944
71921
57789
63917
63640
59978
59054
72061
59390
62602
55677
62591
55397
64009
62309
51206
56658
69894
74970
58997
63275
57668
61478
61484
58837
72158
65114
59206
76150
63251
65190
47953
74874
58033
62836
63212
62475
71669
82126
53673
53439
53719
59542
68918
60767
66728
54930
62314
57359
71191
81458
56620
62848
59831
72304
65736
59084
59673
56641
60995
71645
70183
57209
58816
65789
63523
60903
62070
64203
60385
54137
61487
71004
57852
56489
62615
59279
69018
56031
54241
75072
50065
74479
64121
68603
59358
68122
62295
55133
59128
63487
74825
70868
56725
74195
66060
62417
49744
73564
59795
62512
68812
61250
48391
61754
51581
59985
56800
67024
54765
57237
63366
67802
47580
60677
60404
58698
58825
53252
61663
66499
66280
54391
51224
64117
67611
60206
60576
63306
57858
63609
54624
54107
56554
64457
66003
76201
55038
68804
58369
61116
64809
61088
57735
59482
62871
55898
59862
67580
58361
69306
63337
63318
50784
60123
62960
54976
50712
56277
54430
62487
51832
71217
59770
69051
54234
63945
56252
71540
61767
64399
60558
72558
48869
61272
57841
55037
56407
60963
58511
68100
61330
69676
65317
68057
72602
71293
53340
65542
61619
65417
59921
56752
63398
66623
57708
52750
63214
64583
59343
65888
63954
56527
74649
56726
59428
60092
64113
66597
67184
64013
56309
81190
66293
57217
59586
74742
53396
70678
50143
62346
53994
46220
68921
54519
58755
62182
64635
59277
64365
55876
64363
66652
59368
63498
49420
55806
59768
60962
62592
67840
55128
54794
55722
72098
64894
50185
59665
73870
64703
62011
77556
54442
72340
56319
63332
52509
66746
50014
69099
54806
74261
59055
58565
65016
67019
58219
65735
57237
66754
73575
60274
51347
60186
62822
68997
49010
63800
77439
58366
71427
63874
59521
56995
55640
59293
53717
71865
62095
68416
62830
65555
50110
61410
57333
65081
53201
56718
63226
62099
70973
67456
58808
55346
63387
58653
52799
58643
55622
58620
73547
61683
66809
69186
64318
61237
63248
56417
70099
69771
56239
70546
70467
59867
70837
58271
60675
57312
58415
59635
60269
73361
56358
66990
54189
73538
64446
57024
70632
58746
66776
68725
64898
63351
63185
68321
57588
97439
65285
64957
57882
77747
54845
82123
57512
52412
74332
71098
68834
51985
49931
54283
59734
58476
52988
68609
69916
56639
63063
63282
51257
65830
59617
60656
71449
67160
63862
58303
60659
59808
49725
65821
62418
69788
57117
57544
53790
68742
56676
60729
51949
39811103
