57092
47961
54637
56696
53437
59476
51587
59508
56194
47995
50193
57428
53118
52932
53579
52715
51756
50741
60111
59028
55457
61283
58395
52344
59216
55151
57677
49227
53802
64645
51086
51714
58722
57981
53429
53502
54252
56642
55784
57747
54503
56122
56645
61739
57548
59481
49813
50218
53819
51400
53769
57470
50292
52931
59242
53675
52022
47433
59548
59246
53973
55966
58145
56094
50331
50783
58046
48275
51642
52704
53497
58186
57230
54632
53049
52564
49645
53626
54555
53271
48595
55660
47849
51698
60897
50642
57712
47292
54897
44512
51783
53926
56890
55813
50641
55108
49527
55679
58824
50959
56046
53179
55269
52973
57613
51637
52925
52748
59432
55712
54822
56359
56996
57878
52489
51576
56763
56993
48320
59972
53345
54189
55528
54552
52062
61264
49924
51906
49998
53137
51894
57036
61940
54745
55793
59283
60034
59082
55699
65320
49802
57402
57321
60166
58793
55041
51257
58693
51626
50465
59030
50266
59060
65612
54197
48561
58341
62864
54502
53983
51122
57762
53200
53046
55220
63149
56109
48617
52122
51801
56159
54514
52169
53503
56960
56889
57002
57994
51015
52289
54393
48712
53005
48160
58159
55151
49806
52209
53365
58254
53893
52299
56365
57964
53309
53725
50114
50407
57979
55659
53726
52963
56896
53967
55663
60921
50727
57677
58615
64616
59073
49496
56146
54138
61285
51324
49376
53897
58184
53634
54372
51251
53062
51892
51652
52044
52253
50579
49588
50702
55540
52776
52043
50971
62790
57455
50462
52218
54036
52316
52732
57628
50409
50463
56707
49477
51918
58387
51422
57532
60259
58159
54122
53983
49442
59400
52452
50823
55805
51648
59693
52868
53401
63509
55445
66386
46864
49713
50021
55597
58304
62474
56767
56612
50956
54032
55359
58621
57659
56149
55125
52853
61140
56298
55380
60558
53630
52937
54057
61184
53680
57816
45715
52709
51579
57846
60067
52478
55059
57682
62677
60481
56894
53340
53229
55544
50509
58256
51550
54873
59744
61513
60107
50180
63863
48914
51890
49273
56535
50858
49484
57165
53348
50302
58458
53571
53072
63963
54800
58118
50308
53565
55052
49031
57346
61839
49318
62427
58939
62012
50448
55230
58428
54929
57255
56264
53839
55936
49215
54722
55665
55529
55576
49432
56645
58033
58855
56116
50211
49358
61123
57383
58156
52061
57836
54143
57210
55329
50836
52903
52681
49685
50176
56299
50193
51276
61086
52839
51938
56754
63158
53846
51504
51262
60413
55601
53085
52813
53219
57671
54218
51871
61541
62123
52527
55964
53574
57759
52538
53190
51715
51246
49889
52506
52992
47049
50058
54476
52359
52286
56028
52818
65117
45479
53194
48220
55070
53514
49924
53401
57357
60853
61420
54727
56477
61617
60502
48611
53224
51553
57236
56549
52954
60997
42631
52736
52225
53043
60891
59252
50254
45183
54060
57328
51144
56944
54618
54572
51085
60590
49589
54756
61450
50766
54392
50506
51757
50912
53126
51410
56060
51407
54862
57719
50301
56489
53779
55694
59867
50665
51859
50773
58769
56834
54506
46896
52507
54790
53096
49467
50339
54941
53804
60497
58256
51105
51775
46182
48602
57276
51287
61936
53120
49543
56564
51830
54359
51555
57388
47253
51998
62856
56985
55650
48964
49577
54960
53947
57576
58714
52881
49046
50420
52746
59152
58991
57857
58535
51568
53687
55367
57159
55575
55527
65226
55577
56224
62510
52001
56154
51358
48763
62414
48154
59096
49980
53401
54962
50172
52762
51667
55449
52553
52844
55181
59273
59453
56223
55779
59576
62638
49022
56319
50914
54506
56751
55432
58064
55655
57004
54217
48514
55220
51891
48315
52808
59918
60139
56968
57158
51502
54747
51382
58001
52418
53227
54929
53377
51998
59652
59045
51358
55310
48339
51828
59241
63280
50862
48172
61352
61463
50899
45451
55461
50537
53958
46986
57050
49146
52518
45305
59056
55380
55558
54596
58797
58831
51072
54881
56027
60331
55681
57782
57674
56765
54145
50311
54435
51114
56702
58513
61038
49799
53370
47835
54724
53497
51090
53835
51833
55161
53368
53650
62439
50931
53940
54398
51616
52356
51061
56948
61974
57309
61592
63802
59674
64509
51295
55769
53520
46973
51946
50677
61445
54199
56872
55508
66628
48009
49800
66524
55686
60617
52030
57458
51412
52906
58916
47146
61432
55529
62378
55641
60553
50010
53934
51812
48385
50325
57319
55779
55626
55775
52332
47582
59791
52043
53869
55370
49454
56627
55210
54319
50914
54580
50444
56163
53865
48306
54375
53931
55871
57837
57605
53153
58712
55837
55224
52076
51821
51913
48389
58579
53911
53516
54098
54212
56595
54706
50698
57166
52339
56018
50981
53637
57399
50288
56056
52469
53556
52277
56541
52616
52765
56720
54834
53570
55256
50483
54164
57438
56175
58024
51783
58041
56628
57665
52088
45887
48908
55177
57480
61197
61930
58605
57910
54083
51819
51515
55055
60364
53023
50734
58696
53833
53115
50949
51029
58622
53264
60021
54645
60967
51771
49968
57305
61979
50408
50880
57682
48007
52784
55455
52725
55839
55008
61562
51333
56484
51084
53620
55319
62006
57494
57429
51860
54252
54651
56895
50597
55488
58796
52588
51385
53047
53791
55995
59287
47241
56781
59491
54337
50265
57241
56498
56180
51599
56835
52569
52024
54103
51542
52753
52091
53088
61347
58878
54563
56660
57053
48025
57319
52136
52541
54620
59363
61467
55374
53833
58238
56837
52524
50744
60146
50627
56084
50930
53116
55558
54205
60900
47080
55951
50166
54278
58729
56646
55027
52150
51340
55765
54506
52504
47932
53494
57234
58081
58335
53073
48734
51358
49062
52721
58874
59912
56878
56000
57822
51176
46098
57197
52012
60713
48303
51946
50432
51121
49055
55156
55489
57790
55400
48839
50900
52407
53911
59788
51938
55037
54287
51284
59154
63784
51513
55124
53314
53893
50346
49004
48845
54874
52991
52096
59989
48798
51536
54220
52518
50282
49741
60357
61890
50709
60161
48481
48202
52930
54880
59335
52460
54365
57683
61498
55080
54193
53269
54922
58467
57045
53655
53527
57869
56114
47911
52327
50425
49250
63676
56895
57480
51872
54441
57976
57584
52803
48736
58962
51522
59584
56660
58591
50659
51896
56230
50627
52202
49811
61709
60530
56007
53357
48544
59620
55680
54222
53672
58111
49973
57454
50285
49357
51434
55114
61850
56376
66844
54955
54022
49508
52417
55958
49982
57843
51343
56198
65103
49048
51818
47440
54936
56744
56530
54724
56261
60115
54761
60814
61087
55457
52095
55297
55139
57509
60636
61943
55398
51919
57840
54690
60241
55793
56571
58811
52136
56794
52336
58372
59677
62726
53676
62308
48922
51396
59322
53463
54394
61738
56525
48946
55510
49998
53614
48622
55570
54938
55154
58200
50863
55449
55725
51948
61548
50412
56109
51211
52904
50359
51281
52641
52851
59455
53337
55581
54397
51224
62980
61136
52037
48950
55427
57821
55937
57902
58740
60835
58708
52840
57965
56770
55016
59770
51327
51668
54483
55958
55640
47962
59215
51058
51383
52915
50227
55489
49971
58305
52261
59187
52417
59126
45961
53199
59933
43100
61357
54575
49533
55773
58345
54036
46690
54022
55203
58279
57781
51187
54147
55918
65952
56549
55880
60374
58417
52600
46475
50651
54346
56737
54068
55420
56815
60044
58609
50677
55633
46331
52242
51997
51132
52801
52631
50591
48587
61464
54592
57816
56418
52932
50676
56723
53427
54896
55563
56873
52114
53761
53827
53974
53765
51006
50530
51371
57332
57592
60583
53399
54885
59392
55051
57641
59649
53871
46887
50821
53837
48872
45501
54190
63995
52792
57843
59597
51209
57897
59642
53296
50466
48588
58527
56472
47887
54896
50377
55107
57584
56116
56867
50414
56628
54708
54590
53217
49823
57818
54696
56935
51224
62307
54123
49297
57083
54549
57854
55487
47299
54447
49696
55414
52820
53341
56634
59371
47842
52996
55943
55929
58887
49990
57361
49836
58227
59263
52870
58143
56323
53000
49453
60840
54427
54496
53991
55862
52069
58123
58043
56312
57988
49391
52235
56545
52985
57794
51469
57378
54323
60176
55570
47406
54494
57018
51187
49001
50940
56309
48706
58601
57337
60881
51365
53278
54663
49260
56275
57510
52952
51265
57130
54776
53808
55346
56467
62060
58130
63220
49391
56148
56698
53879
51550
51719
55836
52284
54580
51623
46393
58818
50618
52544
50334
53306
53272
53090
54078
56988
60223
60138
52819
54325
57221
54902
51987
53865
52093
54610
49947
57558
56635
59789
51659
50320
60342
54198
57735
47124
54277
55995
54479
50747
50399
59439
55388
55666
54062
60735
51021
54620
55661
56088
60147
53645
58601
53422
49857
54051
56590
58074
48949
57919
51595
54418
59895
51757
54946
48638
55877
46832
54794
54764
51737
57063
50556
56190
51529
52740
59239
50150
58281
47930
57389
52378
59143
51836
49417
60858
57804
49916
59082
59925
48413
59375
51493
64665
56884
56157
53462
49601
56578
53888
54252
58201
52807
56855
49835
62600
56375
58638
54456
55889
53154
53341
50565
51512
54731
50873
52261
50944
62327
47886
51466
55757
51540
49570
62582
46893
48844
50515
55865
54847
53930
56629
50054
51035
49752
59813
59285
57496
54278
50204
51726
57663
57152
52627
59448
48181
53683
53301
54485
59001
51930
57687
54064
54673
54744
55335
53618
59682
52184
58330
53496
57537
62800
44540
48779
55114
60524
60092
63842
62402
55265
57802
54568
54195
54802
51882
52780
44224
64786
56676
59073
58877
48468
56631
60410
57174
48551
52475
56766
56132
56262
51546
52522
54069
52197
47350
45923
55177
56178
53073
54074
59510
50017
50605
55455
52954
65444
60874
56528
54366
57057
60390
50825
52809
55209
56583
56398
56936
57102
55211
49978
58091
51038
56969
53135
54567
55499
47864
57050
50744
56794
57950
54463
62832
53226
53905
51936
54539
50370
47483
51597
52544
57074
52462
50077
56570
52800
53446
50799
56227
53178
54954
54283
52142
54986
58204
49337
58346
57871
53293
55553
55416
57315
62231
54341
63826
54488
55545
54965
61775
50637
53114
52714
53103
50636
53234
50636
51417
57271
63419
54981
53466
50597
61089
56462
51445
57709
50514
53596
54364
53622
49515
50278
55257
51596
55697
49091
57222
53579
53947
54918
55489
52866
48177
55018
54305
50201
55102
51802
56396
50843
50830
46387
51405
48420
50342
54208
56060
50635
56592
55163
52130
54784
48661
54728
49093
53406
54573
56699
54345
58030
57729
48390
52550
49176
55244
51567
51308
59114
51124
60375
53278
54813
57993
54458
53766
54853
62255
48794
62306
55250
53858
48329
54058
50387
52697
56985
57684
52250
59749
56992
61273
55424
63547
60840
56957
65653
55153
56049
52913
52039
54957
57563
60874
55755
48937
56426
56286
57131
55989
51962
56111
56091
57412
55065
56091
51866
55263
46860
51863
53313
48907
51874
55578
56942
50698
51460
51538
50603
55150
45419
55612
54331
54001
58744
52768
55784
50521
53861
52504
59292
55121
50913
64569
52245
57371
57655
57608
49590
60400
53003
62232
59853
60096
60016
51646
55767
49441
51941
58925
58031
57118
52456
53595
56741
52204
49140
53010
48936
54452
62960
59569
56193
48553
59850
61896
54462
55152
52158
51667
59088
54061
54494
61882
54357
54762
54191
55806
56418
74999
54545
49446
53140
58761
53628
50369
50653
55116
51870
64349
57390
55965
53552
55144
57894
53083
50819
52252
53056
50152
56381
49106
57368
50786
54658
47590
56460
61059
46372
49699
64090
56136
55708
51066
52203
55558
55257
53516
54081
63137
49469
53205
52663
48180
53607
48501
57562
55326
60803
54853
47426
56773
60792
53556
52747
52328
52495
54923
53590
58888
57410
55012
48820
55938
58650
55610
46282
54211
55771
52839
54554
51705
53226
55519
51715
56746
61243
54387
54748
48317
54863
55980
48788
58522
61237
52988
61622
61611
49951
57296
52371
52506
46495
51101
57752
53897
55324
58281
58938
51572
51897
58180
55756
56217
60264
49617
61407
53078
59403
48809
54672
54531
48126
53203
53390
54327
55490
63310
54375
55556
51297
53372
52851
51619
54787
53048
51533
52816
60610
55142
52888
60371
49621
55608
54322
55997
55718
54696
55129
50631
62271
53373
54896
52008
50078
50195
52397
48019
60080
58150
56540
56022
53884
57835
55819
51639
50531
56090
55188
49287
52799
56656
49932
54668
59683
57103
58425
64305
53583
60277
51334
52924
54498
55922
51220
53713
62048
55460
56573
61929
51642
57245
58828
51698
47556
52175
55501
52076
57009
53006
53702
57375
53967
55828
54704
55140
51497
53575
45589
55039
57730
51042
51441
51591
53641
48522
48428
54192
55550
48440
54071
51784
57805
54684
54654
53458
57018
53865
54213
48645
57505
54235
54005
53641
54604
54323
53860
58576
51026
53392
55197
54775
57948
60511
50377
53262
65707
46132
54543
56716
50707
54343
54257
50919
58453
55953
55473
53013
58372
56813
52768
48329
56716
45642
54689
55039
55919
56481
57758
52962
56343
60118
47414
58776
48137
51912
57877
56143
56196
53649
50195
58391
53881
53441
49924
51953
47482
53840
54527
47991
56915
53273
55847
54034
56566
51215
58524
62998
58339
59148
49299
54787
57477
57717
56420
61105
55469
53884
58656
54530
52675
48333
47745
54506
47633
58942
59802
54079
52322
55751
50913
59420
55136
68171
58448
59611
58507
56994
52719
49903
48127
52642
54058
54616
53874
55442
56097
47355
53926
61814
53027
52279
53106
50264
58161
53505
53286
52834
52191
62166
48517
57545
50561
59087
56960
46884
58679
54226
52555
62267
52958
66197
61317
57698
49127
56539
53741
54282
56021
63296
49333
56902
49674
51581
59154
50956
58757
56266
59999
54091
54883
49926
50774
48851
60268
56242
52354
55012
56107
53297
55489
60969
50759
59000
57702
54043
54804
52323
56552
58035
54575
61479
55423
54909
51840
56963
56571
53754
57631
60436
56864
57420
58258
53842
54979
53232
58096
59344
49752
51043
56946
53556
55142
56075
58029
56493
51506
54485
57890
67029
59237
53133
60080
56800
62499
56794
55916
56960
49994
61279
60466
58161
53977
55620
53618
53408
47443
49531
50860
53714
52934
52927
57588
53058
56754
57252
57895
54453
52792
54777
56874
49560
51222
56314
57224
51360
50197
56875
48427
56197
53186
51460
52591
51775
53682
49124
55118
54708
56174
49534
51745
52644
49639
56014
54332
61154
56471
52727
57444
54823
56494
59718
59528
53932
58129
57520
59198
55666
59216
55463
54453
55621
57988
53345
59542
61625
55844
47898
55182
60300
52119
51231
52024
53842
54626
49715
56390
49722
51866
50697
46743
54089
50178
53805
52690
51766
53191
57264
53301
60486
52221
51795
55701
50667
55617
55986
54542
51780
53378
51310
48150
48097
51741
51163
54422
57618
52981
55509
53274
59999
49837
61239
53436
56256
60849
54640
58932
51161
57294
53031
51065
50325
47834
57962
49967
50509
56687
52758
53243
49564
58331
58181
53538
50698
52502
49043
53494
54682
58831
47974
53274
52257
48392
51219
54791
57364
52493
54246
54013
58330
46438
56765
49194
51466
59534
52737
56608
52872
52573
54361
53687
63271
57442
55666
54475
64145
63619
57083
59128
50140
52338
59607
61846
57428
51053
52630
49885
53567
54510
53575
51948
51592
56066
59446
56790
53905
55705
56826
57752
59344
53379
54895
60166
48683
54777
54404
55037
49839
52281
62206
54500
53161
53107
57921
52867
52303
61659
53092
54849
59445
51103
51385
59186
51481
54325
52719
50807
56365
51411
56769
45382
53805
57048
48703
54151
57402
55650
58665
60081
63548
55948
53719
56597
53706
54698
54523
53624
60772
52267
57946
54586
57664
57400
52439
53356
48346
49595
53878
55991
59454
53658
58467
52439
50142
52529
55315
52229
53012
58707
51260
57286
57891
53373
58471
57259
53756
57314
62308
50060
46549
49888
57996
52413
54140
49483
53560
49042
57967
56750
55389
54894
61258
54526
60083
49500
61293
50297
54982
60044
53383
52248
55397
50202
50426
55298
56078
48422
56173
55443
46145
52168
53369
50918
54480
62177
51647
53160
54395
49767
55724
48515
58036
56482
57095
61264
53856
60043
53738
57442
50103
58509
50588
59143
55290
53585
62404
51602
56512
58830
53859
52238
55946
49477
51404
53754
52893
54054
52144
50520
53780
51764
50300
49484
53712
51888
52909
63516
48987
57614
56557
54025
52831
49020
54613
64958
56613
55697
53929
53544
63934
54739
54761
55553
52739
56102
56853
55408
49868
57059
45962
52083
59739
55898
54874
54859
51940
54796
49797
52579
51591
54338
54449
53666
139844218
