178094
187744
139624
200670
166699
141362
144410
113532
138088
99930
106414
111866
85320
125733
127603
104436
96590
88409
114988
145333
91168
92507
116286
88115
88333
106386
142758
102599
106378
123324
100192
110404
120051
112461
86299
83453
95060
122804
90729
110936
100011
101645
86547
92893
96176
114408
99416
107685
103586
94672
100705
94355
96221
98227
127698
98928
126425
104415
90062
106121
111848
90177
79900
132924
91516
110138
110493
133308
131379
97799
114114
102099
97310
110521
81262
102715
127610
85121
117110
108305
96840
99526
115873
122825
112837
87193
111603
135333
85958
96703
101797
110322
104692
120984
117117
125746
104749
89596
116321
101001
90971
93250
99645
92438
110407
115392
119530
130877
116080
99277
107189
103914
107525
89346
110828
130322
136555
96463
90242
79462
124000
107857
104344
106276
95949
121489
92272
97264
101236
94661
107563
94684
121462
94702
117092
103920
105079
84069
120031
122739
86163
96788
71383
97876
125438
118933
117498
114278
117853
117432
100579
99496
101120
114151
84510
90296
100564
89044
107508
95958
111622
106771
112882
116908
126680
133000
99110
104364
105744
77143
105316
111987
120442
96181
136727
96301
87385
104914
93464
121588
117081
98625
130985
125573
93174
106753
93908
93655
101967
113789
96129
101869
104286
102661
104467
108657
121934
91990
98116
103114
110503
112727
113825
96155
102616
88591
82113
106452
115571
93626
89514
117484
141217
114574
101249
101611
122079
102815
99854
130210
91214
121370
83889
96097
94337
88030
91798
111233
95252
89945
114907
96070
116920
119742
125814
113308
131716
118429
102225
96889
116985
101173
132949
105543
100072
95072
112324
110420
100462
118925
104514
101091
102852
104108
100228
112470
104741
135736
84623
94141
132957
111128
118303
93373
118941
99838
123151
112427
139487
131068
93328
123707
128661
112405
94271
87820
140603
135468
110603
79319
93751
93852
104676
87974
96186
132009
86419
93190
97588
119419
91304
78428
111291
111812
114408
118655
98856
106558
89647
128278
80513
116257
103703
110276
109882
110490
138173
110232
118219
117524
92990
108563
108618
91489
115679
120108
83135
121829
120720
120776
34521216
