150127
126334
106943
104169
98720
116899
82597
113350
106267
102665
98624
104634
105544
110665
93383
108799
100049
79426
101780
126889
97868
107265
96767
81402
90263
91318
106566
132912
93074
113539
115187
93137
97773
117922
135793
102058
88698
106975
104853
111506
113691
128760
97496
119751
86510
111118
98504
96648
94387
127203
123904
116722
86743
126844
108823
95751
121815
89580
106950
100983
112553
113381
99706
111501
116168
112186
102317
118276
101656
99888
119010
84288
140978
96904
107347
110804
105433
104537
120470
119906
97795
108347
73662
101047
113896
104903
142904
103404
110456
116457
103425
92310
100951
121026
92098
111360
114415
87925
111675
108067
124924
98269
110124
126693
109368
94675
99976
101833
126975
93662
122298
129850
101612
109597
86196
83692
110742
126789
154379
113061
113038
107276
109199
126411
121917
125581
110898
129148
98943
111597
101638
81528
120120
100963
103878
92694
87613
92752
88626
119634
128325
82211
92396
122969
93492
110539
110672
101597
118719
132713
117751
99393
93173
73740
106124
108950
82980
100820
98425
84245
113479
115116
102253
109386
151726
114746
108953
105854
114831
100679
103701
102265
87281
106389
108748
95189
101579
86006
127465
125354
124682
105870
108694
114747
116249
120472
114411
104299
97750
94419
116807
109043
112211
110507
99534
126704
104654
97351
116114
108659
115233
84150
105283
110915
108458
99159
96195
86691
100761
106355
114269
90297
108189
119532
110283
122679
116782
113828
116081
112762
114626
99054
116378
124066
93892
101684
111837
120444
110726
89107
120242
104122
101874
102690
120546
111442
80495
100070
134362
75464
100139
109277
107475
121283
100916
112074
88619
102965
108311
83586
92246
103329
135414
88853
97782
147450
104215
115209
93829
125593
108665
94393
115891
127090
99727
116642
103589
81524
90752
98583
124200
98128
103410
103139
124713
125070
104095
135421
103365
102028
94866
112913
103986
112646
92436
104659
103054
116212
127344
93654
138609
106974
126277
116631
124665
115028
93888
93640
103658
120847
155110
101520
99067
94357
116370
100940
80812
98641
128793
137754
106357
99103
99767
89789
77211
72494
71315
85069
49973
65860
34202237
