109928
91244
136491
100374
110377
107067
117418
97833
129350
95834
112050
115157
136808
121067
81395
80585
97243
102063
113048
107567
96353
117259
113893
101556
88574
90286
117220
138053
112319
98020
98871
98938
107683
105228
148889
116849
97697
109359
100798
118170
91728
120932
113476
116184
115295
117915
120784
83939
110580
120082
112456
101088
88565
127193
107798
97562
100955
133600
113949
82654
127173
111367
98012
113777
98945
95624
112706
94859
107580
112841
99765
111439
81660
113181
103295
112595
144086
135084
105811
103837
126448
115735
94291
71708
128137
87274
102433
113272
107097
117902
93651
114155
118064
92885
128999
105480
101513
90776
102725
101687
112007
104637
87898
116939
107638
104702
95043
100152
87020
110020
139156
109071
101123
102233
79605
86479
99183
95698
106160
104887
92114
115757
130515
133356
120332
121687
99827
116060
100504
99035
114395
101045
107907
82865
125222
98412
109309
117476
88658
127316
113265
101919
100882
87426
100382
75345
103187
87896
99703
99585
119111
113671
121236
95130
112623
136164
137077
109096
96917
96857
108113
108150
104586
120952
148458
136429
115511
113243
96808
96801
87124
102726
96220
124712
88805
101980
88917
107753
132989
87065
134491
95873
111160
131099
95098
122820
108951
116050
92616
85228
95246
178414
111454
112998
122846
111745
84632
88740
99457
117794
109931
89394
105821
115959
110488
131705
120471
125034
123496
89386
104063
122705
108148
120047
112840
116926
102792
130858
102957
115384
114074
104798
107453
87466
90073
97400
107717
92834
108739
97671
102049
87841
119219
122810
111336
109896
103144
119905
129536
91255
118207
107111
88173
147857
99387
116033
108525
81717
99914
102857
95925
119596
119996
82256
108518
112936
114530
85462
103673
109297
96660
97511
100001
96028
106011
80814
111695
104082
110096
119396
118039
76668
91695
134579
140195
104478
101621
95286
83511
96535
89053
105835
117905
128626
129993
108874
113586
106824
79969
99673
93866
103798
86354
124292
116412
88988
114769
104905
116191
130925
104421
114077
125729
134360
114158
93230
113196
79878
120233
91615
126181
78092
83304
81348
83185
58338
55940
57357
51819
52295
34086573
