69666
54798
69013
63552
72712
57223
79313
68021
61702
64855
63351
67429
66107
66859
55847
75600
56792
64510
65213
66089
64761
57724
75169
63499
66318
50200
61561
65857
62207
65041
58051
54480
60180
60171
58366
57490
57889
62447
61916
60406
71361
60796
59875
63719
68346
65589
77875
73500
64224
62821
59775
56677
67394
53397
67786
59063
51185
55488
64086
52468
51602
64620
57132
63852
57040
58189
56927
60899
73651
65174
55207
58273
53894
63234
58284
50944
67829
56677
65631
64205
57428
61226
60237
53088
79273
53473
60646
55458
59921
63840
65951
57290
50433
67066
63357
56994
63109
51417
56705
68493
63618
57794
62090
70648
56907
74484
63602
63671
56648
50415
75334
60773
68092
67840
59180
76640
57691
59669
65603
60979
54393
73009
59139
57455
88688
60884
61314
63094
59124
60611
70059
69171
64870
52132
60791
73286
63789
63337
62446
73810
62186
56913
62070
65754
68163
64795
66434
62838
69871
61696
54847
59715
56784
65864
66787
54911
48568
66876
49155
55634
61403
53276
52467
59033
58763
57830
71414
58788
57451
62602
62069
70482
67020
53418
54690
59579
74128
60905
60470
50564
55473
57069
72928
64996
65949
61197
77897
59571
57275
60078
57544
65620
64647
58832
60442
58162
77330
69496
94281
57532
61658
55112
68085
61506
61003
70553
63511
62962
61109
58265
58028
59297
56041
71240
66667
50695
77731
67950
65001
53459
52078
56532
58918
64366
51732
59610
48438
65714
65411
63265
62976
62121
50735
58594
61167
63842
62266
66381
55302
59620
57044
59459
54363
65461
60910
64057
59873
68543
63773
54850
58200
73602
61680
70701
72324
55769
75905
66730
56180
55896
53984
65063
61596
59488
70468
53357
52697
53605
66797
59148
64660
66626
57075
53605
58651
67383
61846
73600
61034
58177
75923
63066
56095
65328
53836
75281
67676
64003
60945
66369
66969
58835
70353
62900
71308
57327
59461
61497
56325
53846
59152
66234
66057
65460
77719
64179
64775
73523
65134
60656
67769
64252
70367
57071
67056
64521
56516
62850
49054
57815
60461
55158
60826
52894
59482
67873
75820
54957
67582
59403
57078
61765
63126
46485
59145
64844
65543
65497
48775
61188
60973
57674
63951
64630
68385
57257
58068
69246
55373
64310
70015
53916
57772
63401
56260
67114
58277
55827
70034
53904
68265
70597
50398
55690
52611
48488
59144
55401
61144
63611
65492
59586
56087
50628
81504
53482
61603
62067
65605
56067
54694
67489
52807
60804
76360
65563
65272
50298
63902
64171
64450
68749
66584
57419
79153
54614
69232
63426
67853
59607
56110
68360
59866
57509
59168
54296
63506
63693
55566
65061
62658
60598
60438
61885
57949
64459
72865
55360
62666
53347
76192
61080
57240
55046
70251
73996
64622
57186
73461
61588
58418
67853
58763
57304
54385
70072
55290
67908
71583
56278
62509
55864
68374
59476
57477
62658
67402
53934
61535
55160
69023
58454
56515
57174
54668
60261
73536
51864
59578
63064
61324
59369
61812
66684
59300
62175
51604
50869
68945
73178
63008
63464
49283
74118
54542
62341
84096
61310
54773
83082
62437
64714
67139
71597
56218
54923
75845
59969
61748
58261
77614
60128
70765
60047
59890
58893
78219
69068
55825
66056
67009
58448
57163
69312
55167
53856
56810
67723
85754
49317
73083
62733
67799
65869
74059
79407
64685
74432
60759
56439
66658
64093
72339
68679
58844
57593
60898
60303
64743
63980
68154
47678
58661
75092
78327
65050
61358
65133
74794
58918
66487
60968
54154
67163
55975
62865
68521
67124
69493
53429
58404
65410
63814
65098
60542
78083
63597
61639
69222
49814
58439
66719
63054
58663
58894
86554
60112
64364
54750
65268
63463
61389
57539
52807
69075
62055
58673
56179
61716
61516
63802
54517
85539
55035
72289
57111
65601
65803
65679
50005
60645
56834
56890
56991
71385
72517
72223
62733
55762
71551
58498
79848
51828
62577
58702
58317
59446
50080
63017
61626
55457
64466
59573
63323
50733
78186
70755
68621
62057
64685
62793
66809
70590
63279
65681
59894
60173
53939
65948
68879
61382
60245
53916
58738
55363
65145
65342
65111
52089
59564
39937693
