129400
109189
103040
106513
93620
113050
102974
114308
106867
118529
106583
105534
94979
109862
130718
86565
135333
104005
93843
117104
105604
117594
100739
105895
117541
105516
109143
91657
105818
99530
99274
103184
96574
116693
131573
106644
98730
96971
113055
98802
132229
94923
94916
121566
116414
102020
95629
104968
82039
115538
117217
103558
126608
106662
105519
104805
118197
141002
95520
114709
95743
86221
98528
106716
111940
116736
123395
99048
123152
109348
103772
100820
100203
113765
115589
109203
86624
91531
104582
101199
118688
107167
123564
99156
123227
125661
110522
103466
99419
118055
112063
83633
119018
96003
109181
112200
87853
91423
114827
96617
92160
83985
115305
113031
129807
108697
84436
115714
104812
103945
118847
109072
107058
115057
105631
82686
95160
107288
151240
98582
87884
94170
95690
86313
120277
81238
106533
95107
102010
84995
100483
116583
117267
96332
106847
104696
111953
117069
111943
107072
113707
100083
125369
104572
107553
105606
94306
111495
114660
129131
82500
132046
109646
113280
151518
115962
127292
111552
125150
99966
114578
87629
100616
79360
100806
100464
115096
118636
106126
112899
79060
78548
110115
106585
92674
110695
87737
109983
109476
111358
84083
89719
114377
122803
106334
112998
126852
107660
80205
117274
98959
93243
110237
114134
105864
83733
116215
119894
127455
121104
105802
105781
105116
101715
108998
114606
75011
123317
95174
95760
91151
108866
104826
124698
96833
111729
95188
111103
100260
92634
100998
80522
96652
105663
102674
119018
118602
106208
106528
102376
83145
134996
100112
94641
101900
98285
94952
91829
112834
112106
97884
115766
174572
87613
110220
76055
124231
88571
116992
118051
104990
117416
102103
111460
114659
108329
94321
110734
105247
116122
88508
82090
111088
115504
68014
95715
94650
95805
99899
96629
88825
133517
105004
103165
116989
111934
106255
98408
102140
112300
119013
115299
105293
102217
92718
139055
92065
116413
106677
142710
94562
122913
100819
104459
141215
134043
89941
123694
97242
105265
114684
122514
97385
114246
103543
102868
104391
106144
106698
132110
107843
123380
96709
86233
90601
113430
82830
69219
66660
65204
34001092
