148973
79111
113576
120196
129933
143319
90746
93903
92600
112525
92272
102705
87799
88849
103212
127345
111992
90274
117537
132514
106984
112583
107915
127122
125056
129690
132203
98960
112312
95760
103224
111793
103043
97075
114901
113470
115292
124624
129253
100019
79721
92699
114826
111941
117539
117010
104180
87261
91658
97580
137856
101338
108436
103354
95058
120907
100934
69291
120276
104740
101202
108460
128310
113393
117996
85109
110096
118974
126805
85738
102934
106916
90682
87641
115951
89127
132269
111187
121197
100089
109425
138069
124813
97768
121099
144361
102106
117391
90147
102759
104071
110805
112149
79845
102106
121895
131144
129665
104747
101031
126995
100601
111482
105576
121684
103600
103938
108322
101114
110369
104156
88110
96242
89070
113815
115419
113221
84742
96855
127776
92899
97375
120594
86379
92036
93172
107373
101495
84589
93778
106542
101174
120090
122047
101545
121208
134155
97400
113316
98648
83977
140729
109487
135588
100907
116481
111210
141684
95947
117404
105545
102417
104973
88017
98632
110842
91027
84593
116568
102177
141041
115429
95893
129509
110921
98817
96422
128461
90826
104369
73251
105161
148339
151500
83414
102532
105779
100588
125967
106043
104372
96208
112523
117438
128862
111068
102435
96857
89904
103871
111173
122997
125624
99275
101142
109948
96957
119445
113169
101022
110478
89700
120660
96144
109963
117603
89772
130330
102715
103744
84343
103205
116717
133064
115791
113381
117385
105497
114104
111659
107450
102251
146378
126532
121274
103079
111933
101019
108898
70643
110584
122528
104557
95582
113144
94589
124442
113183
109804
86199
117086
106489
87818
91338
86171
101564
110843
116394
101478
99738
102411
140194
89487
100373
92975
83702
98813
93245
111126
108102
109044
127750
116336
133761
119966
106563
101936
117164
88445
93720
82035
98315
81114
97349
108989
83237
121493
107266
137829
115796
97572
95218
76957
92557
114350
111731
104422
79245
132957
87129
93462
93540
123454
113884
126569
97949
96170
114815
104622
114600
91618
100536
96693
108508
85328
105321
110313
87638
101585
103959
135079
125931
118240
96800
88935
109761
68246
75708
67278
52986
34211841
