139111
138583
94789
88880
121323
119612
96230
118479
125095
97036
106920
83912
95960
105474
97515
104508
114110
108352
104634
119541
136627
115520
115169
103971
107980
98916
123867
103660
94444
116988
97313
96786
95087
114650
111587
115092
88414
126913
143067
85776
112904
113976
102425
121275
96701
107315
133053
115236
115356
85183
107400
102091
129379
113659
108621
99248
83362
119535
94403
127440
94192
119394
109908
106584
110034
110579
100248
109252
87791
99849
90444
96872
95423
87374
125965
85128
111919
121158
105870
96976
89507
97110
117154
87611
102922
116145
86368
114946
125535
82663
76202
87984
110236
111543
123501
98770
94808
110325
104216
106794
100085
77418
99873
114605
140582
100539
98243
115063
96887
108841
99222
141234
115251
111883
96814
91106
107239
101262
110529
141029
97891
135124
103090
130186
111332
109503
104383
122739
129024
99170
101270
135068
104345
100069
118652
98561
128744
93004
121124
90375
101906
109030
108729
110234
101493
91506
110028
142476
126054
103337
90021
120540
105063
104381
97562
88050
94474
94497
134362
122303
92148
120140
91589
107543
102940
90013
98215
125684
115951
86244
99279
90968
90380
104033
88924
99283
112514
105308
123821
90945
101079
91353
117251
108671
108613
106268
105416
114661
119049
119073
105533
126840
80572
98659
103201
93442
99018
86854
121361
126507
105358
132049
84661
117329
130164
106434
92653
96473
105099
94519
87936
82602
109674
81694
94496
94281
100603
114671
91367
116723
104227
122292
93104
114578
95421
82755
98280
126690
90474
137516
136032
108861
99289
134216
116564
101127
105638
109293
119304
116604
112031
94878
97272
92936
101009
90019
91780
118866
101146
121487
100096
101280
162996
94196
118706
84826
104767
112307
116823
124708
124651
112592
111403
105857
98032
103521
101316
96496
105367
98056
147480
110196
100439
91418
96542
125132
100239
116240
108846
101634
100908
103641
115540
103345
128615
93756
103022
86508
110958
98180
106621
82271
115699
100954
109116
102116
122851
115861
123111
112075
105902
108993
91581
114046
90325
109551
95836
126725
134924
86776
91522
115305
103500
98892
103809
108901
93899
74401
77301
85322
34097797
