133840
88947
113009
93250
96664
87773
123816
109416
97749
108194
127767
107567
91039
89522
100652
96823
115912
100459
106961
92964
114950
97988
107483
127174
107939
120051
123962
107718
132264
144023
108734
82792
92480
95580
100657
110099
79651
92271
105873
106439
134068
113249
101827
123828
81604
100772
88167
97820
124872
126773
77643
96080
92050
105508
92818
120635
118309
115495
111286
122120
95255
103403
105291
104376
115690
95926
107088
108484
106338
86524
108503
103171
111691
119842
110480
118186
97474
108731
115944
83628
132676
118268
94626
98098
103360
90760
104490
135087
126526
107057
106598
117451
76430
97952
96253
119807
98554
114471
127798
126099
106176
93915
116737
100640
104666
98501
102627
104109
99462
91849
90760
82814
96274
104392
103746
89304
91252
101149
90235
106863
101705
103966
108399
109147
113509
104375
112951
102715
91565
129714
91503
92256
100653
97444
119116
101969
91124
113366
97671
123405
135485
114948
102196
108518
102152
102362
91369
93821
103903
113687
102183
96077
110122
93608
87834
128737
125181
112504
86086
92195
95120
100779
94614
121396
100416
111795
96399
108176
109423
85110
93124
112576
106358
107891
92503
86149
116489
112459
114272
121635
103051
97485
134451
121569
116366
97094
111440
104576
117957
95865
110501
92292
106460
99297
112461
92746
103333
97136
116940
83548
123978
116873
93368
115895
101696
120083
108073
99141
84457
94994
94780
133648
97548
106332
109453
84224
86877
98767
94212
108648
86912
100646
88499
107162
172706
95430
114974
135704
95703
114252
100461
109593
112316
127063
120977
105825
109027
98288
115392
96510
114725
112847
103896
104341
107125
125898
151884
103996
83243
122767
129828
92289
108249
132364
145665
98582
101528
91346
118865
98367
139008
105424
95013
94302
99885
119606
103511
116945
115799
105431
86325
97791
109789
123097
115933
128416
96420
107324
111176
98717
125984
76949
104314
124430
118591
93098
105025
113049
117195
79501
114614
120014
108285
111677
84957
120667
123655
104384
115494
85859
119424
83307
101116
112988
108565
118464
118909
103444
106081
113612
135986
129098
112688
99231
120358
125351
107043
73188
82505
64711
34052021
