58189
49974
53106
45328
51703
50061
44664
49200
45346
44893
46680
44359
45536
52461
50654
46047
46782
48533
47309
47646
44016
57182
60584
54157
44693
53471
51537
47742
54302
48193
49754
52540
46757
50204
46040
42466
52043
51625
44426
48193
48081
52847
45617
49636
44948
50316
48731
46950
53732
48361
47375
46224
56033
49268
58323
48328
51070
56682
50245
52102
48057
46025
49587
46288
51352
41993
55616
59272
49785
50599
57527
52995
50583
45746
52310
52131
46755
46210
50421
50474
46255
48916
47912
51556
53194
49765
54832
53489
46416
46682
49577
53088
44076
46329
47287
51284
46557
45120
48729
51800
49712
53261
55290
52103
60557
48920
55736
53130
61535
59278
60115
51639
47118
44801
45405
52354
50427
44886
50599
53397
53410
52391
53027
50983
46760
48176
50690
50803
50399
50871
55537
43180
53668
46936
57596
52713
45829
53503
50248
45729
50374
49682
50891
51162
45409
48618
56935
51631
48601
52220
45304
49423
53571
52733
52015
55274
46886
55045
52711
41663
52605
46879
49886
50017
51867
50777
49326
52843
47413
56796
57397
59056
51435
47718
52993
57290
50639
50168
50316
49625
48842
66182
51605
45952
52422
46853
49149
45248
50164
49832
46838
49301
50709
55392
50227
45920
47149
44324
56400
44149
50198
48718
52707
53445
56100
47903
52698
49715
41316
54220
45686
51391
53869
48754
47934
45291
50225
42904
49086
49204
51034
51125
54340
48294
57445
51361
45634
51864
51616
48889
46898
61529
47397
52560
50816
49638
57781
43081
48468
53099
53887
53949
49666
51617
52264
49218
47693
45435
42673
55839
48691
49702
48624
51362
60322
57914
54678
46308
52984
57551
51968
53138
47950
55740
55403
50264
52278
55693
52397
47154
53093
50420
49034
50761
54341
53668
47495
48389
50141
44041
45916
48400
42919
55217
47457
52810
48136
50974
47420
48106
43802
45923
48944
47996
52697
47335
53112
53957
60600
50539
49923
49110
45852
50025
42945
44794
46668
48894
48355
46172
49381
52118
46509
54835
48752
47405
44613
52653
44509
50429
49051
47774
49227
55405
47592
47968
52439
48251
46064
53598
62004
54279
43271
49386
47799
45010
60675
51073
60766
61981
50062
44129
46828
62505
45221
44785
56245
50840
46387
54195
48196
48562
47189
52981
40736
50954
46142
46834
55127
47600
47782
49052
46023
51913
45681
47414
58203
44606
55942
48846
46506
53619
44448
51032
48698
47142
52686
52659
49378
45352
50500
51601
49529
48445
47279
55268
50700
48351
45694
51528
61050
50943
50844
48076
62483
47593
50597
47887
51497
42485
50915
50969
56438
53236
49973
51813
46839
53344
52350
54321
47183
48020
44784
51472
46669
45529
49472
62128
49564
52123
48650
47633
46979
50362
50545
54286
52562
49761
44780
49199
48933
53938
54245
52972
54369
47592
50536
53290
52993
49084
50470
45056
45458
55327
47519
45035
46689
49753
49996
46451
51092
54149
52615
55630
50615
48846
53450
51172
54644
49883
54631
54268
54067
58915
46781
55909
49404
48306
50089
45589
49260
50674
50875
47991
46859
54500
45501
57999
50059
53593
47093
45149
64744
51019
46376
58208
50454
49606
43747
49028
46134
47327
53272
45817
45223
55416
56628
50132
56527
51858
46920
44363
54509
49158
47158
45015
49247
49414
50003
54684
46775
52570
56808
46541
52815
52408
48968
55395
50498
46621
57646
50592
53819
45577
49848
49476
51957
48444
47923
54435
52743
46622
57700
50520
56868
48990
52829
46849
48499
48946
46623
49200
50288
45986
51445
47723
49569
45984
54364
51888
49251
44582
58315
57762
50459
52318
55955
47918
49618
52630
51968
53239
45991
43258
48063
44112
51878
46336
50173
60288
44561
48094
51471
49933
52043
45691
51959
51326
45530
50117
47278
54282
55660
49716
49212
53343
48356
54667
51472
52425
45460
53862
46562
50337
54042
57673
44515
53230
47541
56871
53773
46180
47584
52253
53446
44286
51071
47931
57522
63198
51894
51749
44019
55918
52382
52912
52210
45710
49580
53232
47177
54490
50742
48403
50700
49085
50437
55512
50296
57124
51385
51724
47461
50146
59217
51291
39801
52863
46034
50574
47089
48559
46334
48025
48570
43144
48129
51258
50007
47172
55304
48967
59389
47706
48030
53651
56013
48554
53754
54587
51672
46479
46236
48881
45185
47586
49721
49537
49079
46201
51489
52970
47825
53354
47803
44265
48214
51701
62831
60158
54241
48822
43241
50292
55230
50045
46550
48222
50567
46126
48909
42901
44666
51656
54662
49770
44667
45102
62779
50443
58725
54183
51543
53479
57900
54327
55737
57968
45045
52213
48196
49983
47446
43469
51990
46360
48597
54160
47914
51773
53551
49835
49098
52220
44051
50935
49488
49140
47680
57180
49750
48669
50166
45553
47535
56202
52395
47076
53426
55222
55144
52691
47876
46074
56905
47359
47437
46036
55502
49873
43889
41432
57098
49855
55357
45306
49093
50050
47614
55155
55551
47676
50789
43216
59185
52216
50363
45523
46256
54139
55574
54063
53473
40199
54729
47044
48090
48768
50856
52099
46938
50861
48515
61491
50722
51438
56078
49342
47273
47329
46555
49173
50821
43710
49477
44105
48731
54128
55102
57904
52738
50420
43706
56237
53338
53426
55851
51586
54149
55630
48068
53358
43638
50835
46641
49089
46739
48620
54203
51526
57664
55273
57377
50336
44118
54079
48554
51326
51291
43841
52496
52034
50532
51927
49874
58775
57570
46573
49085
48765
54913
53677
48342
44238
45400
49137
56279
53655
47389
44839
51617
47023
47482
50470
47780
51907
47747
46723
53357
45378
43441
51005
43419
52977
51057
45691
46744
47878
51144
53966
48796
48946
52259
50862
45619
50718
46102
52400
48674
49286
44402
46826
49355
50082
49725
52568
54628
47900
57252
49793
49930
51156
54117
49556
53300
44264
54839
46599
47005
48457
42507
51438
52779
43727
53529
52074
52637
44605
52931
53533
47505
53932
45458
50109
47858
48503
51575
59876
45145
53953
50932
50992
48621
48438
52406
50788
53357
46949
52757
47952
46777
50510
49945
58292
47731
54570
51783
61019
47365
50903
45116
50628
58712
53238
43669
55996
50951
47057
46033
47846
45780
52391
48030
46661
44236
46442
50829
46760
53541
53889
60665
55280
49088
56049
51201
53589
52464
55666
50827
54821
51522
45803
49544
45943
49584
44207
55647
58894
60863
55971
54710
45124
50158
54912
44904
50205
45807
47116
51245
49306
47722
49481
50733
45303
44760
51195
45409
43713
48348
51254
50842
53065
44843
48258
45294
54421
55825
53446
43700
59030
49123
54464
47349
48768
50080
53350
49588
48551
44747
50720
48068
52210
48512
53643
48475
50266
47057
47638
52879
46760
47170
52128
52757
54610
48668
49951
51666
47070
51906
46017
51841
47184
50246
54954
50921
47169
56540
50210
43903
50117
61347
53146
48557
60470
52398
52018
45578
47842
53146
43988
46172
51726
47524
47894
48218
50874
63764
52274
49992
59792
54431
50517
46965
47625
48314
49421
50931
50282
51596
58351
45156
52577
54565
48424
48145
49861
55592
42023
47595
49328
52926
47973
48283
62157
55009
55556
47689
57396
52241
47934
49328
54854
47353
53225
45426
50811
50549
47971
49631
44942
46963
53261
45047
51249
53124
53366
51028
63741
49446
41762
49385
49347
45440
51182
51956
52257
46763
52881
47313
46883
44447
57029
49316
49123
48409
50127
48517
52602
51878
51783
51456
51915
43931
54409
48453
55467
45519
49409
44005
51049
44465
43376
47285
50278
47958
57651
48639
46917
56637
46693
50576
50988
43564
48288
53281
49264
46632
48193
51888
49034
46620
59137
54086
45911
46142
46281
57133
49037
48227
54235
56412
51367
45203
43097
51044
51629
47207
50781
55502
46659
54067
52915
47266
48344
49084
46385
53448
51506
49840
47596
47933
53094
54208
52545
45965
44589
50798
44964
49977
51647
56775
50905
55261
47800
53766
47003
54264
51892
47420
49312
61775
55011
61232
46110
51277
54148
51285
55421
57909
63231
54215
55808
48226
53892
47516
49317
49458
42627
51411
50557
51817
47521
47586
46634
48361
51828
45068
48086
54876
49447
53324
53338
45925
45461
48932
53861
48164
51469
48247
48766
50019
53412
59107
50155
46229
47543
48258
52318
53105
45101
55493
47953
60406
43968
52384
60573
50692
47149
50963
51515
64523672
