79644
53208
65928
76620
57453
62040
61098
56768
64347
58228
61797
59059
59999
58859
72688
63932
60775
59020
67828
61002
65172
58498
79257
58758
66266
60856
67692
61453
77707
55477
57824
54798
52282
64080
63918
66704
63954
66274
56000
65613
53637
56915
58020
50613
61135
72004
60358
72979
53918
71118
58951
55265
62489
68855
59680
65943
56841
63117
62207
70727
53712
63860
64410
63126
57119
65335
62263
70433
71759
60404
66308
61128
51153
64383
55656
85500
69033
64271
54040
58129
64659
69595
57135
74085
68730
60421
74316
67780
63185
52691
64151
55430
55974
57766
52283
58730
55142
55838
54879
51545
54639
69168
54984
50924
59803
62044
60949
85860
81298
59309
71385
56940
64136
64042
65307
59840
54340
54602
54503
57609
50894
53884
66409
59378
67280
67564
57640
55579
64407
59242
73678
54992
65598
60808
58600
67179
62034
58850
71046
65218
65054
85434
53903
53935
58299
62482
64266
65113
65380
61078
58156
58771
61335
53484
64513
64183
59623
68419
57383
84734
64499
64437
56895
63085
79060
55022
62154
61452
69341
55654
69070
63136
65210
63960
56563
57052
54276
58576
56919
49038
74307
55780
50971
59195
68306
62584
61503
57870
65522
57347
71694
57883
77436
68772
78264
56593
59863
67197
67740
55987
60222
51332
62396
60460
66965
56892
74909
70933
70837
69441
58029
61611
58713
64913
58397
75469
63608
61107
55342
62841
58531
68116
63073
66860
63278
58881
61097
50324
73644
54310
50614
61107
54440
62161
63050
49711
70276
63082
68023
59805
65820
77331
64038
59252
62475
64376
54191
58414
75630
56368
76422
69946
53258
70696
59697
59512
65187
47831
75142
62748
55808
57842
52459
59317
61595
57895
54232
60255
59322
75535
54773
57335
66231
64174
65057
73798
73495
57760
77231
56417
72629
59339
59588
69384
58506
70766
55062
79953
60751
64949
73281
60231
66388
60667
45427
61646
61213
66654
65892
57820
55428
56631
55590
57608
78716
59856
54313
55396
67862
56733
65228
72194
66630
61642
71673
70236
61992
57466
55622
64957
54371
75183
77890
59064
54572
64963
57552
66644
63081
55824
69186
50766
60453
64862
48399
68730
65331
66023
64949
59153
64907
65331
59373
78471
57465
56863
63721
62675
57991
70921
50479
53990
67755
58226
65806
58472
61877
55431
67943
65003
69116
60467
60177
56543
62403
59016
53281
76124
66163
58803
65426
60356
63054
73097
61446
58300
67946
61468
60797
52997
58361
63692
78310
51735
63217
69670
53927
60311
68583
54810
56123
54468
69251
57828
56147
53765
68509
66223
63902
57410
61673
45412
63210
58682
67915
60106
64220
58581
63410
72476
72861
48067
50459
74382
63381
65605
63494
57758
81155
62667
58265
50618
55749
62189
57790
60646
54647
63638
51600
51736
66139
64376
57184
74588
54293
61201
54629
65257
61421
54262
64769
58241
64609
68021
55139
62777
60156
67374
60326
65422
59180
57128
58667
57854
68696
50925
55076
59519
51402
70125
63837
59532
62820
70558
50091
59672
74452
58403
60467
56450
70751
64767
76198
73871
57415
57274
75380
54444
60244
72419
46507
79167
75373
54675
66627
54795
58584
72495
54267
67147
72901
70978
74017
65411
55332
61838
55634
70344
63267
55671
63930
75329
49238
59114
62092
68266
66526
66023
69450
65178
54696
62606
74166
58301
54305
61415
58331
60199
59207
64411
56580
63385
58895
61513
51467
51039
68232
65367
61746
55288
61085
71380
60089
58522
64344
61001
55636
73301
65497
59974
61777
69450
53614
49922
79174
62968
69081
64900
54047
57183
70025
74256
47432
62718
64158
75255
65597
61759
62914
61106
60975
68803
62160
62220
69609
65360
58194
69679
52350
64851
66532
64197
62807
67838
67885
55782
69930
58091
57666
61768
53609
55802
48457
67639
69500
74318
58247
45093
69495
55173
53047
62761
56233
59205
55497
54081
52286
64343
69508
60544
62743
62977
72147
56889
67439
64399
57445
69786
62709
69168
66348
63687
57526
64147
56015
83404
51044
64599
66358
59572
65029
66233
73100
69705
49298
48249
67756
64566
58843
54229
61821
53448
70064
60932
61233
55569
60689
69244
67435
65555
39886845
