196604
148485
167508
175774
104511
110857
142943
89027
95579
121291
115247
115548
121869
98845
117075
103852
107109
121585
102530
116298
110294
119340
119332
106159
105833
94835
112876
103818
94616
108047
105491
83814
104632
126761
105334
116181
112762
109486
108132
86858
109144
107098
105819
95163
110501
121714
103390
144114
111011
102618
112493
121134
95610
100424
77376
85602
100285
114587
111337
121401
92581
116019
87886
89681
96284
116627
128688
104489
114947
97341
124545
116556
117566
112638
108589
108904
104557
97581
88597
97650
111926
120459
134729
109541
124298
82366
91414
98729
99665
93790
106177
103685
103756
123028
97335
111203
109719
121731
110107
98918
93322
110995
104035
125060
123831
91728
123124
107853
108505
134961
114021
90255
98705
92410
112453
101249
103470
101757
99853
77495
111339
101648
114475
133257
96751
83676
116001
117656
107815
106025
114735
107351
106568
94185
97634
114496
92836
86408
137915
94822
102351
84309
121624
98392
89384
112638
107135
135582
105879
98149
87542
88792
114090
93465
111592
83076
92761
110743
102789
123416
110191
86088
100595
108492
76442
149788
112047
98788
118181
105395
89815
104107
105341
87471
110461
104492
109184
123314
121123
123945
112423
132378
135365
106548
89818
109048
95021
103904
106552
124161
143458
93899
102536
121758
98545
98307
110339
112926
129063
103057
113128
107064
133857
118590
77062
107214
121523
120087
85775
100611
136257
95944
123393
86921
123171
105098
104132
136708
86908
110813
115023
95297
99697
108329
85106
85107
102615
112722
87771
110156
93059
117448
134096
102537
103539
108163
105844
99628
125944
119236
98439
115951
94894
103872
88763
110364
118249
136818
100196
115656
112482
101692
98501
98888
88901
85584
112369
100594
90984
131772
96784
119643
82874
108637
100430
96167
85076
106772
108164
100966
96873
99628
110522
84347
103217
99822
113141
90521
137238
85617
93105
115775
101290
113134
119209
92599
118946
109638
78761
106809
117250
103709
120602
93856
100780
135607
112799
102807
97731
114881
130892
83062
130388
106317
112836
107131
119734
109951
108871
101218
97556
127108
97627
99869
125812
100529
93488
96349
91847
98767
34446632
