81172
63585
67491
77223
58629
59469
62959
56438
71275
73162
55613
77823
62727
66520
68358
70393
59224
60973
74561
67077
71578
63350
68652
60946
65816
61245
68959
55294
52877
60801
61849
68697
56477
67605
71737
54723
72536
57615
56399
67988
61141
59551
66131
58703
66406
57970
80032
71321
57435
52288
75489
58455
50226
58577
54526
70421
54475
68404
60366
62080
62927
61849
92131
66102
69441
65160
56872
68920
67906
75454
65558
69082
60390
53712
67206
69829
71498
64096
58587
53408
62495
71989
53983
58276
72920
60507
54957
66746
56743
61076
51073
63601
68250
63963
63765
56004
59320
70099
65250
64132
60900
51963
56639
62916
50009
59555
63061
48467
52255
65982
54973
66143
69292
72460
61613
49680
61963
60928
62906
61147
57110
65396
57117
54358
79357
61256
63633
61475
59688
52591
66011
61041
65711
72591
74935
66212
57406
52848
69287
53567
72863
56674
52351
75691
54372
68929
63945
60619
65911
64125
66962
78329
65543
58673
54770
61862
54908
61400
72551
58268
61208
62067
66372
64801
60289
55516
69585
59336
63060
75780
61884
64807
58084
62733
55822
72588
61758
61768
67919
83197
57300
55659
62333
61632
70345
58887
57833
57315
61409
65675
71377
61180
59694
73969
52363
61941
56875
72278
67636
66827
58005
63433
56404
50766
68229
50055
62715
60427
59092
57375
62169
68664
66012
68417
61186
58817
65333
65888
63135
64595
63873
69206
57392
59927
47379
55940
61500
67556
61584
63816
58108
59924
68728
60957
61853
57799
66367
64147
62359
65283
79727
55179
50632
67659
57668
62795
67406
62778
54717
68769
59782
73277
66319
59203
62094
60020
59230
74207
78176
64617
55864
58949
66244
58856
66039
62476
63839
63295
54902
60284
57973
56797
65880
57915
58587
69135
60792
65389
58604
63828
60687
61112
51924
71527
68164
57278
60315
70821
66306
62458
64578
56468
50206
74114
50679
51774
69514
52993
68550
60600
64269
61404
62760
59001
62232
68639
68325
62665
69297
58932
51736
69458
84750
65415
57967
55848
67193
75227
63286
65559
62119
63639
63064
66259
57272
69277
52552
73249
67549
64652
57913
70358
59112
55610
62849
63294
66289
57084
61209
57511
65385
63158
64656
72541
64162
69925
53747
61827
61151
64642
47923
69008
55955
61594
67726
63084
52854
69227
56942
58052
62681
58645
59876
51884
65442
57300
57508
80617
52412
62037
53340
52322
63224
69457
60730
62369
75380
52311
65798
56609
69974
62395
64015
56521
56380
63440
56011
69408
52857
58759
69411
63468
62781
61462
62581
47467
59613
57573
58209
56477
64551
51379
64046
81837
52667
64742
57896
57457
59374
64196
54712
59868
59751
52553
62769
58211
63500
65871
68617
67910
54349
69964
57226
62826
57258
68217
65371
73287
66443
61017
62047
61877
60365
72784
54965
64825
53961
69617
58355
55890
68595
80115
67449
63905
53698
64368
75904
66150
64430
59043
74548
58386
58847
66828
53678
62729
78631
51546
57576
59805
56168
60271
58190
67886
53944
68164
64586
60716
68239
50394
57214
50097
65000
56000
64235
55937
69932
55288
58944
52632
59724
63384
61842
68225
61935
70807
58518
58916
59608
75540
53060
61152
62154
67644
57000
63519
54128
57936
55190
59880
71188
57486
68829
61583
52816
63291
59607
65613
61135
67896
56048
71084
62345
68508
56400
62007
51125
74860
60768
59440
64809
65067
56362
56570
63663
55296
57404
73391
75386
66829
69872
53867
59803
63822
55697
66800
59017
62584
61122
44864
66824
60471
56842
77958
69533
63246
62787
66231
75663
73077
65964
55712
64196
74605
80198
69478
58752
56152
71129
56095
75816
65622
60970
52900
60149
59112
60485
69757
55868
64332
56901
62107
53566
54192
61288
62376
85847
59718
55792
62059
64382
58001
76561
72904
52222
67558
64417
50336
67448
59670
60756
47116
54491
62920
51145
68928
62096
74044
62534
58357
63068
67404
58433
54888
63732
64856
55800
55010
54575
59105
63400
66142
70850
55760
67506
57757
63053
56681
72052
60285
62174
72902
61260
62438
61308
54884
57582
50960
57471
71141
67099
54605
61284
70210
56592
64201
63671
62864
53585
50395
40008567
