131673
119724
99623
134585
159688
88867
105886
144446
91268
88359
108518
106636
125982
99784
104990
93753
115476
100605
122206
118183
102250
103983
122784
132444
116794
103788
120988
98170
89672
114480
101861
120714
94363
118469
110703
129869
92822
94595
114055
89778
105036
98398
106908
107894
91220
123188
111248
94342
88650
90306
133728
91166
87520
141999
78536
107543
112537
113797
85825
120952
98880
99557
108144
129184
115900
107091
104979
112112
102625
111996
101793
92290
143333
114308
130682
87497
95067
103365
98455
101841
122935
129657
121279
104425
85437
106229
112859
112120
104387
77967
107285
145792
97704
108007
88260
113984
100186
106435
96107
128598
126393
84085
80082
113083
114519
99712
116194
117797
98901
107056
86165
94390
108604
126788
100076
102232
105072
125562
114714
109069
126587
115439
126835
116282
74201
95620
122513
100214
82242
93468
105363
110712
105635
122372
110620
115806
93048
131088
82427
116465
79896
123346
107429
101180
93738
101826
101488
128811
87007
148660
103968
100047
133466
126808
107407
126592
131368
83481
106216
111781
111273
96954
93159
106220
95425
85128
112421
105192
103506
85824
106674
99299
94816
113411
88960
115497
139533
88636
113625
90746
102763
96794
107951
105404
100014
112972
85447
85624
92871
94685
116062
115444
130249
92664
131791
114879
137145
109431
115505
90789
118623
100030
98827
102007
116771
99816
104063
123592
95422
108515
102762
152312
118281
106875
105977
128466
97611
117818
97357
114770
100311
108056
100997
114637
105463
105595
102104
126193
130301
94277
103600
96535
101698
102727
127148
88823
97594
130490
139501
134489
93899
121964
107464
141697
85571
92659
113994
120607
118742
94013
126731
115368
104380
127058
93377
96820
101661
106280
81789
102060
93286
101627
95977
106235
95041
102467
121731
109023
88094
106370
92890
110342
107857
75819
74264
112677
102862
116963
97736
112753
121882
151345
161577
124536
110983
114012
95249
97152
86740
127252
107465
91387
109877
124529
124481
104542
88683
106297
117051
121391
118391
122731
117553
106055
103459
117233
88438
127917
84951
111849
78808
104824
96336
87459
113780
83168
95245
79685
74009
66813
34374825
