172538
96028
80395
117806
98968
90445
90535
115457
112064
93907
116718
113091
97214
105140
103862
92054
96920
99598
113561
110352
106138
109843
115755
100004
119138
103329
97840
115747
111394
118656
78932
93894
93985
98897
114434
116172
83001
121444
93271
115490
93655
93851
74589
137188
115668
104970
99743
94183
100397
106451
79295
111738
118973
104712
92084
116579
90687
99880
99377
124916
84243
107049
112252
87967
117455
103546
91308
87966
128387
107443
109664
114557
111848
119699
93139
146205
106871
87736
85339
112550
114925
96112
110629
107758
122364
80154
103301
109034
95252
112115
118507
108731
97641
87333
121589
86627
135537
87570
80187
102511
118513
87468
117451
97352
114681
112168
110465
114093
115437
86049
110170
111139
116518
115183
105269
113419
100546
99313
128386
112074
95627
98032
90903
90142
107678
99951
104288
127695
125969
88085
103600
108222
79190
108699
96726
126906
111946
120947
111887
100296
112294
102196
87871
119489
124525
89552
117304
98525
103191
137745
98914
88212
115351
90188
108241
102738
84764
109786
99615
95930
95593
100070
97512
116177
111576
107814
104390
110725
88832
100635
85477
100176
96242
99319
87368
101273
93567
88345
127068
92608
98494
99621
101570
116728
97233
103195
108852
95640
124576
94980
113597
105416
122006
101774
122378
97360
121746
110170
100480
112801
93238
128541
116955
102353
96415
106319
92939
101817
120059
120443
92880
80144
114070
101898
113588
113630
106257
95740
119397
100759
102333
116304
127206
92971
117874
118133
94570
110725
81685
126506
78919
115003
103493
120085
103843
109730
101267
100871
90695
79073
107615
107032
91577
87674
112363
115845
109342
122642
136607
102194
109872
99774
121160
111275
112704
104178
132878
108082
83579
83471
112629
107263
122235
105145
115646
92967
118118
87716
126560
106734
111028
104070
98411
113239
87466
109943
129532
121247
117622
94868
114246
106460
116947
86723
102549
115033
111194
114654
99810
112172
79180
103270
110814
126354
104083
120747
117664
108354
100564
102006
99147
129015
115360
89300
100123
118968
103933
118124
83774
93323
123820
99982
90090
106526
148092
98827
112775
78144
91735
91666
33794931
