189803
152038
124084
151472
148167
133630
122704
118216
104588
142732
123819
91903
126812
116856
105443
94669
99786
146911
128306
93226
123085
110177
126036
126399
99811
127876
109369
103274
126878
88155
102538
105594
109149
112713
114397
123476
102379
103077
103010
103824
98466
119643
100907
102220
99086
109353
96714
105506
90701
110377
104364
120858
110189
89835
105404
102411
104672
108316
96427
103296
92113
94889
119128
82208
104966
108269
111966
98974
84216
121281
103469
129246
92913
105392
103802
139812
127823
97924
131478
133680
91802
103051
117145
118844
113030
94186
130772
136025
112300
79120
126869
92779
91614
106439
103206
100861
93183
90335
116605
110884
118108
122086
124586
98101
104695
107001
108626
110031
97016
99905
99885
122048
97079
113468
121350
127096
88216
110514
120390
107905
103442
117881
113585
119252
110753
79467
110834
102750
80030
113231
112981
104225
107761
93458
93160
121350
115987
95806
88905
113524
89549
118276
121593
100205
103468
99306
90030
78144
106790
145489
106585
116194
97452
88556
104609
105215
92241
79122
103084
97404
109040
116828
104641
90158
107693
121576
111869
96761
87456
102180
86583
76361
108409
106247
120072
117021
107284
121825
118967
94981
112583
80288
109079
103121
99210
91447
105400
101373
129318
110235
132104
129762
93532
115475
106591
119101
93002
101997
87929
88794
90834
95442
99397
81995
111015
115364
111640
95076
107549
118016
84445
114740
92840
92192
122707
128416
95676
119156
103585
109448
126526
85965
101771
129078
99428
126033
115913
129981
105309
102534
108919
111091
97586
94066
113471
90590
117403
122308
98455
86933
125293
98015
88470
96865
90699
106422
88079
105467
99378
114249
112385
95494
119584
107647
83936
112237
99975
107660
93385
132311
102222
98063
132742
96764
96942
113223
115774
133527
102534
96423
106254
91791
95796
112531
89266
106713
106748
101786
134659
124970
84353
95949
122310
101767
87288
99706
95741
109945
116979
108590
123158
109724
104430
116091
90070
105117
123760
96732
108732
111840
111077
139238
112997
93018
109622
87991
107341
112913
112729
94261
133179
120267
108929
95429
107060
129052
119830
86489
108658
94857
34470210
