125638
102860
113806
127953
100701
152898
102543
107108
103868
108608
117003
109815
99135
87568
108936
110734
109166
86281
125043
107693
112418
109312
116449
103024
101469
129471
101948
117638
88255
106892
118939
109323
110422
94945
100397
82128
87055
106942
135224
106937
129376
106031
103751
107404
106652
103421
101189
100312
84340
114610
112187
78134
106121
132782
90609
87705
95217
90884
114886
81653
97657
90516
114550
91424
94015
99433
108548
111328
113552
120022
110596
119426
114742
99893
116257
103145
109674
129412
124350
110401
99725
93269
98568
102958
112254
100948
108291
104850
119002
124091
110592
89231
110653
91015
87069
134847
87240
114367
121840
116770
128827
117916
94349
96756
123667
95633
88904
96517
91369
103118
93725
108108
110028
94915
110475
119319
85448
117693
87493
113738
87172
101681
94718
111719
108645
103404
124155
106019
119081
97267
118653
84108
120628
107843
121680
104751
93193
112207
86196
95384
103278
114560
98137
114122
102167
94482
116835
115377
122084
105914
111065
80556
86722
105162
99890
94575
106679
101898
122542
93169
107969
105562
97321
109281
111883
132642
85015
111139
79815
116025
81777
128249
116442
121350
95085
123219
128404
100053
100831
103259
145775
106500
96504
103514
106491
112058
113314
121943
104382
115401
124633
96104
92437
125625
94604
93620
80065
103062
128154
94376
93610
100382
111834
139822
109804
74787
118559
124279
88651
136216
114301
101878
113758
133278
134911
109888
98566
123454
110271
103252
86512
98172
128764
120053
80044
125111
91724
104524
117848
91498
121813
109630
106591
98492
106913
96459
102474
96809
101456
119337
110963
113905
107557
104263
113055
126663
96510
103812
97662
85016
114813
111604
103648
118935
104429
102696
119477
131805
114826
114959
95200
113075
122508
94773
106973
103319
88024
100770
95162
97007
99844
116245
90092
130069
90667
122601
99545
121535
103810
96659
108114
83540
110029
109997
125512
113233
102057
113004
115365
108687
106981
113998
122849
105707
88692
98297
118378
93090
123539
109617
117102
90402
96917
122730
99201
110908
93456
104073
84338
86339
102621
81667
99077
88503
97324
102359
127104
98603
80602
89836
34053978
