101666
118704
93076
99547
94294
118755
116009
96841
98502
101583
87714
107370
127159
90789
143994
87022
110155
141565
85113
125651
101285
81101
111746
106556
88483
103190
96370
90748
104938
73790
111171
101670
117668
104801
117240
125117
94424
109638
112941
111692
105871
106522
99207
120093
87279
88365
98062
113159
112129
108195
101696
104924
139618
95120
102192
126808
113347
107995
104458
114694
114799
103909
118804
85079
101139
90645
114600
93498
119993
113118
107029
88430
91868
105993
133739
88902
111534
109637
118733
101973
120756
121248
121241
90188
94529
86307
100554
100002
106726
103140
99915
119489
123696
103727
97530
96132
100434
106133
92825
114083
109075
79772
111058
115169
108294
114877
121871
115864
147552
106906
96535
119958
95982
98982
104084
110586
100287
106997
105645
104629
130803
91782
116598
103146
107198
104115
96927
110204
113562
140020
99266
116679
123794
81457
103485
109453
99284
106405
100315
100872
132207
117751
113396
115505
98022
144383
108195
110458
114238
123812
106342
99438
115907
92646
101012
111899
89373
87090
127232
84775
131799
117997
93088
117375
95622
106607
98693
90298
104460
111282
115815
124356
96640
90926
88052
109677
105175
101137
108081
132166
108783
141987
94137
109410
86962
112895
109352
112478
101893
101601
112231
132904
128927
97031
87446
92445
131437
142945
95866
99962
103991
98922
98431
100959
107356
98100
117558
90195
114300
126399
108321
88074
105434
93073
109576
107471
91837
94888
113062
106146
116018
108522
112895
104742
125860
93186
131410
97163
109879
129600
117568
125508
109925
117599
88392
114006
97896
134654
100387
100952
107675
121979
109079
100937
147817
93109
92432
115061
110913
103814
100425
114581
115975
143539
111754
124153
101540
121753
123685
109026
109297
96626
113318
106517
109505
92781
87473
111710
117745
91969
117112
94967
121121
125976
109257
112774
129407
123363
94945
83304
88273
90294
107794
96397
135884
108431
114674
102407
121148
83895
106549
142387
77830
114467
91923
100779
155165
91620
127509
106640
111375
101848
96298
138060
110151
116346
86147
103624
95839
98465
92609
92542
83554
79902
72223
56013
64197
46087
47813
51469
34072293
