110713
104585
100208
83854
102148
85978
105918
117272
90766
107672
100066
120231
129660
96158
107330
117720
115110
127284
112491
106755
90754
118360
115582
85440
111249
117207
121811
110953
141150
127213
115141
123043
118033
89475
85184
115610
117502
118754
104340
101599
110004
98953
103978
128923
95234
117768
107217
88693
110625
122634
130972
97897
103683
112071
114338
104409
113291
110344
131794
79173
88977
125137
109223
109739
94968
119458
95081
108148
87102
104286
110903
113070
86820
107465
95990
105145
92897
90022
142249
136261
106735
141899
101731
96426
103188
109866
123434
111253
114663
133181
121952
122260
84848
114392
122846
91969
81360
85458
104778
107459
131181
114207
103369
118288
82024
91990
98788
97708
127488
112780
103196
111160
119853
99392
114904
99662
100785
86644
108154
118585
124465
110441
99524
126846
95752
83938
100392
98754
97143
132096
90411
84485
101976
118695
90093
111418
83752
108608
83112
140402
84733
101515
109751
106275
93224
98295
119197
102112
104564
74393
118242
97636
105486
93508
87187
106497
113647
126070
99484
102838
109669
106461
108068
80027
137004
114654
124235
94769
117686
132928
100238
126544
83808
113052
107265
102033
94122
123484
135678
105489
120502
98352
110341
106883
107429
114163
85105
100470
145917
114693
87516
100642
90387
136946
94939
120776
90455
92246
91956
97240
96112
108292
94213
101897
93655
119631
118490
105949
103047
82439
118437
109698
98449
118835
94281
109440
107155
93658
140021
97254
84733
114351
129836
115317
108305
111961
138518
125648
98914
99153
111099
108609
89119
100577
97886
96744
98125
121103
134129
114777
118845
117041
100813
121258
93600
91335
117903
91153
109787
105271
91259
113766
109041
123181
112904
105224
102263
82022
113257
99789
99294
110030
89294
84756
118939
102098
96232
111557
136105
145535
113165
95238
117436
112738
77891
107773
84520
124860
101257
89385
99861
99134
100048
107598
87970
122083
101702
115287
88043
111467
92643
96655
113467
119088
104738
122556
108011
111684
113378
92199
109222
153876
106309
114071
83212
123858
99066
110245
97426
97105
94217
99564
96070
94754
91633
66478
85330
53294
56221
54147
33987628
