123746
118661
124362
93492
107421
80302
116571
98883
93772
118813
132995
114696
107884
117850
77603
93223
115233
79930
116050
112513
126564
109549
111310
109001
100080
119041
113305
98982
109202
93750
119663
93777
144590
92341
122765
116676
103660
118831
94001
124777
110803
127099
110664
131764
118791
93988
113296
95802
123874
112257
117337
109820
98386
92775
102196
95731
101015
125994
102092
95016
146741
124236
104583
97836
100073
118776
104264
104846
103302
108394
111798
103496
98636
111371
118716
131724
115206
98676
95544
94335
143247
119218
107862
110285
99920
70326
124615
114392
96573
89305
101993
117548
108030
118350
104368
85498
126281
114574
107786
92603
112132
91323
112083
141439
98163
94329
124418
83228
114754
123366
111921
135747
107787
110353
138704
99767
121640
99287
104713
126122
103149
84860
104009
83987
105446
89664
107203
102703
104236
98639
95049
97696
117790
124006
118345
105319
100933
93739
83137
118116
96765
127988
100500
109650
114204
94181
99394
105769
113886
111812
111103
103076
108775
122939
100759
117563
115206
97481
111021
111297
102306
101559
130449
99952
106692
118315
132422
95099
124428
96331
80483
78457
85398
94041
103194
101898
118414
107637
102167
101390
99842
146980
112724
87401
98648
115461
109263
118418
83027
107497
108354
112028
98098
89420
105291
105734
96922
95545
88967
98266
112342
102232
88168
133478
115853
75477
84705
99030
103054
136402
120134
101328
105443
98084
93186
96348
104052
97140
106287
117889
110720
100241
77813
102729
99806
120921
117640
105438
100085
103241
105610
104573
134627
120243
106708
111461
115148
126189
108760
83517
99975
112127
105956
105918
132821
112433
109532
108203
89251
99277
101581
103983
89010
107915
111328
84277
125687
111519
88189
92103
131998
113831
111682
92805
150090
124592
130923
96791
139607
111690
87306
105518
121959
111599
112368
112457
103460
133370
104836
107141
85368
89165
93482
109464
113742
90130
83837
108501
115703
129245
105464
104704
103527
105116
83778
112761
112743
98611
102275
106932
117642
98682
112438
117417
90001
106598
103724
107839
112379
107631
92641
88313
127295
126996
87329
74150
78709
73399
55224
70505
34155751
