75025
53565
59504
58819
66352
65241
74422
55838
64601
55360
78796
60079
66405
59796
54212
55345
58428
70258
62174
70771
82146
58066
64453
57163
65587
69752
66749
63750
53585
64050
59519
60341
57856
53041
62506
60395
60479
62889
60048
50791
78243
59109
59380
55212
68071
72783
59576
63948
60866
57419
73962
55711
61355
57336
57613
63393
78647
70195
59784
56149
65273
70945
72272
58264
64901
61960
57634
71279
80197
58587
60852
71427
58815
69633
59308
67480
59302
53636
52392
58502
75938
59199
52247
52175
67339
59766
61040
58578
64083
61755
57090
62055
57002
49766
60803
55524
69180
67482
53806
60669
72372
60094
56827
60774
69420
56449
54875
56415
54800
57359
64886
54696
60625
71520
64127
58554
65099
60224
66381
60840
67621
64692
72879
83641
67696
56524
65930
72052
58146
65886
63347
52868
60044
52317
59259
64683
61474
62164
72727
60702
51191
58562
52026
65095
56080
60908
69280
67908
76992
66608
69355
67773
68139
86373
57224
60401
61045
62954
59955
58698
61420
54361
66753
67632
46408
68299
69595
53350
59873
67303
58894
62788
70521
60328
58328
66040
57613
64072
53982
57123
43157
57718
57137
45709
69785
51310
64537
63179
68066
63965
71587
55791
60577
65870
53955
60796
59499
74147
61685
58150
60883
60525
61834
56367
65719
55325
57547
61429
58768
60201
66361
68494
56532
58895
67689
68692
59716
60896
62023
58788
57731
61128
65440
55398
72118
52969
69589
53830
60591
50797
70552
57815
67584
64624
79091
54750
58694
52806
53272
60716
48718
61264
64948
65298
60769
62437
65147
62468
63300
56552
76431
54764
64233
60568
67580
66606
65070
53712
65111
64081
67469
53965
57640
50568
67470
62856
53474
50855
54435
52784
69578
73635
59600
53858
60602
53961
74558
57056
74175
63980
64447
52239
53288
57118
72466
57419
61980
62716
56109
71045
64657
51572
68774
55984
56399
60918
50677
69621
63067
58951
57942
84368
73767
65605
60787
58558
62165
66703
73037
66526
52786
56729
66903
64693
62502
55238
60527
57409
67455
60837
65727
63138
52444
57801
59567
64425
68362
56682
68908
66702
67580
70417
63878
52922
59922
58351
64549
59012
61235
61647
65656
52971
75177
56595
62538
61709
65293
65134
57702
64304
76888
61702
57444
59382
61666
75101
56471
55895
55444
62224
66036
71772
58926
56326
80558
78518
80751
57243
54900
68760
60910
61640
59341
61183
59819
62992
68201
51314
65973
66183
63764
55852
57677
59258
70536
67308
62304
63818
59763
73720
55841
64020
53589
48555
63998
62160
67190
62798
65620
71066
62075
60613
65736
58427
62556
58854
68899
64113
61374
65106
68835
65745
54120
61973
58303
52922
63038
67657
66523
78634
64461
66496
65986
57678
55664
63756
63260
65008
61074
71012
78358
54520
57984
55980
76203
69548
68181
59463
58869
68552
61051
55860
71855
63852
67006
69165
66430
46922
57065
51756
66353
61939
59107
60509
60255
50276
54507
59406
62379
56617
59947
61913
64639
76294
58960
70323
60095
63731
60877
72761
53028
58464
54803
68825
59147
60106
61727
69012
58396
66320
56116
60710
69625
65120
46749
54387
62543
74146
70392
79668
67291
65987
63763
61351
76688
54811
59797
57221
59565
61966
74876
61140
66835
60101
53743
64798
61837
79756
72304
68432
58744
58789
67945
61389
61581
58278
60156
63041
79722
63970
57113
76660
58318
69942
62616
61821
65099
64960
58127
50418
66718
62695
62480
67819
68164
66370
58932
69073
50527
60099
70831
58770
72443
53719
65396
53946
68712
64155
49391
65525
61913
59434
83061
61477
65275
65682
69463
58381
60400
65326
67062
68670
53543
69395
59831
55826
51234
74751
64761
58403
49943
66232
68584
58265
57897
61234
58575
56091
56598
53762
57676
59938
62474
68862
70365
54084
60415
57403
60260
62249
67777
62607
52233
61366
56594
61197
50222
86267
61445
67180
48493
57327
70872
73853
61734
49966
62777
62068
55664
61302
54186
63660
64116
65019
76599
61909
60098
53490
71929
66995
73156
60858
55281
64896
64016
58796
57960
54340
66119
65153
68198
55416
77657
61407
56294
68042
58715
68047
58369
52264
39932541
