99589
95067
115115
128118
93410
86279
97794
126718
96651
107643
113564
97350
98947
86799
124121
102995
120219
97600
96706
106830
115798
93018
102540
118235
88223
101151
114279
88066
115834
90354
94924
82138
85580
96040
94953
107749
108372
113211
111154
119478
112629
96797
100740
100120
124234
90193
114479
136157
81500
147371
120375
95422
113345
105033
103428
113488
105109
117237
114157
113082
104637
92992
119264
106632
98989
98727
100083
93186
103666
104169
109932
97194
121182
111404
104275
108594
93843
111688
119062
90959
95371
97643
103234
111495
102528
99137
129795
110901
83375
112654
106571
98455
143834
112638
81816
117516
132855
96344
98510
107610
116721
91976
95967
106452
104103
115332
99580
97153
92031
108704
112847
111966
109836
102981
103937
110930
142771
101406
125241
100160
101040
114553
105048
141704
92298
97195
103250
112837
121538
133831
99659
88432
109417
116107
93402
121683
101377
123104
106679
135370
153889
93590
112911
113592
98211
122283
91480
101202
100842
126382
105218
82393
110078
109460
118633
90597
103925
120585
101887
115862
106069
117874
84020
98088
131668
113504
93017
119986
103878
99708
99201
120114
100282
106610
139423
79087
88235
87687
102854
118578
120620
91567
143588
96890
89814
104898
124332
92980
117741
101707
97803
103333
88192
99575
96577
94360
102661
101343
108701
75704
110336
116593
87691
121024
111465
93300
111680
98339
95432
117971
93660
117433
85284
102612
107510
134239
113100
76091
126685
116211
104492
123601
87703
92591
88617
114557
116043
105168
107410
102267
105976
101861
92534
99404
154082
96257
117113
122156
107087
105133
119745
120052
94524
128803
123784
81736
116556
122217
97920
99699
88718
92839
106934
100791
112706
92451
97796
87458
119511
115240
102229
113729
112369
77960
115372
91799
99625
93078
116964
92818
108066
111927
117908
98551
86881
96922
92078
108553
105658
101483
88703
108588
95689
116432
81496
94511
101802
119057
137854
99182
98906
94454
99288
119319
93633
128588
102421
88817
98441
98432
105840
117554
101736
85146
88188
111871
102759
100506
106447
105305
101290
109233
85285
91183
132377
110014
95735
85946
105077
102711
33828149
