66645
65681
59900
61083
58005
67014
73365
69044
65610
54706
50287
51870
67391
72895
61570
64207
66123
56813
63294
62485
59836
60469
63561
72338
56958
56553
60716
57960
64860
62348
66356
65577
54082
56255
58830
54832
70640
49103
59120
62211
58921
56595
60749
62378
73733
65229
55534
76438
58425
65446
61281
63157
56732
62223
56931
60798
58371
66097
57285
63403
47237
59344
52502
77824
69411
58892
70497
54515
63718
61130
57022
60645
62681
61715
63827
69553
51346
72920
63127
70577
70565
53484
62781
74263
64426
83895
56666
78427
66445
59540
57693
59526
61088
59787
56783
58469
61947
60187
73838
57037
58150
58312
54522
62152
57005
66323
64498
51735
76294
60642
68972
61729
57335
48718
71717
61968
68261
61549
66246
60479
60815
62284
57445
62913
62105
61743
58007
55715
61719
56270
59185
56857
64015
67120
51294
60452
65311
71681
60222
48062
56625
58920
64423
62195
55973
57939
60395
67133
65083
64227
82281
55514
55819
60781
60358
67423
52662
80075
56149
67150
60708
57253
65708
58544
55620
73143
47587
75413
70483
56967
62637
57936
63063
62622
59839
54902
75436
61789
67729
59581
54806
63291
69767
57941
54110
64042
67143
66416
64142
51808
44862
49569
71282
57771
68382
65179
65769
47153
62062
74142
53290
53657
59223
64661
65381
65351
53533
65713
51185
58785
65077
65708
63709
61935
65418
61916
58764
63825
61933
63470
81876
69930
55149
68454
61318
66467
68528
60772
50230
55028
59316
57990
68143
56418
53619
63486
65129
70620
51240
67386
64763
58485
72179
76512
53953
55751
67468
61169
62751
63912
60458
60798
65022
76591
66344
56570
59186
62762
65910
66953
54985
72546
60016
59011
50597
65631
66577
49578
73115
58284
64906
65646
73072
66481
56596
60443
70325
69427
72952
58855
62225
67886
58927
61647
61675
72912
54699
66267
54745
59378
50633
78772
63023
54957
76869
57899
68880
59486
78170
60092
74060
62026
57010
65712
61103
79725
62995
71346
64800
61280
56967
64578
83871
63554
62641
59732
58821
62506
53905
56562
57743
60613
73212
60186
64896
63443
52439
60160
69426
62282
61678
56327
72210
59973
61574
57298
67112
54091
61805
65898
65653
54810
67013
56265
68943
66096
70278
65868
59207
60036
56470
70456
62620
67801
61312
61790
51894
73070
58991
72736
61614
60420
70092
84109
66976
50454
60520
62680
49937
67912
56976
71743
67628
64789
60344
55350
55386
57513
56143
59657
69682
62157
71045
76142
62142
71421
64829
75903
68026
58912
67704
54562
73291
61889
56276
66483
68368
60593
56802
51049
66134
64890
60632
73084
57045
70469
68668
58109
58438
55927
69545
61737
68310
61530
55621
70237
59214
61688
60333
65904
67597
69745
67675
54377
65055
65190
59294
64874
60138
50967
64273
54728
48111
60601
58741
58568
59913
60520
56796
61405
57233
65014
78667
62229
65721
58760
59873
50166
69852
58906
62703
61124
57995
55174
60231
48038
59607
57692
48648
60531
61031
61295
62553
66216
70569
56206
70647
57275
61941
65370
71950
74827
69414
67217
56027
64613
53592
56923
63751
65116
54075
64107
67828
60884
61849
57564
59424
71343
57415
57960
68039
64328
54128
58632
75654
54955
76086
61948
53924
49273
63938
63603
59900
64707
56270
50767
78973
65117
63425
59875
58672
81492
61714
50633
78928
78536
49561
69188
66365
59279
49990
65693
62804
61972
69159
62796
55461
54893
67907
61158
68916
60856
59447
60005
60088
61136
69710
78477
72037
50665
55586
66175
50293
63117
46830
56854
57065
52087
52250
70740
56333
71912
77170
64087
63297
61797
81422
57186
57578
69554
49858
55472
60462
74111
55523
64513
65821
62617
71715
64526
61840
52929
58403
52401
63690
65018
58774
62832
52231
60391
68315
58944
71167
72605
85705
52848
67922
60660
55623
66455
72175
68010
69764
48643
60887
60224
60953
77602
56726
61107
63464
71158
56664
57030
53613
64336
58100
54054
65964
64750
58528
63874
59156
59838
57775
76699
64002
63217
65581
61109
66085
59554
64155
71763
61720
66715
56284
58502
67089
57240
56687
76748
59749
57746
66201
62941
64873
69315
70545
57543
39982407
