133880
129523
87100
92855
81925
118078
98097
110824
110345
99284
112471
143178
90528
91521
98287
91075
100562
103977
104384
121309
111345
125656
105609
95394
98781
115136
96299
93920
106242
112371
96866
116416
128611
124002
111880
110496
105630
111842
100604
110085
111157
116833
106210
108708
100638
120335
107175
83552
112902
118652
122852
120696
108450
105106
108049
127660
102737
123524
131209
98099
104055
135427
145808
96568
127660
98965
110998
100879
98272
88532
109436
91311
102092
80189
120510
118030
115013
117135
113352
100287
88222
102749
120108
99049
97650
109947
97702
134128
87584
93829
108172
108810
126143
108254
95921
86671
98757
116387
113438
120905
125038
119231
95288
96044
81469
82078
83380
106593
100639
89124
118942
142437
98969
131019
128522
98616
114530
103298
91636
95617
95434
99626
98999
95599
85394
98717
106447
108422
135906
100682
121175
110017
111709
106614
104408
107850
94997
110871
107979
124502
104448
107062
115053
115806
94226
115309
92419
92125
104957
99309
89753
89753
132380
102678
111029
77062
115451
128976
110530
81993
122799
132691
87065
133856
102666
103675
110747
135794
91569
81820
100834
145511
96432
96314
126759
99968
91632
111521
105413
113574
91480
73236
99316
147253
91778
117823
110538
100972
126464
90329
113967
113469
79649
84786
101716
110686
108368
118888
161654
125294
90775
122197
113345
85724
107846
125742
115903
142740
113607
129548
82875
94866
99861
107889
97581
110705
84888
106018
108261
98925
113711
145102
93537
102117
106197
123937
111382
71450
99184
116682
100536
101874
135372
124174
96894
112557
97068
103404
115896
124507
120901
112213
103430
95465
112256
114432
118386
99865
111991
116099
109228
109185
97283
110346
122175
100488
115262
124031
111522
107449
95782
96687
108963
105903
117288
131114
92512
104170
104678
105167
125835
92479
98798
105519
105584
97821
124836
99358
94711
115237
109533
124021
104980
121708
103297
108879
119081
93678
102511
134560
101919
125597
97209
91642
136233
102529
118558
105148
118659
102459
102167
112669
101441
103172
101044
112939
101637
131153
94985
112231
92286
96415
87077
133618
97635
71142
80527
70302
64167
57457
34301911
