138066
101512
88357
104812
107350
90779
107014
104918
96010
139009
89467
112651
92757
139096
119007
111381
154494
122984
115295
102504
126657
108441
94999
100332
110321
101573
125791
126521
118184
100386
106964
93095
127435
107822
111716
105245
97241
103879
115957
111755
84690
123995
98791
110501
113030
103964
88677
96983
110736
110409
103389
120194
92775
99906
115854
102533
120361
98389
120439
107363
97176
96786
75775
91865
127943
102697
125167
100006
107587
130699
109159
139866
114090
99908
119964
112873
102680
100537
120232
121381
84302
123475
93942
137208
103922
89919
120731
117608
99270
114202
97028
106590
93662
129077
119134
118367
107306
84895
93254
125155
112089
134482
81838
107400
126918
108044
114743
87361
159270
117722
102459
99013
107070
99692
106040
112878
107833
87882
86152
86732
78430
129439
106895
80287
102990
97154
132553
123346
103637
124244
132198
133932
142045
109061
92495
115812
93013
119276
97920
105980
86102
98785
123625
105476
109497
98566
95748
94708
112298
78656
115320
97260
99927
124606
80092
132769
116922
121220
109723
111612
126916
94365
122130
115978
77949
145211
108009
99145
87121
89926
127134
113281
143016
109476
132519
95643
135358
110521
121009
92510
86937
104963
97582
132709
114421
118859
94117
126605
94855
106377
91379
105617
111800
98613
107842
77473
109318
99955
100272
112394
117135
108981
97296
94614
96198
105105
94006
129810
116099
110222
95473
85637
97255
123710
121154
109419
123857
96186
105191
93388
126250
92070
122753
122849
98869
98911
97179
105972
106739
128737
111498
79510
113164
109258
94890
97295
130744
91860
95000
99271
78592
110365
138921
109291
102509
100868
108798
118085
97789
88864
115168
91112
116462
117354
106526
92371
128143
96000
110647
88442
117430
95338
100093
127256
133493
120434
139595
106813
104718
98098
92239
128159
85616
118455
94826
114758
110254
107947
97970
108144
122753
140473
118934
95157
111734
96353
109690
111762
108664
96307
130710
82146
101950
96750
109674
98351
110496
96218
109107
112408
111417
110005
96143
115264
116974
104631
103678
120650
94384
105853
104004
109490
135564
106634
86066
74649
94726
92668
56837
57440
34446948
