204761
136347
123094
115286
93133
131594
115608
106388
94036
106681
100526
102764
94706
124053
104876
107247
115150
121446
77755
127912
119679
139218
96235
137068
101637
110419
116077
88214
101053
89126
102135
102814
134637
92291
102667
108249
126600
108541
117823
108552
91009
122076
82845
102105
102277
101923
96213
115850
116941
118789
94635
117438
94457
87981
95287
123828
103233
104292
117970
123264
74211
86217
107836
93377
130445
103104
84138
112947
121445
88483
119111
131814
102956
112083
113438
96799
116234
103448
91843
122718
101697
103652
104989
114399
108769
91110
106661
135914
99972
110741
116052
123173
106694
104861
90466
111560
84979
130908
103770
114001
94425
96368
91627
113804
109268
124194
122153
99368
107989
99787
110347
90473
112788
112909
103771
78438
103112
100901
113497
114599
102531
118614
121101
130583
92821
102844
122599
93520
104534
91159
120948
94673
133928
88934
84714
109207
90968
111795
92371
116083
97578
93500
112411
97669
108182
100586
107910
109521
115399
105183
128760
79270
112801
116065
109189
119017
92142
72777
72936
119978
100290
109823
103969
128991
114276
116550
127329
100192
126327
82833
115594
97004
90862
95233
97931
164424
91868
94766
93761
105785
78844
101854
95895
92151
90506
105133
103336
115983
111809
99778
85275
91410
101374
111171
111737
92099
87441
120670
97359
151657
87693
93594
112409
105023
95829
105224
102431
97358
105735
107089
111589
135914
107357
123326
112340
125667
134743
110906
106357
86095
93590
107205
88103
93286
135123
102121
92825
87612
116297
91042
89566
111709
103845
104098
94964
96320
101054
107741
104593
96156
105213
105221
83957
103971
117242
70841
132740
103004
131948
122868
102650
103415
103736
97077
141631
113618
115601
103412
105894
81757
107426
117750
85966
108745
133978
108874
112427
102679
104327
124355
104609
110136
133793
88073
113085
111102
119709
88377
95403
116272
99682
136077
95932
104696
98190
114581
97301
118759
115009
114392
114482
118359
143382
110092
133231
81956
87274
111370
94412
117896
89685
125705
82387
103480
103748
110249
114029
97552
110266
128445
117506
108873
98619
102682
86318
136557
114692
97934
94549
91448
34232343
