54940
55202
57338
54338
55634
47164
45096
53594
49622
47806
54871
48192
45797
53476
50200
50282
48531
51476
49767
54261
52035
43780
50629
49807
48729
45554
49728
59349
53794
54861
49740
57943
48987
49483
47656
59087
48856
51346
46877
46820
53707
43340
50810
47192
48674
47882
41461
50283
56256
50488
45739
51222
43940
48055
45277
41608
52659
46588
47102
52645
46373
55297
51486
59509
46882
49429
46872
57275
47468
54008
53399
49889
46776
52575
47383
46339
52945
48725
54003
46614
47952
51002
46324
51431
49543
52270
51207
44955
53926
48594
49325
46607
44314
46778
55429
49453
54570
45066
51450
57051
54505
44926
45980
51475
46448
55167
49649
48509
52416
53275
54206
50664
49772
49316
41585
58381
53656
42478
55143
50853
51830
54123
41411
52807
45406
61926
58128
59067
46546
46632
52661
49861
49657
56836
46830
52281
47937
48368
51549
53447
51833
45122
48421
48201
42576
54834
50992
49504
53335
45589
48789
48448
50502
52281
43102
51591
49101
46535
49620
49949
45596
46501
42247
57135
46546
48847
49477
52608
59231
48062
48329
46995
54384
46782
42992
58168
52416
46077
54918
51038
50857
50381
55164
48167
50517
48586
44995
49221
51651
44627
55113
47084
49889
44371
46397
60771
56578
55617
47425
54466
51534
50910
56143
53127
51746
47848
55323
52228
47663
55071
50453
46238
49257
48943
43691
50899
52839
48671
49540
48303
46179
47297
56721
49932
50064
49630
48110
45729
56838
47751
49299
49257
49748
54235
48919
51350
50897
49881
44350
58141
52451
50896
55706
50898
49160
44841
50911
54428
42126
47373
42707
50363
55043
44136
51310
48511
45805
51839
45272
51495
54662
45053
46376
52204
49140
47421
47018
44028
53705
48291
50828
59214
56390
52793
44360
51456
62481
54865
49894
48844
53284
45336
51110
48989
44164
49242
47149
48725
53660
50987
49654
48402
50444
53794
54477
47761
49933
45282
52099
50549
52156
51289
49977
50928
53610
57996
50722
54184
51286
51753
47612
48566
49269
57285
46021
49265
50926
46339
44341
45608
46999
49507
53133
44724
54726
47043
49246
48915
49932
44382
51074
55552
52273
46055
47598
47814
49405
50640
47473
52942
58690
53744
46652
48518
46321
45226
49517
52795
43150
44937
46010
52086
45121
46208
50815
57546
45836
51790
45507
60337
61139
49704
51452
44749
46397
47925
60935
49606
45305
43375
53828
50741
51627
50916
52205
53901
51043
51266
56371
46742
46180
54235
58540
47908
48320
50442
45370
49809
48222
45305
51275
54069
54911
47074
58081
54478
50173
52316
52730
55574
50325
46101
49172
54881
55568
49373
51018
65174
52358
53447
42120
50849
47315
54034
57866
46947
45670
52492
54300
50779
48045
51915
44783
49155
51404
53460
58985
43288
55278
53782
51633
46312
46935
50221
47486
45480
55970
48366
50168
52158
45979
51393
47712
45942
50359
48886
49109
49004
48374
51199
49031
54493
48679
47626
46752
53575
50220
53600
44011
51067
48678
57446
52752
48681
55676
46607
51121
47674
44147
43615
54561
54029
54117
49209
50758
50433
45244
51029
61486
45537
45032
51169
47061
51003
58975
56146
49692
48102
48791
53451
44414
50226
50751
49845
47665
50439
51004
56651
56409
53530
45939
47460
43026
47055
54924
42322
48108
51639
48868
53900
69416
55168
54282
51551
49068
54079
47372
54038
53395
46106
55349
48403
49751
59674
47383
50219
47113
49118
47427
46327
50731
54140
48791
44511
46453
47736
61201
53716
49685
54331
55470
55105
48179
46151
43864
49801
48949
51888
53520
51501
48951
48540
55738
48132
50049
50214
43811
46828
47092
49783
53013
45368
51293
48994
43017
46739
49285
45012
52281
45589
49381
58988
44572
53615
58670
57140
45474
54109
60296
47300
45075
44860
54774
45271
50226
48447
49086
52693
41740
51298
49069
48818
51670
47959
48015
50310
45899
45907
47484
48767
61368
49480
45030
49827
50288
48328
53499
55932
50473
48957
52255
53383
58081
52522
49719
47212
45903
52870
52688
48890
49656
53273
52596
50222
65628
46937
48692
48583
53544
49884
49516
54101
51713
45148
52756
58980
50700
51177
50760
47670
49968
54793
48515
50873
50904
50403
52333
51858
48988
44900
48035
57135
54953
52410
47585
48328
57045
48892
45056
48003
56877
54592
53648
45785
46492
49783
47469
56325
53621
48139
44098
51852
53166
46927
44533
47625
55700
62946
52185
46821
57828
55904
51131
53767
52301
51765
49628
47847
48871
47949
45469
47198
48101
53984
55151
46538
52868
48905
46916
51772
53040
49769
48205
46132
48314
46392
50292
47373
54181
49037
47913
47945
43315
51440
48178
48577
45901
53450
45188
50218
53349
48936
53461
44741
53038
50128
50546
50717
45471
48762
50522
46772
57169
45595
48826
50720
47516
58170
49734
54699
48517
47699
50176
54441
56411
49795
49454
51570
48195
46907
49208
52678
50735
55193
47395
48073
45635
53294
55836
57778
57018
46528
46811
54889
53756
49314
48041
51530
52334
46644
51273
48715
52878
51883
48816
46451
50824
48778
46773
45757
48736
45772
49593
53248
58376
52558
55810
57107
46822
47841
47578
45758
44271
52824
46156
45924
48396
45341
50569
53473
48374
61700
64463
51043
49188
49813
49214
48345
50900
51419
46586
53720
45629
48581
55214
50555
49121
45853
54082
51858
53027
58783
57509
53030
52042
55617
53637
50569
45893
58310
44853
51342
46346
52785
51827
48220
50330
57679
54606
52170
50419
44997
55014
49944
51202
54297
47540
47354
52891
55888
46985
46668
45469
51344
52837
44336
47347
51087
45289
48962
52102
48416
46799
51694
48399
48018
55139
48548
49336
51700
49359
41576
52824
48745
58428
46365
43077
50368
48832
51978
49269
52900
50630
50759
45003
50051
54411
53493
43955
59646
49419
46888
47903
56362
52651
49908
51147
58267
50469
47308
51598
50306
53997
44860
54853
47760
50381
45610
48775
45644
46067
48343
58870
58891
51169
49872
46085
51155
42998
51800
50798
55124
53272
50026
53803
43992
60014
53038
51869
43031
45895
51751
60450
55291
54714
51054
48900
56130
61830
45210
51854
56605
51331
53456
50306
49280
50859
46316
45302
52905
50677
57834
52447
49733
50869
51818
47971
48569
52321
52757
49342
47727
47673
50128
45256
48426
57316
49664
59529
48373
53817
47505
47391
46511
48274
53555
60270
56278
47111
47251
52862
43595
50965
56387
46023
48725
47339
43766
49124
49007
53858
45730
49090
49410
44040
49010
55039
53768
47494
50543
47952
49100
54610
49307
46081
48914
50393
53541
67394
49399
50578
48575
50082
46762
51963
51059
48679
45213
46327
47251
50707
52218
44770
48553
47871
46962
52252
45511
50127
48829
45144
51684
49237
50097
49657
47841
48595
50775
47729
52060
45594
50638
56280
58927
47737
54636
47887
54349
52886
47064
52320
56440
43846
53233
46581
50438
44757
49606
58196
47455
47422
43478
43944
55036
53584
55554
55605
51343
48081
50026
50887
52348
48222
51000
49418
50919
55763
50405
47762
49023
55934
46894
49524
50672
48018
49923
48828
54372
51787
49611
51475
47152
49179
45676
50035
46613
53067
51103
46099
54092
51887
45465
50013
50225
54993
47463
46722
43255
49963
43230
49377
45083
48208
54066
52628
54334
57797
49173
52424
53295
49263
49526
42312
49872
50932
52335
54667
42114
52604
45598
54803
53508
51952
46670
55742
48075
49210
55537
52208
47392
48177
48089
41162
57488
54351
59578
62180
45630
56486
53086
51461
42787
48553
51354
47766
51443
47003
49811
51329
46354
48391
45664
52100
48148
45861
44402
50282
53463
48271
50082
56703
43769
49047
46090
50779
45749
49891
49168
48300
52059
45633
48219
55265
50191
43421
45186
53990
46787
47538
53916
65323
60724
53367
53366
49547
55220
49584
47732
56909
47168
47695
51592
49356
46589
51941
52628
50914
54927
54881
57789
55723
49937
50722
51360
49935
45077
47400
48567
47931
55073
49909
57344
53430
47145
61182
50491
54566
54879
46977
48251
57254
58896
49894
53040
48452
46961
60936
43221
52369
48430
48559
55099
48867
62713
47693
48330
45135
44222
55926
52841
43998
49149
56270
58099
50526
60170
49545
52736
45258
47897
47113
48796
44532
51962
52226
59972
47388
48750
47482
46708
51645
47008
45445
65616
43635
58361
45069
49546
45501
56399
64516798
