73226
62476
60271
69198
60238
60672
58168
52052
73581
52884
61780
55299
84874
52099
56666
53058
63035
63161
64835
64744
58361
70248
69401
60874
58343
58453
74665
52629
68112
55702
56675
65611
59297
60099
62937
60086
61860
49835
76474
55938
64789
58193
63151
69090
60251
55114
61404
65848
76460
60009
70214
61191
78629
57186
52788
51753
72343
68079
56215
62635
56687
60500
57536
61309
79013
62203
60154
60787
66311
58349
78098
66536
62170
72743
48506
56720
68522
62244
50550
54766
60412
56673
65285
57696
71015
65189
55410
61023
58542
63083
63223
64426
65127
56503
64776
55405
60044
59946
64151
60779
49441
64066
64438
55058
71619
60311
62842
64800
72624
77836
54326
63344
62257
63132
72316
59485
59901
57735
63848
62785
49168
55361
72421
52554
62967
57747
59531
59358
56638
63716
51680
58332
64032
66261
58197
70290
70325
57459
65381
64664
54546
68030
55665
64190
63776
73285
67847
59098
53508
62990
58483
71718
61915
70042
64511
60594
61843
80255
82054
64207
50107
66497
55864
53170
58650
54971
72064
50119
65780
70845
58077
68318
60683
63919
65700
64423
62057
75194
59764
57103
57253
58822
75648
57837
67333
64916
53930
61057
59433
65754
60601
60712
71419
61020
61518
66651
63732
53633
58660
60064
58543
58932
63404
61023
65494
56428
63013
65785
56900
71314
55208
66319
64788
75361
56798
65488
65685
55982
57785
71319
65527
63256
54459
59593
65593
58921
68936
61865
66141
51055
60879
62582
68735
59111
62354
57415
66354
61896
68287
63502
67111
60221
58628
67935
57053
76016
56383
58399
61963
63274
60916
62628
64375
63618
67911
55178
64474
62146
60732
50290
67656
69775
59030
65966
65032
51966
66914
47824
72224
68908
68233
67405
59263
52175
60559
62882
57542
62398
69267
52122
62195
58580
71925
59045
70854
51716
63773
56088
58489
51402
57453
53656
58181
67786
57421
73836
61527
68094
61729
64315
62367
53615
61071
62288
65569
62502
54649
71112
72499
58341
64013
61246
66434
59307
67760
70936
67710
58998
64041
61489
50846
46708
59813
63728
63860
71419
60645
62999
63302
61899
58282
75659
60301
64116
63047
64932
58688
66805
62709
68083
62783
61210
56853
66244
70603
68305
74517
52899
62938
54939
53035
51723
59235
65416
50305
65311
54264
55260
53811
61356
51732
62254
70803
68835
59582
71501
60741
48031
64440
61294
63890
58375
64205
71255
56824
86983
63038
59478
72732
63235
70721
64338
57237
55917
64551
53409
61828
59192
75714
60954
56493
64532
62813
64132
61189
51575
59852
79282
62543
64445
60953
62307
70529
55338
60325
54701
74886
66015
66755
70668
57356
49494
52798
65860
59689
67119
68941
59703
64769
63104
63154
67241
58385
65438
68268
59063
59177
54677
65690
61904
73938
56015
60659
59042
57724
59098
60658
66671
63243
62869
55090
62503
65966
67460
79484
66794
59775
61680
54871
58888
56833
87265
58582
61932
63636
79993
56633
57700
53428
67286
54651
65007
61043
58271
57538
64352
67519
50099
52553
64314
62933
59104
52440
61381
63156
64759
65397
57490
65774
65754
67942
57231
61582
56643
61852
63985
68469
51477
63187
55405
74854
56652
64114
58946
59366
63442
57325
77155
71891
59986
60934
65604
68986
54003
61819
55233
56952
53396
63110
66006
63375
58667
75780
52701
52244
55639
57051
66832
71093
64105
65577
66573
67662
64044
60946
56383
63820
60846
54455
59831
62170
67586
63460
56434
74941
50205
76166
57635
66173
62827
60636
56877
56440
49742
51509
64939
62922
63906
60300
68650
62334
70975
60731
51619
63873
56142
56291
59314
58957
74010
64888
58770
63585
53158
65164
49625
54650
52271
61616
63187
51544
81902
75171
59341
70457
71888
65333
59044
50594
67006
55235
51057
55474
70564
50300
73379
80343
67860
52747
58020
66686
54393
63140
67168
70000
61223
70158
70257
55265
56611
65835
51550
64240
57265
69280
86956
57017
63716
62356
58720
52897
67552
53371
64208
65586
88320
65094
56913
64966
64950
62474
74825
64795
63681
54716
66409
58687
71005
57517
59934
54813
65418
68257
64784
78009
57610
59298
70312
54934
56011
39886847
