79078
59468
74393
62079
71570
65447
62842
65061
56490
68121
68332
66192
70836
64759
71145
53257
64012
73350
59346
75095
53837
69710
61290
52791
61423
57456
57348
50047
63422
59585
58637
62648
72388
71133
61346
55671
56805
60292
57002
59748
61434
62255
62666
60623
54051
72969
59306
55616
67657
59694
60782
56004
73656
58452
66304
65783
61733
70574
55690
61700
54439
63649
62887
64730
59431
54226
61356
71070
60491
56049
65881
55847
61212
73506
81030
67911
79022
58775
59443
54482
69306
57623
60072
73978
69564
58127
63955
66478
63714
55084
61648
69171
53045
60621
55564
61830
60000
57486
63750
71550
59024
59781
74144
63048
61838
71210
72302
55709
54789
66734
68003
58985
81346
59461
62515
57607
55654
64728
56998
62620
55512
81607
65417
66909
65091
53069
53875
62556
65797
63783
64039
70248
60591
67317
57898
66784
59504
51431
71337
58562
59616
62040
65102
69712
55565
69277
58715
59074
65773
66839
47504
61334
60019
59051
67701
67991
52842
62890
70569
49691
62563
53678
61717
73854
51532
65305
60746
53253
59103
59989
62833
66787
66404
64865
60866
48993
60592
59484
57856
58608
59524
57882
63814
69834
66465
56262
53409
65287
61236
56312
51267
57464
57194
69359
63434
63661
59495
88911
68806
54178
54904
61396
53374
67975
60976
56145
56156
58493
52844
65818
58856
48730
60033
61795
72347
55767
59611
52246
51855
61983
64065
64603
65881
63857
61479
65225
60113
55213
64625
63378
59939
60857
56363
57907
65501
60756
59391
55858
60186
51949
64707
77058
64784
64560
54694
63030
62351
64558
61706
70280
49423
58222
63717
62711
58669
54184
61575
55416
73426
55685
65939
55722
61544
54379
56790
65514
53072
70745
65994
61070
61794
58244
55121
58095
58810
58302
70903
65183
65917
71939
62235
87001
71289
65806
56881
63522
60656
76547
62498
53051
81468
55656
44912
71116
59053
58605
71122
53402
57309
64444
57678
59376
54235
72385
73005
75764
64158
56085
64172
61249
68302
58273
67456
54865
55327
58251
57695
69189
68379
55332
69443
61470
54945
54821
71615
56764
55294
58678
51719
66391
59992
55293
67427
59959
57890
71954
60600
70111
55397
56050
69019
70856
57543
62452
68082
61417
54525
62721
63120
60628
66814
64704
59094
62375
58257
57365
60562
51758
52825
58783
62438
48282
63742
69696
74581
63967
60782
57401
62216
68520
66052
60934
51749
58521
70957
59267
61071
71929
54786
57741
63438
72697
51990
63599
63498
62936
62221
66599
51472
50852
66027
52620
69874
67263
50721
76448
65245
65804
72101
69233
66164
71512
68361
77598
50308
56387
55929
63348
64206
74264
55265
70779
59573
76599
59382
47656
56334
70651
62320
62791
68628
65454
65139
57189
61657
58219
61744
65774
56584
61688
62874
49781
68019
71946
57233
73098
63622
65552
57892
63868
70550
76917
69119
62777
69351
62102
59592
51444
67850
46766
65007
61455
67060
63757
62243
70832
57398
67873
56673
68731
57800
62896
64149
62805
71361
51466
63791
60671
74574
57985
54260
57311
62282
67981
74161
58115
60219
73301
61323
77570
61366
61679
63393
62477
55849
56067
59492
66247
62492
70394
54718
56995
58271
55863
59674
59065
66998
64053
62239
51903
58952
64804
70728
65856
59469
80183
57259
68962
78141
63618
60535
58789
58996
61581
57356
56061
61531
65410
58114
64792
65094
65968
63643
72312
69047
50212
73544
50104
62629
58111
84764
62465
56981
59863
69340
62532
74216
58500
58190
63190
58853
72039
65384
70257
75723
63454
62028
59822
79058
67242
51372
67629
79612
60292
74467
62828
57857
59258
71936
55069
57501
63382
71824
65852
56047
62914
47982
54395
68332
62296
57685
62514
56391
58160
55106
58869
62121
60988
61800
58540
64490
61012
60378
59076
53129
57425
60941
66517
56439
60474
56907
56254
59714
78020
57291
63512
64644
59533
59680
71885
80297
54220
56112
59517
62682
58061
59333
57159
54218
60256
70564
78885
50279
56063
61756
77011
59592
71993
72889
51849
60834
64126
68328
53157
55704
62149
61498
69954
84341
58307
63152
51188
58999
60608
73494
55539
64314
55804
53563
53662
39914009
