60793
52221
53938
54815
50795
49434
55096
50111
44132
55908
47014
49903
53080
50233
42016
61970
60013
45042
49395
44369
57489
48977
47718
49024
53309
47206
47958
58255
52119
50795
47633
47202
57661
49007
51307
52417
57998
55679
54819
56745
45708
48524
53361
58991
47639
46013
50582
52830
53756
49377
49753
49509
42817
50299
54560
44128
48618
54517
47124
48147
49036
46281
60853
58465
49993
50614
48598
51114
47577
52125
46889
52244
52426
52260
55738
51265
60618
47585
50425
47040
44839
53815
50910
45860
47947
47374
46410
50590
56412
47753
49892
48574
46317
49189
51770
53414
47989
45154
55182
50456
49435
52347
42397
52430
49691
46360
51325
47073
51915
54169
51206
45902
42302
47879
51592
46410
62882
52983
51705
44732
62469
56558
50118
54218
53799
51459
50673
52132
54042
45016
51760
49246
53832
49940
50629
50003
47587
43911
52731
45537
67217
49363
42905
62515
52268
50116
48405
50695
48361
45555
47197
51401
49412
47230
42915
50513
56211
50176
46156
52482
50133
50780
50126
57345
48286
47484
51275
44193
53793
46789
53612
48982
60965
46625
52669
59593
50271
47956
49414
49296
58721
45618
59987
57602
44634
49625
46742
53244
45751
53750
50243
49471
60378
53104
49166
58331
47973
51050
66601
52513
48035
47566
50420
47789
49172
50145
49556
50041
50287
52810
48555
50231
49841
44486
52805
50375
46843
50875
48443
45420
52381
56502
43769
52857
53866
57714
52296
56694
65590
58040
63101
50506
47135
47148
46483
47085
51309
54705
51497
44605
49118
52553
52451
46784
52629
52961
50358
51117
51463
44893
47467
54542
54023
49994
47507
46659
50341
50908
53561
50822
47593
51324
48178
53003
49129
47015
51860
47677
57477
50497
51206
51137
49884
54283
55180
54520
49203
53460
47576
46910
42327
51024
56009
47995
50997
55303
55714
51369
55762
53069
49010
51175
52837
60324
58170
59070
44142
50979
47615
47706
48025
49032
53113
44828
54781
47377
46254
59997
44741
54609
53982
46300
47074
57923
56108
51504
57828
53255
44775
49866
54041
51303
47812
49871
49207
43049
50592
45878
45692
50698
48564
51551
47674
46252
53592
46556
50325
51022
51679
60936
47568
49098
50269
50210
48109
56827
52183
53209
46092
52894
52692
59188
44294
52460
50210
55329
51072
45015
62389
58897
48910
53012
49403
54898
49795
50112
55667
44693
53549
51161
54491
55553
57283
49331
42296
56194
49900
44869
57456
48377
47814
47044
49681
54483
41964
52543
45176
49343
58044
62282
48377
47753
50022
45154
47421
53554
49714
48087
48140
50037
49950
50330
47881
55380
44001
45429
53771
52843
46204
49539
55832
41034
59593
47651
46061
50920
50223
50127
53144
43299
49686
53945
56127
49329
42289
66559
48490
49100
49925
43179
47376
48249
46157
52961
48015
49313
48000
48046
50651
46048
51698
50909
50561
44789
47787
50342
50796
52413
55420
56751
51663
43148
49819
55082
50102
51949
51508
53322
50091
59859
57506
49446
45917
50050
51127
58159
51792
56637
54949
53919
45534
48269
43642
45389
51773
50368
49750
48057
46247
44780
51571
42580
60226
49253
46688
49930
43588
54040
46438
54576
60473
53782
51942
44355
61654
44862
54141
54652
48750
50702
49865
53151
48528
46745
46560
52311
47558
48429
53405
46330
53773
48047
48058
47015
48926
55856
50766
50289
46010
49045
52891
53662
49920
48286
54320
50952
45289
51646
44322
57461
45746
46744
46803
49553
48505
49383
52733
45562
51620
50810
57429
49872
51481
43773
42977
53471
48815
47936
49762
45706
52463
47901
54609
54466
53432
46877
45666
49127
46577
44269
44873
54798
47812
50361
49607
57640
43867
50938
48243
49403
59120
47491
53678
50913
56625
46867
49830
50657
48902
49093
57787
60006
56945
44300
51248
49430
45826
51409
44283
59011
41406
53007
60718
55424
51480
45611
45639
47845
47297
45432
47944
51242
48369
51836
49578
45142
46430
49854
46285
50321
49913
53491
49380
47077
45492
53210
53026
48792
44895
49655
48196
50719
49749
55913
61914
41901
60836
52353
52137
48848
50693
45865
55831
42722
49218
51069
43608
54941
53143
46728
49763
46155
54860
47964
52482
56964
45664
44713
48950
49683
44701
51152
55773
45343
57888
45863
45076
49805
54311
51172
54704
52180
48724
53739
59221
44419
50258
51813
55936
56381
44847
48298
51024
60136
54116
46177
52667
59201
49647
47371
48039
50359
46578
43844
43950
50871
52406
55064
46942
47574
45109
56294
57857
47380
48788
45631
49692
48851
48352
46266
53276
50714
46198
46761
49922
59786
53082
50987
50410
58219
50082
49266
46660
58078
59508
48312
59850
41903
48085
43632
49164
48871
47862
52759
53702
44164
47928
46514
54257
51317
46509
54441
47030
50796
47100
46546
56795
50595
54152
50932
48638
46068
54036
56686
51830
45807
61868
51843
50759
43489
57556
46382
50195
53815
44812
50803
53760
54775
66610
54004
52337
44973
59934
52631
40975
49621
43297
53089
51553
42919
61791
54499
44528
50784
55368
55220
51276
44914
57335
50023
50698
49781
55340
52467
50671
45482
48011
49764
48105
45911
55196
49904
51261
44142
59981
49177
49222
53966
47867
44668
54685
44989
49430
47698
55649
58382
50516
54622
48883
44214
48496
54181
46548
44256
49254
48817
47258
49639
53325
56841
61640
44112
62073
56728
47237
49338
50897
55718
42128
48529
54005
55227
54165
60071
55087
48317
47187
48147
49692
48991
47329
56093
44798
41305
55095
45850
46628
47307
49254
48421
55537
42458
50668
47469
51132
49258
47149
49859
45185
52970
49316
44744
61788
45001
44170
56288
54460
50483
49985
50919
48151
50196
47436
46161
64864
49373
49308
48146
48522
52009
45436
46056
53184
46391
54410
52150
53100
50285
52797
51365
59528
52027
40418
49197
58426
47142
53141
49234
45459
51010
46638
48418
48283
50701
45470
53374
44577
56760
50455
50358
48211
44876
44232
45519
59306
49109
47827
48984
54115
49028
44701
48977
52631
47869
49476
54135
44733
53022
50906
50798
46983
51486
49823
44019
61914
52405
51734
57065
50804
46303
50810
54157
58782
51219
54878
45389
53378
66640
54737
48243
53733
48619
49461
56328
47234
59708
52384
44050
56560
45863
47111
47434
49919
48567
56864
55240
46104
48058
50427
47997
52310
42431
45180
51194
50789
45518
45094
52511
51648
52450
44071
48586
47836
49129
55978
43536
51324
47508
54953
52085
46990
53350
45788
57570
47507
42581
53379
46911
51721
47591
49345
59418
47428
52581
47707
52248
48291
45237
56430
43257
50251
54422
48334
49965
45010
46461
50950
43073
52600
47408
46522
54787
51225
50043
47156
51639
52941
43654
48317
43613
52294
49522
51632
48277
46881
44499
49249
48480
47197
47081
51215
48120
54317
44872
53470
45859
46659
50064
44559
46579
51281
54121
53591
41232
53842
47169
45795
55284
49714
53829
48814
44957
47384
51510
47985
48852
45617
46096
49784
61243
48017
47220
52168
54177
50071
53376
54866
41909
56851
47952
47602
44309
53189
48714
52990
50048
53688
51533
44291
54870
51042
46384
43031
44005
50905
52393
50360
56174
45230
52450
51406
42496
56366
48750
45787
49175
44351
49613
45721
50124
47184
50024
53423
54387
41977
49534
52934
51606
44953
46637
44414
57262
45441
51162
47622
49186
46482
54350
54737
47703
51770
49229
49993
52454
56189
56187
48283
50798
54080
43499
51807
52143
49474
45820
49248
62255
49955
51146
48778
53977
47158
46708
50960
61388
56406
46757
45375
50015
52335
48707
52172
44961
55709
50719
47036
52411
58372
47204
46560
50043
58693
63202
52395
46602
56941
47786
52644
51396
41690
46239
48701
55612
50171
56067
52022
47286
53246
47421
63719
43573
46525
50396
47183
52978
52708
45613
47954
44826
45508
51948
49900
56065
49411
48413
55421
57530
52483
47458
49928
45886
48632
50580
49071
50498
48323
50247
49071
50176
54845
52067
55743
47819
47326
50578
47598
48240
59436
57170
53113
44831
54808
46081
45387
53636
50240
51024
48920
53875
59754
50281
54333
49574
57137
48619
44076
56602
46727
50953
56032
49698
45800
48286
50397
47911
55779
51601
47079
65080
56391
47080
51271
46071
49340
51064
48195
52444
50884
46646
49265
44018
51518
48194
47314
54573
46473
58811
46121
52146
51368
50590
64643449
