63630
55888
46471
54408
56332
53541
52220
48290
54236
45638
51658
54610
47861
42446
48070
45902
51304
43486
44949
46382
44547
60917
52752
51273
52955
46809
46105
45984
51849
59817
48582
55419
49595
67618
49875
49917
50270
50331
45641
51783
47263
54117
45477
54380
50988
51437
49884
47035
56684
46455
46472
54197
49162
46248
45390
48145
58406
51630
50639
47283
51470
52140
50637
47589
45632
52299
50921
50594
57803
48889
49972
54298
46599
54186
52618
56797
51425
50024
48824
53145
47444
42807
48854
51847
45307
47539
50083
47713
47312
46682
45819
57577
49289
49382
49803
56483
47828
51257
48428
48919
45930
46380
55478
52382
54271
60510
44783
46882
51014
47770
44857
52878
50097
48464
46252
44159
47671
45600
52547
57523
53683
48452
49777
53161
50831
46695
50897
46969
50813
51357
53891
48256
49963
50765
49017
49958
52012
56035
64462
49396
51502
49527
63840
47958
49322
43028
58369
55230
42370
49342
52448
59314
59092
49119
46261
53150
46525
50539
56185
51781
47370
52562
53109
50616
49008
52358
53568
60473
48973
50912
46811
51790
51759
46013
50300
58436
65571
52507
48431
51642
51112
51011
45207
49063
50915
54042
62534
53696
45304
60943
51879
50734
53543
47659
47138
49652
49803
57338
52758
53435
56879
51095
48177
50279
48145
46325
43303
53836
50567
52149
45780
49782
48820
63633
49930
45205
54061
56012
56368
59678
53917
55140
63085
48115
54929
52005
44847
47524
49425
54917
52994
53903
52988
44006
53008
54739
56689
54104
49710
45746
50256
57818
49214
48079
48965
53881
56235
47905
51802
55354
46901
48449
49557
48339
61472
52700
59678
53632
49050
46564
42570
52244
50736
47107
53700
49871
54844
56641
50623
51622
53335
46562
49288
53057
44801
53215
57493
51233
53761
46835
55789
53678
59726
56925
61627
58648
58347
65867
50905
52064
43803
53469
48589
48683
51116
49567
47101
49972
47982
50195
48057
48607
49852
48174
50757
49795
49310
52592
51396
47378
48405
52963
50054
49383
52388
55499
57692
46603
50235
50105
49584
54931
52631
51052
61215
47810
48705
50780
49425
50990
52260
57137
48263
42281
49522
57316
48693
47008
51649
60467
49556
48341
48899
56104
50351
59942
56847
49241
54511
46851
50396
54063
42263
52225
46135
56310
48537
41749
60879
50147
56727
56696
51482
60865
60288
56756
52233
50041
43816
44585
52933
51151
47135
51653
53999
45303
49021
46603
45336
49252
50943
50453
49143
47498
46980
56160
46604
50148
50303
48942
53770
53475
48767
52642
52119
53007
52770
58656
51766
46274
47956
51327
44727
46148
44846
53257
52720
61203
57099
61691
46973
50524
53615
48552
49105
46936
49066
62911
62296
52327
45713
49528
53413
54721
49139
44004
55112
47535
49400
54513
50233
52970
45884
45697
52217
49920
45410
48622
51155
48314
55176
50780
53047
54072
51810
47789
50231
50640
52073
54362
43258
52028
49129
46765
51904
42333
57009
52666
49318
51714
52351
58645
50476
47188
44988
42342
51479
47827
49557
52356
44175
48273
53809
53517
42633
48036
51696
51955
48402
57348
46694
51351
49887
53816
51516
49613
53259
45346
57142
52692
45456
46606
53888
51284
52347
47325
53714
47635
52478
45122
47036
49415
45335
56255
62000
44509
55437
47723
51443
52141
48642
55139
51100
59448
58833
48603
45236
47485
52288
56453
49792
46228
46731
48217
50229
54246
47487
49928
48072
47708
49272
45590
55535
50751
48278
62785
57853
53673
47077
42384
42214
53596
46467
60986
52948
53411
56263
50088
54490
45697
47435
47064
50528
49036
48720
46094
46303
52671
51575
47119
53831
47096
52250
47319
51023
53825
51186
54242
52041
51855
47478
46678
54575
45106
49194
54776
52571
49950
49159
50193
49676
42834
48765
50310
48511
53382
45455
54925
47500
40830
50173
44224
48013
54641
47852
49640
44852
55382
45719
53579
55655
49694
57849
54442
48730
49685
53778
49658
46360
48537
48443
54495
52970
55695
63012
43138
57558
51902
54146
46039
53262
46652
47208
48883
52407
48960
49616
51400
48727
46994
50493
45714
51600
49264
44317
54545
47310
50681
49681
46254
44604
53003
50039
51359
62374
49994
50389
49172
48345
46099
58737
46360
50173
51255
53181
47401
46231
52982
45428
56320
51379
52981
61778
52017
68210
48202
46183
48994
55435
49966
46822
48356
49603
49389
47387
47890
47821
51744
45348
55134
53150
50645
45909
51188
55163
46329
56295
45119
47749
49083
50179
51175
45653
49599
51454
51714
52531
50875
57812
49371
47871
53007
49066
59249
50553
47640
47604
53555
53931
49594
49713
56737
54343
50327
49210
52306
57065
44882
49368
48766
61758
50297
49284
51139
47687
61121
49289
49845
47856
44175
48416
62655
54459
57158
42491
54835
46087
56484
47953
50603
56162
52749
51597
46412
54969
50249
53088
49856
50227
48271
47969
48625
46942
53737
43461
46485
56513
46106
51126
57566
59055
48570
61170
47600
59279
48217
58300
44811
50056
53824
47012
55107
49788
55963
51182
49713
57420
47485
51181
44650
52104
49777
42914
52973
57430
59988
49771
53294
49053
48067
47449
54493
46345
47226
58205
52206
53649
49181
51890
47454
49749
54229
44534
45383
50670
52910
51360
47540
43737
48785
51101
48398
52139
53175
53639
51506
50540
49910
49126
46362
50866
51972
57088
51062
53456
59516
52074
46695
47548
51641
45434
52053
50111
50838
47469
53988
51429
49123
57150
51030
50751
47252
50834
50389
46112
55839
51626
54649
58254
47222
49327
55840
50814
55690
53735
49612
49461
50737
41839
46368
51195
46111
57542
55922
51620
51708
43805
48423
52150
48119
54955
47721
46992
47767
53710
57856
54030
57388
47741
44995
54351
51531
54389
49152
44944
54311
46742
52403
48933
49134
46583
49004
50435
50655
47406
59554
46595
53036
45160
45504
55362
53022
44994
54339
58058
47177
46492
48028
50756
45188
52650
49718
50362
46198
58785
61196
45142
48609
49540
50914
42902
56608
53003
46933
49400
53676
59481
53520
45726
47543
53176
52611
56733
51559
48418
50752
44697
54082
59389
47734
50815
60131
47701
58518
62002
49968
52863
46909
49022
49252
46277
59129
48636
49329
44796
46046
58767
43944
49370
46120
46519
58779
48241
54379
54066
58121
49751
51130
47542
53661
54974
47257
51966
49029
45263
42920
53903
59970
47535
43641
49493
46173
50142
60985
59253
49614
52079
53211
48807
47400
50890
53279
48342
51524
42583
57126
52543
46534
49112
48320
48687
48644
43973
48630
50473
51277
50317
51070
49493
49967
53375
50342
47292
49257
46561
49364
43827
49543
55975
47022
53850
54094
48408
44563
54536
49899
51202
50568
45815
52863
45488
53431
46788
50635
47948
52860
54613
48672
49210
48187
50652
47569
45551
63671
48779
60418
46274
53847
52553
55183
53222
44143
54544
51543
52478
46641
51806
54202
42100
53844
50881
49833
52620
49285
48250
48844
43548
53282
54734
52760
46467
55142
51326
47136
47106
54880
45866
50959
48672
50244
48347
54085
54808
48836
44858
52881
53080
57197
54665
49232
56617
50987
54475
48798
52374
48086
49971
52306
52659
45868
49888
48592
50552
53591
54630
55811
47310
57414
49779
55878
53366
56993
47067
52120
51272
48474
52428
58298
45348
45676
52558
51693
58929
52034
49540
52958
50834
50244
56223
44724
51362
48864
44483
53117
47680
54117
63657
53147
47109
50171
50574
48205
47612
45478
54166
53619
53484
45271
51338
52526
52867
45335
50009
54017
43939
55306
47512
43483
51803
45000
46194
52562
51131
45231
48889
55190
50424
57839
50931
45352
46658
48780
65285
50861
51633
48853
48514
47765
57123
46159
52863
50787
53083
53869
43187
47608
46990
49396
56514
45516
47651
51444
45605
46225
53526
53594
49362
48496
48652
48308
57524
53028
48119
52518
46098
56615
48513
52331
50592
53576
61550
52581
53310
47795
52502
54679
50957
50204
50991
58718
50706
54600
48049
46126
53449
46418
52016
49012
46251
51963
45021
56024
54979
49815
48152
51219
56633
54889
44961
59013
68306
60180
53558
44468
55265
48826
46709
49173
53322
59266
54055
47835
48433
51692
45594
43579
51514
46397
45503
59875
49018
52258
56602
52829
66812
67745
63246
71666
61070
57565
70859
66696
70445
59268
67147
65170
64470
70426
68125
67158
65433654
