59704
43686
45973
49332
47655
53245
47243
48333
44982
55968
46012
57288
54085
54560
55137
48545
49285
56766
52012
53839
44983
52752
54226
46080
49444
56599
53350
44266
51190
45775
47747
46131
49824
45219
44559
56254
50327
53463
55079
50585
51460
41850
54661
52857
45473
48996
49398
52908
45478
48128
50969
50235
46698
54328
48469
53087
45852
48052
51978
50418
50668
44651
50840
53311
47602
54612
56491
53729
55234
42084
51224
50520
49135
53762
49493
45057
52258
43353
49295
52263
51463
46398
53978
50082
45167
52983
54193
56742
46017
47034
54081
50338
51368
45184
50631
45047
47827
54691
45349
49027
58722
53292
53091
45065
48797
44888
50389
55066
49858
52927
50678
49466
45792
48355
51846
47191
49060
62787
45490
42742
55697
42626
55170
49185
45029
46937
45940
50408
54704
45750
49811
48504
51619
49163
55109
53697
47970
59825
46625
51163
46384
48116
63010
46878
46286
52296
47910
46189
52448
52166
46490
44283
49696
47156
44880
48935
45142
53933
54003
44707
52202
41676
46745
50333
55831
55246
43592
44343
52860
58281
56126
47085
48153
50709
44559
49033
54738
49216
48608
44791
51181
44155
47688
53270
46225
48301
44364
50847
49447
47709
50689
49659
55694
56911
48636
48977
54454
46198
53890
63829
59284
43942
58772
49222
47510
50082
47301
53735
43011
56538
56700
49480
51649
49741
48314
50001
42667
50165
49600
46816
54722
50309
52877
56806
57899
50976
49073
64101
49914
53098
51071
62007
53780
50288
53269
50060
50084
41182
57511
57396
53958
52196
49633
47958
54970
51626
52360
50195
48290
51437
51897
49955
47090
62491
49926
49817
50192
45885
49005
47984
47289
56384
52617
51952
51264
48856
50258
53164
51595
48189
50253
47539
48977
59400
49671
51309
45917
49935
50776
57919
50155
45602
48732
49435
46831
52543
71709
61465
55809
56215
45669
55843
58015
53475
51360
48303
52063
53456
44787
48353
51636
53180
47701
55494
51539
42913
48191
51762
50421
48221
51387
47648
50763
42598
55831
51011
50290
46796
53428
47984
53287
58905
52556
46915
50509
50512
46577
49522
59556
46308
45656
47712
52525
49052
50234
42368
50521
45953
47085
51640
58661
55315
51161
44017
50772
49625
50701
53180
50346
51318
48509
44010
51640
50921
55705
49384
51753
51649
50923
50809
49991
49724
51333
46817
49604
42512
43124
58289
50371
50600
46895
53625
49981
55925
55949
48083
47026
55896
45055
42894
50014
45822
55341
50839
51870
48787
45686
43775
45700
50575
48627
46773
55144
46059
51208
48795
47398
52666
48670
49906
51094
46383
43903
52754
56203
51691
46916
55434
41109
54631
48642
45735
47211
47526
43211
44416
47838
48284
46083
49119
49306
49686
50079
50636
49675
47581
51197
51305
57725
56630
51317
48880
60137
46234
43489
51541
47912
52892
49932
52438
48265
49356
48798
45727
53973
57730
44191
54932
54295
51182
51465
53371
60812
50683
57579
59955
53940
51456
50372
48751
52080
58184
53829
52428
53451
45636
47933
46698
52922
61311
45501
46127
51104
54957
46933
53708
50714
53597
51949
52703
43668
58616
47980
53080
51561
58961
48866
50317
47366
52225
49941
52059
44476
53166
45155
59694
50499
48489
53971
42733
59801
55546
49934
44607
54806
53218
46967
50245
44185
59193
52198
41617
51450
45241
49322
55817
57141
50281
50580
52774
48939
43366
48050
50204
47223
52695
54513
54977
48024
49293
60728
48484
45112
52035
49338
54155
47706
59114
53031
49421
58012
48170
48769
54849
50586
50909
44563
53764
50393
58072
47064
45855
54452
50476
53577
46535
47636
49753
47111
56901
56889
45896
51443
49574
51976
48556
44404
53617
47280
48344
53098
53129
49819
54304
53733
45700
55805
57274
50096
52019
46162
52110
43893
53315
47305
51542
56502
52987
43953
55553
45421
51350
59382
46943
49906
51477
56018
45154
44828
50640
46943
44389
49041
49575
48112
44837
50060
54603
50824
45038
47588
55477
50411
46518
52838
53852
44575
50133
46860
48395
48610
47983
57962
50566
53131
58977
51057
63463
46505
51316
45794
44242
52398
46100
53500
52204
49849
48144
54892
46177
45258
53028
46962
52735
52860
49023
52485
49083
46390
52010
44763
47774
45129
51235
46834
47050
58123
50156
51827
52330
46492
50683
48847
51559
49987
49124
52684
44025
47300
56092
44787
48980
58179
58280
52154
58769
61431
53640
56001
54251
48256
46755
49632
50131
44673
62979
56832
56075
47033
53396
47361
46634
46155
52270
45305
52295
51756
49455
51028
43293
55855
52027
47478
50316
47919
47740
47279
52340
49835
50466
55524
51359
53471
46830
50854
52970
44433
47289
52319
52109
49261
52063
57973
57067
53516
48972
46555
47270
56273
54469
50470
47688
45653
56675
53892
49459
60988
54835
44502
50013
55538
50415
55437
53989
59092
47331
54985
49398
49003
52719
53366
50554
44007
42842
52999
51967
46524
53142
48153
52335
44682
51651
50076
42016
49861
45124
46217
57834
50256
48330
52183
47708
46334
50130
51741
55834
51432
47944
50711
52057
47209
52158
54977
43887
55241
52146
53443
49197
43357
45417
45450
46688
47170
45929
49926
46738
52461
57502
49119
44929
50281
54912
50887
46063
56456
53660
50034
54322
45780
52137
44467
48905
46720
44178
52435
47574
48390
50518
49703
45385
50481
45766
56516
48261
52146
50502
51112
53108
47389
48026
53035
49107
53321
57902
52644
51888
50861
52819
56069
51237
58313
56431
45131
48289
52600
46369
47450
48130
54732
51070
48056
51177
45938
45796
47647
56117
58579
47031
50518
50822
45881
52658
57555
47263
50828
55071
54401
48292
55050
54374
55636
45612
45262
47298
53106
54022
63223
47676
50243
48479
51031
49335
48715
53782
45382
49653
48942
48798
48742
53409
58590
53385
44165
53979
52853
49162
49725
51605
45560
54603
46911
49391
46154
54279
51481
46956
50000
52122
59272
46526
47012
50831
47545
49571
44403
52818
51514
49456
46072
49027
50726
50358
53843
54394
44976
50564
52660
46672
55057
45522
50632
53816
46787
50445
47772
49982
43273
47200
57665
57400
52958
45766
46888
45810
45758
48876
51311
47684
48785
48298
50080
55929
55138
46089
54237
51123
50864
44739
57893
50436
51914
49784
48295
50492
45885
59075
55258
54626
46787
51298
52605
48452
51914
58330
48808
50860
46157
45407
46380
50318
55412
43769
50772
53326
48011
47600
52810
47911
51284
46870
49268
58663
49713
49580
55414
56761
53067
51715
43706
51219
57430
47738
55026
48137
52509
52788
46682
50768
54881
62467
46699
44025
49241
47525
52619
47348
45970
44145
50655
59028
50369
42996
55478
45178
55438
48612
51844
49651
53671
53376
47058
45427
56610
53671
45530
47421
50150
55313
44239
47322
47726
48564
51275
46627
45942
51696
45517
51278
49208
50804
51054
49397
52726
49588
43112
50046
44098
50724
45638
51052
51999
48845
52948
44525
50295
54941
45826
49279
54422
47848
50456
51804
52306
45364
50780
52453
47954
48062
54897
50065
47869
51218
54068
44772
55888
49509
49541
47357
46269
50865
51106
48933
54440
41920
44373
49825
50053
55370
48832
47577
49210
45564
52240
46528
49179
55367
46079
42455
45444
42144
51747
55119
52616
51433
47504
44162
48141
57943
57630
52632
47787
46619
49006
46491
46797
54679
49020
62306
52982
45898
53734
43372
47985
52258
43119
49241
46005
47015
47293
57429
52284
47684
46353
49687
46335
46845
70708
54827
49312
51091
44229
51248
49404
51986
44560
54103
57078
46749
44975
48079
52773
50427
46910
54101
52765
50126
44922
49307
57302
53455
65652
55608
52262
49680
48852
55644
45418
55735
48570
54863
50091
51779
42589
47939
47149
47179
43591
52414
45699
54944
54868
53584
51241
50615
55725
48095
49642
52028
42214
45807
54648
47366
49444
60827
54216
42637
59056
50774
48821
52074
49468
56063
54334
50385
50433
49769
49661
53762
52429
53879
48799
53316
51921
47503
52417
51097
49635
54057
52608
52633
55830
50991
49887
55989
50534
49774
53424
47063
53658
53559
55737
53037
46233
49784
46200
52342
48813
43235
50710
53083
56807
45627
52551
53533
54409
47876
57869
65153
46628
44684
51772
48754
49456
45412
50563
49628
49122
42381
54012
45915
45504
47072
50024
46908
47451
43810
53408
47756
59026
46958
64609244
