61632
47884
52543
50195
51891
60175
56431
53665
47284
53815
52283
51871
50341
44768
49610
50729
54815
48643
45351
47114
50179
46978
54633
47289
57659
48136
57076
51248
47981
49126
48380
50657
53965
42893
46395
58918
47844
53477
50040
57269
48863
44760
41646
49027
54433
50811
46912
51380
46128
52002
54773
47913
45987
50196
46454
49471
48075
52748
50270
48715
44697
49250
45835
55077
49969
47860
50051
51812
47995
45149
45340
50357
47526
49846
49892
55771
52445
55643
47064
50262
52502
47904
49668
53678
52597
53463
49418
52952
54626
44951
48328
48752
51204
42520
50313
50752
45942
52042
48887
44333
54823
52041
50525
46576
51156
45319
53883
47387
53737
55292
50091
45601
49821
48349
51330
50703
50268
59273
51784
52519
50384
46891
53114
44627
43609
50207
56242
49604
44507
50602
49359
47521
50104
47382
51198
55806
46590
53255
51542
50198
50544
58702
45036
48409
52452
47125
55791
48356
47743
56515
41337
48808
49550
51797
50096
50152
55101
51317
53080
48440
51561
45412
49174
53527
44764
50482
45315
50761
47561
51009
51694
51224
50746
48834
56797
50685
46538
50361
45445
49834
50556
53712
45304
47223
49439
48943
42077
48973
52569
54787
49674
50061
49759
48682
49747
53632
51539
52770
48088
61152
48269
49914
51308
46061
53749
45923
47742
49181
51022
48560
51501
45080
54425
52021
46344
49857
51991
48518
43804
52783
47367
46242
50848
51434
47859
50888
57493
53724
63387
49122
58857
59036
51328
51692
54261
49142
46683
49119
54577
56243
54483
47307
48384
48970
51692
50840
47028
52738
49164
55341
50545
50009
49943
46807
57702
59197
49450
45154
52973
49649
51147
55332
50724
53174
62157
52713
55183
48018
55431
50503
53631
48097
53844
56792
44663
53822
51190
52926
49305
49381
50628
49426
44601
46551
52053
55495
47870
61234
48241
44809
53459
53138
50298
53498
52598
55104
61431
51522
46329
52501
47239
49968
50343
42366
53403
47176
52219
56270
48688
49472
47374
50379
47503
47555
51410
53933
44224
49339
49209
49788
47669
45507
58199
51590
44421
52630
49325
47074
53518
51495
49405
49517
50885
48074
49671
50904
55162
47533
51177
54602
57299
55947
47443
51840
54330
45671
49158
53647
46916
50346
51419
55451
51593
52188
54807
56199
50898
48229
51818
52079
45168
52084
49841
48671
52004
45412
50438
50095
40292
47613
53709
48264
47478
45779
47016
50855
55861
59321
51872
54636
46696
49313
48447
46598
51231
47350
54172
49297
49038
53409
50495
50152
50305
50746
46831
48304
52148
60442
48346
46675
49325
43899
44391
50980
57086
56276
52098
51619
56160
45704
51647
49566
48563
45009
49493
45311
44335
52138
47537
47385
47777
49049
55364
43750
44383
45546
52106
53185
44921
59846
43291
58502
52614
47458
47718
54069
45836
42887
52470
46898
43851
46129
52011
49348
60727
51186
44716
53971
50727
47056
44073
47069
50777
53237
57888
54069
49047
49695
47497
45587
47260
54199
51718
55169
49093
44399
53210
51066
51149
46522
52100
52433
53289
53285
46163
52733
45079
53175
47520
53458
56052
46305
56070
48222
61096
59524
54036
53253
47412
56070
50134
49052
57154
43424
51177
52597
54750
49028
53172
49786
56238
50828
42597
53320
47200
46430
44848
52155
45410
50746
52718
44969
54511
46130
46829
47631
48635
47719
55192
46965
55404
51651
48575
48883
52999
45543
56767
49225
52133
52826
47326
48922
54375
57713
47104
46096
52664
45682
48430
52057
53362
52190
44864
47039
50208
45484
50918
49642
49311
49910
49143
54942
54408
59843
51078
52239
49559
46381
50457
47991
50096
44652
57625
46053
50457
54144
50090
45395
50359
47734
58006
47544
49919
47244
54214
52372
48320
44820
54927
55052
46030
48302
52954
46970
50213
55671
47908
44421
48484
44404
46668
54680
55875
56431
44142
51304
51316
49767
47729
43141
48201
51164
48276
54337
49477
46130
45164
48441
45788
48440
59432
53018
53119
58826
52665
51157
46828
45945
47165
51152
54767
45229
45427
54375
49336
47843
55831
47626
60787
52185
51771
58405
44700
46852
46810
51951
42047
49237
44621
49088
50992
43185
49698
46699
45337
46834
50948
42560
53267
47348
46751
52873
46065
53205
47557
49825
50779
53276
50195
52129
51796
51366
44840
49998
51500
55014
52529
52307
54821
46417
54091
47710
58019
55035
47664
55617
55769
60136
52743
45743
50004
49622
49448
47445
49082
50739
49351
49400
43356
46819
48151
53164
50364
47630
57398
55138
46990
43280
53001
48388
51682
46796
49953
51504
49594
48014
48491
49331
59578
56933
46474
52281
54669
52152
53695
46529
54551
54444
48686
55151
51537
55262
48953
47802
51949
53164
44764
51510
52252
44914
56436
47848
46612
51984
54195
53494
44686
47866
46784
50291
50460
46451
57154
45753
53611
62971
47072
54610
49139
53356
50173
60825
43485
43303
58378
46817
51051
48732
52793
48331
52347
59422
49645
46771
49862
44498
51491
46667
51406
47120
53005
50801
49413
60518
55484
53949
55056
46724
57514
53436
52725
47754
57387
53419
46804
57208
52037
53283
56430
48733
46372
46700
45612
46573
50176
51821
45410
48913
46179
53661
55108
49697
52919
46371
51249
48406
56308
63709
59094
45860
51795
46857
44469
51296
52885
50557
44573
47181
54260
52019
46864
55025
53388
54986
45569
50748
48921
49357
44855
49714
52328
46018
46805
44076
50780
47869
50443
51497
49502
45709
54160
48479
48500
56387
47104
58560
52490
50891
59598
45431
49882
47089
50014
57151
49948
49113
57505
46825
46325
51922
50266
54641
55324
45989
46579
57107
53230
49008
44705
54559
53802
54880
55018
48010
53218
44703
44262
63559
48034
46642
45212
52193
52185
46427
55860
48396
43135
49518
52951
55885
61344
51316
50719
46027
46485
44567
54690
45683
48379
50559
50247
47202
50968
48281
48741
49716
45951
48395
44991
50942
53282
51894
53652
43387
47484
44272
47307
57798
49407
47621
55010
45387
52339
48836
44842
49559
45577
53728
57290
52160
50330
54942
52529
49938
45905
47088
46351
54932
47335
42019
55699
52642
57131
57890
52142
51655
50090
50271
45308
54168
45881
52241
41382
53683
45684
48469
45157
50480
46930
51411
48151
52866
46967
47583
47481
48309
48986
46081
50605
51989
49081
49568
53630
51609
48159
52120
52634
53280
53889
47116
51645
50980
47688
48530
46768
55544
49829
49157
51369
47905
50433
44739
54018
51497
50999
53983
54437
48724
52560
55318
51782
46764
53375
44943
56450
53309
47029
48605
50620
47231
44944
49222
53566
45430
51173
52275
52219
43929
43034
47762
50642
57233
45809
48911
49261
53991
49724
52513
48459
53118
53581
44418
49073
49188
63896
49813
46509
49031
52660
57357
50049
47464
48268
51596
46736
44932
50956
50236
55759
53918
51318
41563
50085
45490
43807
46481
53093
48269
49930
59080
45357
50352
59256
46358
48939
44635
47509
45618
51030
42723
48999
53167
51862
49457
46994
59760
49587
52955
43952
53723
58340
46208
55908
42641
50626
45708
45383
51596
48725
53606
52609
51823
49376
43041
51047
48910
43524
50034
50065
54082
48367
51214
46440
51478
44769
49971
49045
52225
48361
40629
51677
43894
50548
48226
45759
52022
53757
52525
55988
54585
48026
47730
52887
46128
45086
46475
48650
44786
52974
57243
53928
48592
55224
49499
45579
52020
58201
52067
50409
49341
58589
57715
50549
45883
49833
54071
49579
56961
48749
50142
48601
55991
53875
52685
56045
57692
48581
45859
59126
48122
49412
55203
44304
45233
59070
63681
52757
48986
44825
47585
56725
62459
48496
56432
53088
44474
49956
49726
49279
55122
44397
46104
51214
50916
48408
55399
51374
49393
51632
47080
66911
49526
50779
45231
44737
62729
46550
48737
56056
42857
45196
56987
44857
47811
52818
43803
49363
56072
50474
48576
47646
53035
45827
52904
51333
50911
48820
50291
51279
48086
55167
48325
53517
62995
54933
56378
51192
50320
51898
50409
49831
51688
54311
50365
44950
55900
40537
50752
52812
46263
44223
44108
48924
47617
45981
58013
42567
42787
50918
45651
52002
46596
47606
49770
53336
47285
54285
54746
50419
48838
56883
51197
52753
54320
45782
49370
46145
56906
44470
51911
49200
43887
50805
54967
43809
48846
51391
48605
47467
44001
64492391
