59425
47188
42908
47677
45712
49077
52735
48296
42564
56785
46920
56976
54273
53777
48198
51941
51579
58786
54743
47221
45360
50229
50661
51114
43982
47525
51826
49900
57965
51554
43633
47201
50861
43391
48447
51361
54425
57568
56639
49332
67338
43026
43951
51650
53925
50402
50427
43920
53436
49842
49272
46443
59229
45867
50404
46568
50146
48195
49392
45073
51858
47201
45458
52668
45645
53516
51711
44821
49572
49657
49502
49103
45632
49566
49493
50525
45931
47589
47560
48107
50348
48412
47595
56545
51189
45589
50449
51039
46161
47414
50716
47729
51325
56820
56246
52360
48037
49480
51059
48927
54036
48399
50076
47064
45704
56657
45220
47113
47940
51903
52893
49335
48946
46647
43122
55488
49381
49311
50209
49180
55224
45624
54990
48643
50584
50967
53025
50848
45663
49209
52814
46295
48370
44581
52473
52742
52842
51597
52103
49140
47456
55082
48996
52937
41958
57617
48483
48532
53674
46572
56049
43274
44158
55941
51595
51887
50960
51261
66190
62779
54673
47228
53249
49905
52151
51653
48911
55178
52050
44630
53819
52212
47621
49389
53917
45621
52796
55339
52074
50677
47040
47502
54532
51366
52947
50755
48176
47888
51264
54744
47429
60389
58316
48884
48778
58288
52954
49394
58678
59380
61887
54781
48060
43584
46687
49429
46283
50473
49944
46784
55667
52604
46271
48456
48629
47775
56551
46682
57269
51016
51743
45623
57395
57144
44916
53349
46566
52727
50153
45143
56867
56432
59109
54549
48667
50403
47267
50882
50077
55588
53992
51043
48655
49301
46286
49262
44720
57354
45988
54928
57001
46843
55413
59115
51678
47205
50706
50722
45290
56636
46543
53303
60929
48902
54846
54508
54555
49995
48850
55393
55134
58394
50706
56966
51900
42121
50587
46411
46651
51207
49759
48807
45500
47962
54906
51362
55432
46102
53401
45583
54273
54584
53063
44543
56128
53785
53788
46681
52823
44482
47876
47384
46810
65460
57692
52621
53186
50115
53343
50578
51471
43077
51826
49585
53663
48514
50317
49640
54007
53401
45378
50734
48270
44503
56359
44369
51238
49791
56067
45366
48322
50602
52094
49418
50104
51228
46851
50673
47788
46638
53555
49598
45098
53063
48718
46235
57725
49776
48874
45890
48690
58022
52070
52631
59065
51311
51536
48593
52328
45444
58117
52473
42755
54221
49505
45451
44978
42978
53307
51469
49157
55613
43747
51687
52764
50172
48308
46668
48820
45678
43592
55546
57720
49136
44578
47371
50638
49049
45433
48114
54110
46392
49348
45731
45651
47414
57262
58727
56356
50811
41300
48484
50463
53508
50634
55513
54349
53809
50883
49683
48805
44171
52176
48336
44530
54664
39360
44084
58644
45108
48181
46941
48661
52574
49438
45384
56471
44202
64754
56007
50396
50528
46985
53367
48012
52807
52730
58529
50510
45292
51289
45977
43689
51195
51152
54991
50606
46417
50501
52164
48546
51744
46303
55359
57219
51947
51080
49057
51658
53371
58015
48385
49706
49434
54170
56137
51292
54601
44038
52338
50676
46864
45979
54748
44505
50589
51817
59505
48195
54590
53176
54545
53704
50245
54957
47683
51307
47804
49724
52944
50464
49395
48307
59830
54172
53528
51745
55624
59006
43991
55086
51134
49101
50513
45495
52767
49297
51389
50568
49311
45483
47476
46967
49876
60692
51472
48177
55459
56461
48017
51591
50099
45744
57701
53209
50247
50538
51232
60120
44306
54518
48341
51226
53714
45653
46052
48644
50436
48870
47464
45834
60683
51292
52561
44991
47650
47156
53495
48492
46248
58576
46212
56516
59820
49531
43422
51982
55605
50016
45762
49469
50918
50620
45738
51663
51802
50317
44381
54720
47113
50313
49378
45390
56917
59125
56098
51557
47560
54252
45199
50471
49701
49797
49470
45346
47179
48407
52152
51858
52393
45943
53380
43707
47911
48469
48189
49498
46550
49994
51804
50740
44762
46787
46493
54870
53670
46455
55672
47737
45521
53601
54870
42290
55409
53243
49785
44968
49351
49009
46552
44723
53536
51984
49528
47231
51423
49075
59695
53761
46034
45612
46941
47386
50529
47202
42800
50372
48101
48013
51858
51217
47195
52330
54069
51378
50678
49939
49080
47985
52461
49690
48277
47832
49171
51818
50642
50819
53413
51657
45445
50302
52471
48428
50861
48034
50808
50979
46176
45316
50962
52412
47861
47891
54699
52651
55517
49008
48601
47033
52805
56577
54646
50703
51700
44884
53072
42261
48113
50111
51353
55913
50804
48872
53260
45122
52536
43886
48251
53479
51558
53080
49017
55068
50596
49480
57529
42076
47136
55603
52566
59031
44947
57101
47797
50217
49951
47066
44965
51732
46732
47064
41513
46627
50040
53773
46222
52856
45270
53137
50925
53509
51759
53270
53683
48645
48538
46981
53394
53738
48003
56834
50173
45519
49933
54116
52910
47895
48716
49038
58842
48785
51155
51053
49117
46163
53217
46503
53829
49419
51898
59161
49096
50303
47769
47274
51956
49303
48513
50382
62613
52845
46847
55110
56256
46776
54272
48869
48386
54934
49975
50217
57166
55547
47791
54580
47571
58333
46605
49417
46777
53702
43116
48297
52387
47829
45472
53231
54980
51476
52709
55812
55412
50292
45420
50237
46135
58755
50570
54264
57479
55486
48721
43176
54790
47612
47153
51776
49540
49894
51024
52516
54883
46962
52793
53862
45643
54928
48138
52913
46218
46327
52185
56923
53189
48023
52335
58197
53135
55429
54813
50032
47911
47280
53963
45677
46832
52352
52801
50877
45823
52100
49161
47976
51779
51235
51217
47588
45123
50225
47814
51000
51334
43725
63450
55343
53420
50982
44121
45897
52369
48482
44233
48234
52373
40903
52279
57352
54441
51558
44624
50657
45104
49489
55201
49331
50066
43621
55214
52088
49812
45114
56281
51911
50949
45105
48950
43892
53915
44118
39705
47231
46401
48032
49265
48033
51976
51042
48506
54953
69323
54995
49708
45442
48830
46853
53119
51338
46704
43107
51848
45147
52787
45982
49457
58182
58680
49258
44683
52030
42353
48062
48688
46825
57924
57661
58363
45239
45310
58648
49710
58989
49810
46335
51192
51858
56427
51673
50339
56240
55711
50593
49692
54324
55312
53655
48167
46025
55369
49750
50812
46192
54136
51519
44854
46876
52063
49203
46491
44466
46688
55473
50283
50670
47654
53320
57614
53785
47925
46365
53895
48358
51585
58729
51566
47258
51279
51344
47852
46654
57149
62712
56453
46449
47485
47979
45990
50469
57371
51492
55470
58147
60692
43636
47365
52379
47408
46220
51581
44848
58207
49296
48390
50761
46813
47678
45471
51580
50260
46707
53284
47299
49166
50212
49539
46481
53421
54055
49681
49834
55718
55751
52606
44494
46746
43906
51492
50600
47900
48196
58375
50191
51729
44504
55377
54825
42918
50445
53010
45585
54447
45105
55863
53366
43841
48774
52803
50703
48762
54768
47077
47913
50674
46705
47622
47822
48642
50177
49249
63869
45024
49100
50863
46106
47660
52608
48994
58194
46314
50778
48401
47499
52356
50253
51065
58112
45272
53630
50212
50924
51011
47865
47634
50867
49675
56454
52310
50332
46156
48803
51551
42345
56799
49298
48546
56308
42893
49996
46353
53172
48802
49867
55076
42998
51604
49210
52013
46247
48701
48273
49992
44432
60459
48874
48639
49652
46527
48582
50887
47659
47171
47866
56297
55350
59293
54227
42927
47785
54049
48657
43386
48363
54352
44539
52252
64073
46511
46298
51456
51320
48736
47584
53064
47086
46474
46775
51260
53428
46070
40765
55289
46848
52486
52234
50601
42525
56791
53689
52932
46848
49296
56501
51718
46430
46445
46128
44672
53146
56924
50533
47033
48347
45277
48809
52594
48984
43959
55156
53424
67495
48222
55304
49254
57132
54310
44817
47815
54310
47679
50278
44548
46916
49452
49561
47190
45103
62209
50395
58156
48175
43625
52605
45387
47321
51333
44535
57256
49534
44539
45682
50433
45540
51722
56443
53424
49554
48039
59089
56290
57790
54280
57746
61179
52635
45243
45329
51343
54118
45453
55444
47912
52162
49534
53333
45942
44470
52195
44173
46879
54299
48592
48555
45944
52019
57508
48512
55977
49069
51126
44668
49319
55676
45077
52024
51036
49907
52836
46895
52079
45471
45438
42942
46436
47390
61314
53644
53505
48919
54041
56238
51436
64646141
