67135
51667
51038
53712
47384
51782
55076
54981
50105
51144
51117
55422
52946
51125
61165
65134
56407
47765
60243
58914
56278
53056
53921
51125
49305
51421
53669
52366
62935
55768
54911
60124
50340
49993
59098
57307
58575
51164
59947
57714
52977
51372
56389
56150
59412
59639
55006
53978
53626
64307
53702
55364
52959
50689
52294
53550
52148
52034
52576
52736
49992
56559
54086
57104
59143
60020
52203
59526
60521
58144
59637
55174
56066
55633
59159
54385
53883
50272
57546
62449
54842
56421
58138
58193
55732
48697
54360
55857
53701
52357
54709
51546
57744
48624
49159
56595
52585
56145
52615
52121
56771
56432
61418
56255
52149
48461
49737
50657
50577
52320
55146
57975
51785
54933
49880
61144
51153
57575
56011
52340
57716
52071
52320
60155
52472
56516
49644
55600
50053
52860
53670
51233
53832
57054
49310
53821
59673
47207
51249
54224
45833
61668
57518
53409
57115
55129
45513
52704
50783
60863
59192
57395
51928
50850
50774
50993
51784
60178
59927
59520
51346
49325
62373
58328
62923
59012
53820
57742
56284
55031
59796
54846
60105
60241
60441
61063
47400
56912
53764
54163
53503
54928
56177
52007
54588
55802
58833
52185
55510
50731
56773
55241
51614
60347
48566
56733
47986
49642
57168
53943
51246
52908
51699
57875
57262
55538
53071
53593
50591
56097
52558
49031
52568
53096
52387
50811
62074
63252
53206
54723
51493
51542
54526
55011
50919
50930
55357
59160
58190
60357
54819
55324
60858
52835
57461
57241
48746
50305
52182
51216
54078
57242
56100
48620
53156
50571
56364
54183
52651
52821
47868
56820
49140
57814
50596
62475
60301
49838
58879
54997
54602
52207
55750
57344
55662
53473
52575
53599
48969
60167
51392
54455
55921
56496
50462
57226
55486
50697
51326
55530
52922
52842
53223
54491
51599
53873
59468
56042
54219
55301
56052
46770
54217
52382
54845
48615
57292
54092
52041
54893
59985
52838
49331
57176
50885
55154
55664
60155
54309
59813
56178
48411
55411
57361
62017
56941
48075
60354
50671
48289
49573
51815
55667
57050
60063
64309
50496
63314
47327
48857
48601
55300
48587
57312
64484
65372
58231
52278
52474
51268
59513
51748
55521
55616
59360
54658
50309
51816
55862
54888
54232
62080
65907
51160
53832
55562
64969
51803
51084
48263
51961
48910
55059
57790
52733
60289
50538
52403
53291
52060
58481
51250
51441
54225
47931
54219
55633
57738
56888
53333
48368
56310
51620
49140
58519
52052
54093
50899
59006
45830
58647
57852
49820
54399
54704
54085
55717
62765
52977
63195
55009
53119
56475
57870
62921
50995
54458
49273
52566
58649
59029
48191
56471
54157
55615
54249
52184
48880
59795
59177
56773
50676
51337
52910
57500
52656
49545
52011
53313
51006
52340
53354
54614
56229
50891
50592
53382
57940
51352
51495
52271
54409
50351
49269
54465
49749
55190
54370
50037
48211
52504
52420
54028
58351
54013
50770
54751
51761
53680
55624
59778
54352
53953
56391
49386
51409
62461
57368
49056
61416
58627
56650
61089
57036
59589
51938
59161
51292
54690
58467
59463
51766
54489
50946
49896
58152
55827
53926
48764
51935
58242
52375
55994
55242
51763
49159
55257
53215
54459
50107
55160
56287
47483
51279
75703
42731
48544
59688
50589
67891
54508
49318
61727
52215
52300
56781
55548
61310
71023
51556
47311
51356
51819
56117
58812
59430
55937
58696
53176
54496
55991
56706
52890
56951
52538
62765
47452
57162
51734
47585
57070
55265
56437
60828
50856
52886
50798
53322
51891
57918
55783
57638
58134
61197
52336
63401
57576
60538
59223
50734
47276
49165
58043
50999
55492
52708
53399
59830
53050
49685
58019
62416
54969
55298
54897
57431
49102
50533
58572
59021
57829
52384
50996
56635
59229
55935
52774
52796
52089
48192
63314
53035
54797
57538
51872
57017
52671
55512
56388
53447
50403
53357
61301
61769
55311
62241
52533
60928
52051
58858
51829
52352
53678
52840
54674
56366
54560
55104
53722
49233
54836
52919
54005
53061
51636
51592
59796
55833
57503
55142
49985
50232
54121
55171
58664
57630
51394
58529
49974
67590
56955
52109
49338
54480
57109
46319
66014
62436
60263
64385
53465
55290
54178
48463
54718
58223
52962
58270
64321
52471
51509
54847
51517
54616
51367
48275
49084
52938
52038
54345
53265
54822
56581
54016
53379
53841
53572
51879
48473
54319
55465
58812
50267
54589
53804
52497
50789
51327
54480
54717
57756
63200
54668
47445
48886
54182
56217
53360
55584
65655
54864
52810
56531
55887
54080
54898
51394
50266
56757
49342
60149
54514
59419
49393
49302
54742
53077
60636
54440
50688
56206
49704
54335
57131
54605
55948
54990
52719
54836
54014
60504
55930
54683
55135
53918
53126
57003
55906
53714
59358
56941
53558
54400
57393
51916
58533
53024
56595
50607
60863
53734
52216
56349
55787
55027
50862
50916
50859
58054
59147
49295
52726
46208
49583
61725
61896
49484
54003
53692
52909
55369
56606
56016
53080
54315
48921
51418
54972
51647
58497
53641
50788
53538
51772
57419
49779
57925
54071
50254
55784
49703
56591
51291
57914
51956
48682
49918
54191
63226
60408
62880
56123
55531
57013
53301
49194
53915
53588
58501
48003
52012
48097
55063
52776
60558
57697
59793
60245
60060
46611
53780
51189
61022
62549
56157
57209
59116
54513
50469
48364
57827
51358
48368
53246
51514
48904
57684
51332
55170
52664
54646
50968
54117
52587
61737
59370
56008
57366
54167
48145
50080
50929
54602
53813
56621
53269
55632
49002
50719
49588
55144
50600
51570
50582
58896
56677
58841
52908
56247
64285
50954
59432
52793
50722
50462
53466
55938
58473
61372
64796
55683
52434
54893
58923
48615
61657
59001
55132
52478
56637
53861
54298
56473
63336
48047
49437
58422
52193
50415
58480
53461
56087
64613
63035
50494
50311
53387
54551
57423
50713
55498
54538
55291
58606
66664
53368
55032
53298
52472
59004
54864
56965
53916
56007
58740
59767
52202
51152
54580
52018
56041
47862
54834
53143
57347
58303
59630
54037
54291
58000
55515
49104
56574
55082
54937
54783
53170
54486
53588
53582
50190
53688
55989
56470
52253
51488
55224
56791
52777
55290
59670
56317
48975
50712
56788
50847
54290
47174
62526
58941
63322
62789
50008
50020
50542
50501
55374
54523
60926
58061
64040
58316
57552
48982
62656
54071
50316
55501
57498
59469
55138
53646
55056
59062
55950
54590
56404
54959
49401
51611
57224
60034
60630
55840
52287
53233
57971
59590
49063
58236
56813
63430
57453
46952
53353
57959
54320
50021
59954
47118
55056
57147
49033
53028
49493
56090
55186
53710
62811
50563
59455
58147
55929
51056
51927
47636
54220
52140
55665
60003
49015
56205
53812
51549
57928
52656
60446
57433
55961
50849
48908
54822
52132
60852
54421
59317
51130
53896
58039
48342
53477
53586
49019
57743
49776
50994
53319
52889
55602
60843
49504
55322
52872
57675
58657
53999
53854
57221
63153
56537
53681
54936
57890
58643
52378
57205
57234
51171
55355
57009
56915
60243
56206
61173
50164
52618
51471
56308
55671
55813
63932
53207
59514
47970
53971
62704
54492
54653
53918
53348
54288
57033
50712
52676
53852
53143
55241
49901
57964
62297
52306
56225
53944
50848
49517
56437
50067
48345
55306
59000
52917
48179
49360
51884
53041
64240
57736
51755
55773
62456
54188
51090
57883
56351
60850
61784
54951
59736
49605
52875
65737
61608
53820
60271
49722
56804
56626
57615
59752
55207
57172
60109
64096
63370
48060
50396
63446
49781
49702
52257
59710
49295
55904
54978
48926
58358
54496
50610
51530
57226
52592
52624
56838
54456
53543
52486
52032
50659
49742
53838
48780
57457
52856
54722
53721
53271
58140
60510
52916
52662
65018
55702
51738
57248
56669
56546
49428
61518
56648
59214
50651
55052
54106
50936
55865
50608
56338
60366
55112
54566
50403
52835
52698
55872
51402
58336
49571
60591
58392
55729
62564
52311
55900
54684
57955
48901
53619
51177
54625
48672
56484
59428
53320
57269
53309
60033
55927
55633
48067
54873
57594
57776
49496
53314
50731
55181
55014
58826
59318
55431
52830
57449
59880
52330
55382
51085
60712
48143
52398
50086
52391
54067
61150
56368
46827
50347
52979
51645
47634
46932
55006
51739
52300
55601
53609
51592
56101
48187
52288
58221
49331
62894
58952
57037
54501
64737
62156
49208
52177
57755
53810
55119
57900
54379
56071
55388
59989
57573
61700
56294
52819
54221
48394
53295
53641
55882
58808
56859
48677
59694
52678
53895
59136
54977
61872
49113
51027
48365
56218
47865
54297
52639
52637
55130
49553
52009
50707
57952
56550
61765
67267
52944
58897
62849
55245
51913
56168
48407
55037
51365
51986
61253
54211
59567
54460
55251
49895
52512
51174
55066
63132
52526
54923
56568
50335
51994
61697
55345
55721
61229
56021
52860
54265
57019
50623
53565
63909
53078
56487
56972
60186
47928
50934
56124
59055
56842
50986
53638
49600
51254
58817
50321
53741
54524
57904
51445
56239
54249
52835
57086
54764
51824
55028
54023
51991
51694
62818
50214
54912
48914
50916
56495
53728
66022
51196
55503
57590
64450
55894
57717
53308
59441
64104
52349
55361
54423
59277
60835
62152
48549
58964
54198
57264
56564
48813
51374
57834
58482
52853
59860
58720
56986
50451
47623
55832
54137
56860
51391
54963
56350
58111
53636
56368
53890
58659
55592
55836
55122
55599
55376
48083
54816
48023
58895
54933
54344
52545
51114
49649
55162
54771
56471
55953
58102
59169
57043
54793
51801
58629
49917
49438
51144
57492
57886
50266
55687
59135
51480
61382
62018
54431
51091
55827
54938
52128
53799
58432
51558
49936
56076
53452
75964
54949
63162
53674
60281
54548
52385
56380
60428
60471
57562
51942
59366
54312
53229
55314
49710
56436
50852
54279
62719
53955
65104
54982
57562
49425
52973
53914
49677
52008
51473
51302
50631
50551
50939
54160
52420
49523
52193
53192
51883
55339
49629
55474
54328
63306
53391
50578
57565
59954
55752
52217
63141
55529
54144
47288
55639
57578
57140
55323
52082
54725
52497
51562
57008
61280
59167
53192
51695
54427
56054
54211
63503
58154
61385
60564
59326
63184
53491
54424
57758
59996
49589
54118
50711
56465
53334
47333
58825
54812
65472
50786
60004
52403
52475
51364
53878
52329
48466
51514
53510
50016
61400
56558
53276
57411
50138
54352
53789
48242
51839
54368
55063
49373
56447
62420
52088
54016
54587
61593
50645
57780
56504
54124
50025
52270
57885
53078
52253
62598
55045
58181
51734
52030
55746
54724
53108
55007
55426
57897
54351
55529
51865
61543
49593
52192
52860
51191
63872
57014
49350
57744
54228
55923
51698
56643
51188
51751
48748
57065
50361
46333
61034
53082
59687
51921
54944
52414
61147
56462
54255
59800
53014
54349
59296
50832
56102
53820
47888
52141
59971
54149
56667
49481
52779
56427
52354
56320
53114
56571
49461
55813
49816
55597
55395
53225
55921
61779
56435
48395
60728
50473
52025
65916
54690
59034
51473
53635
58751
52953
52931
50924
57703
59445
59009
53470
58420
51448
56277
47916
52060
54665
49190
56904
54792
64003
55611
55546
59486
56766
57185
53794
62514
58676
64154
53193
59259
49937
57124
49970
53571
53787
57600
50980
53614
54590
47680
55832
51819
49507
54622
51094
49799
52533
54635
53718
48733
54401
49491
53309
60680
49754
53116
53557
54062
51594
58155
53225
47747
56513
49686
56615
48280
53555
52327
54106
53008
50213
62149
57886
54470
54730
56185
57572
55759
50618
50592
49764
56900
52197
59221
53911
53997
49234
48760
53386
51452
57976
49194
60920
52175
52852
61802
49656
52012
59995
58088
51516
53947
49815
59779
55956
50361
61878
54892
52245
56916
48557
54310
63308
50617
53144
47609
49958
55344
61161
50197
58764
53245
61383
61420
55060
56536
51089
55841
51373
52196
54599
50310
54963
55412
48006
54022
59297
53922
56521
55699
63919
56010
50922
55815
53018
57711
54773
57179
51882
56324
48270
49862
60290
51082
55133
50534
58881
46981
57749
61003
51633
50501
63829
60427
52256
51720
58599
62630
49545
51482
55144
54448
62272
54614
58348
59999
50249
52940
54426
55367
58623
60008
47939
47884
46618
50713
60581
58280
56421
54135
58949
49196
54128
51715
53133
57621
53543
57261
53141
53101
55670
54792
54779
51866
60755
50490
58829
52078
52979
58465
51683
55536
49786
58202
52207
47057
56314
56527
60781
50721
53180
56194
50095
58131
54672
56236
56700
59442
51720
55268
53478
56519
56528
48627
57085
52831
52995
52090
47601
56597
48133
52679
52870
48695
53155
50050
62308
52195
57775
54262
59347
55321
54864
53720
50633
56147
57212
54057
47210
62780
51747
48664
52993
52684
59283
49638
44916
54458
55348
48011
52519
62502
54550
50991
57631
50775
56335
49837
58965
54800
59186
50325
51274
52489
58326
53586
56047
54356
57015
56539
64617
51977
57519
60153
50145
54145
58126
59421
57571
55743
62530
47233
53791
61476
52067
54773
49788
55413
64061
62872
55821
52494
50803
49977
57573
54953
53880
61229
56236
48908
53241
47624
56307
55797
57301
49167
54480
52963
59747
59322
54374
52800
56211
50814
50086
54214
49842
51620
56829
54968
54324
58248
56056
56318
57045
54974
54843
49914
50485
54141
49639
54902
58430
54445
55458
64221
59345
53949
50828
55818
47879
52416
57979
47824
51253
50463
54801
55422
56568
62881
54233
51292
53900
51668
50205
53677
54724
49975
60552
55501
50682
53850
53027
53593
51922
55896
49327
51607
61764
57008
57035
55761
54944
49640
54845
59045
47386
60403
57233
53688
50721
46425
62952
51661
55220
53440
56083
56451
49891
51005
51021
59440
47423
59052
55343
50644
58456
58034
57080
49385
64294
60380
61712
48934
50563
51672
55145
62198
48861
53348
53494
51676
56921
56040
55434
52782
63571
50476
62303
55997
56925
52720
55071
56149
51245
59114
55324
55487
62506
54062
52222
48307
50686
53704
52561
50280
55433
50414
53082
50493
53749
60053
58818
57503
54828
53894
64196
56482
60354
52090
55275
51925
58559
54527
55429
53725
55558
57930
56570
53078
53756
57387
62382
56665
57540
53546
57333
54619
53653
63929
58845
58024
61171
49856
59477
64020
62098
54137
58646
56226
61141
48585
59380
62192
52604
52037
49403
53868
60014
48228
50293
49116
54876
58912
55535
52809
57480
62632
52170
58875
50667
53477
52869
58411
51324
57860
52017
57021
61873
55144
57495
56521
60386
54046
57844
52817
50583
54198
52792
55661
59398
55083
47602
59044
55889
53317
57775
52365
53643
53509
63131
58304
47257
50135
56186
57068
50762
50719
48046
60956
54126
55510
59746
50195
57514
58603
51546
52404
47655
55998
57448
58797
51221
50441
58425
51951
52728
57034
55315
60994
58811
50782
52683
54293
50683
56177
53362
59064
55574
54678
54049
51606
63467
64760
61232
53429
58649
55752
54996
59944
61026
53320
56946
57098
57121
55914
51787
51666
58102
60077
54858
58545
48872
53031
50636
55842
51295
49143
54556
60016
50740
52333
51901
54208
57103
55548
58818
54292
55534
54106
55562
48162
52575
49009
49913
48856
57253
56366
50619
58144
68025
54062
54174
57399
59242
52175
56321
58822
56593
55686
57397
56107
52858
55279
48838
57743
52883
50271
55235
53379
53428
48765
52695
50312
61117
55661
56810
58630
57664
56509
52216
59044
49844
52547
54413
54780
53386
55807
58557
50117
50881
48366
61610
57723
54100
52542
55624
53218
61046
59833
56328
48064
57084
60336
59742
57791
55266
49445
53628
57240
52043
59766
57774
60497
50354
59006
63492
59589
69328
60912
54793
63383
53299
57446
53269
54394
50735
49933
57550
54989
52624
51564
50654
56166
55449
61283
54544
50376
53785
50522
57161
59490
53389
55118
57933
49255
54086
49513
51606
52769
61780
59032
51027
50320
52640
50451
54956
62825
58220
61816
58122
53988
56952
52204
53711
60129
58153
63334
53693
56696
53769
52601
57972
56420
50058
52570
55697
54570
59738
55877
62769
52203
54285
54693
54422
57982
54173
54523
55787
55160
54691
52709
58847
51547
62303
58462
58146
52287
55983
55210
56200
55374
61453
56784
55158
52664
52863
50964
57455
57772
55668
64732
52328
52350
56202
55504
56302
48598
56810
53126
48142
49788
54611
58627
53847
57507
55748
53734
54664
52825
57815
50864
78563
55203
54473
48884
59048
49047
52537
58909
49208
52887
53797
57527
55342
55730
56773
52102
49009
50167
59042
51199
55238
50728
60320
59066
55811
57316
48060
60472
55246
60734
140343098
