74220
62942
54225
52100
59355
59849
64643
70700
63868
67201
60057
61562
75047
59550
63568
73207
69508
63442
65296
59128
59229
56847
72400
58367
70697
61627
64906
51559
61127
56971
61728
54280
59934
62090
47309
61167
62876
57475
61426
67626
68558
62546
64309
64330
54740
52304
61709
59264
66336
72084
64840
53866
53710
56932
68491
63964
58810
58604
53462
57547
67229
65311
60655
61886
66982
75953
81609
61794
62392
58437
69090
56587
74634
60737
57182
57095
59202
78249
61663
57280
62853
69640
58557
68820
60328
64969
68376
54581
65664
69076
64115
62840
59455
58803
58382
53375
60832
69808
54323
64586
57110
61405
57607
50675
68346
61439
54856
65689
58136
63600
65823
66855
66100
63418
70196
52151
63754
50098
59768
66098
63763
63391
57598
57035
63259
67594
56573
77788
70080
52118
64375
55298
66206
66036
55609
57457
60612
61007
59961
74545
63941
60089
57750
59288
57673
68613
58812
73428
62693
71176
49203
62129
59854
55399
62031
72601
67533
67411
60782
60882
59097
64037
63930
63208
57028
60801
49481
69037
66005
62406
52686
50974
61313
67345
63791
56500
61993
59763
64658
53388
62469
63692
66853
58900
83400
53881
64291
66462
70235
57052
62470
56935
60055
62562
68705
57250
59109
53851
61877
55853
61708
67553
53537
75971
53474
61186
58570
66362
54147
56931
56315
63383
67705
59781
55073
61976
68352
56780
70757
79496
51262
68473
56063
65284
61487
68947
54715
60894
60775
71240
61323
62447
61414
59256
62410
84008
56538
69977
66986
65670
62935
59932
63007
58279
62503
48657
70767
64860
54123
65601
60670
70659
55091
67991
58250
70079
61504
64808
60012
65023
54904
57211
66189
60470
60123
67495
53071
66891
63727
56199
66460
70109
77086
62292
56435
61203
56386
64146
57892
69831
70836
58825
56801
74090
56244
60725
68100
67483
69576
68165
65560
78440
47853
67975
64965
59555
58784
75577
58276
56388
58574
67237
67764
56690
58715
66305
61098
58925
64262
62555
59232
62643
58721
62610
69246
67167
65597
60933
58892
65247
57463
61006
60197
55630
61867
63677
57161
63324
57206
57768
59174
55553
61484
69566
64504
57598
71973
48956
65215
57154
56901
62429
62324
59578
59338
80651
63163
60740
58063
58883
66117
58613
56013
67892
71844
54645
79308
64439
61633
55220
59284
54613
56180
61236
59415
61272
52821
58633
66612
54184
57694
51730
57107
66749
68981
60267
54467
57178
60626
53404
69253
56432
62114
54869
62106
56722
61170
51766
60936
64842
67620
61654
72209
64604
63181
65686
70470
63947
54883
57804
57184
69451
65319
61041
64925
59902
71228
65058
59331
57285
69503
64345
68063
67324
48447
60219
60920
58480
62646
54814
66004
65353
74074
54470
61635
58259
62630
59815
62088
63088
75510
61091
64607
60975
63601
57781
63145
57882
53066
62707
60656
64790
62929
59745
81838
57140
69453
60675
46414
64445
66051
66903
52757
61880
64835
59486
45676
63234
65496
61381
62472
52046
72444
72827
79387
58414
69121
66412
71990
56955
59482
54078
48719
73522
76968
53943
65405
50322
52442
77940
63233
55489
58677
75819
63792
52912
80948
74816
61702
57194
57598
63008
55724
56913
58769
58050
68426
55233
66673
58792
59616
60805
65308
51718
58676
63989
61883
60136
67570
57987
58840
54868
59592
64906
66717
59867
62646
64547
59423
57973
65152
55007
60833
67186
52729
70300
50911
61439
71646
50695
58175
54083
59084
54110
56108
55888
70595
55337
67039
59745
54133
71760
62772
68218
61275
68798
61104
60545
59820
57397
64193
64766
49796
51019
64366
59793
53583
60926
71452
69701
60139
58064
56481
79385
58778
71092
55238
70359
58874
52283
61641
50267
59541
54281
66161
58874
62309
64505
47030
51537
68520
58806
68973
50647
64523
62225
74144
66017
59932
63810
72714
55420
52873
62534
61377
66583
53445
70792
60892
61243
57344
61159
65493
54289
56306
64449
64893
59835
57398
62961
64975
61001
65146
60813
60413
59532
57888
59385
49905
61988
67035
72232
57782
74607
58810
71817
63756
49756
54216
58872
50805
57368
64953
63291
68679
75280
62306
53822
70053
64010
39666829
