123343
98201
98299
101795
128026
127185
109473
133242
81186
104215
103772
135074
109198
148478
122681
103934
114877
102443
146739
105510
124479
81480
112123
103952
115315
115391
102367
118982
125007
129746
126050
126610
121992
111811
99485
111764
121139
110988
94699
117027
119339
87714
120290
113216
122012
107542
86119
87466
133822
102339
129237
148094
118656
108267
93143
109413
92067
90671
109767
98414
111294
87536
96518
106800
105178
101666
104182
84742
86488
104470
94270
100681
80552
110127
96517
83693
104261
119865
102832
107151
96798
103975
105700
87952
107947
82659
73867
114039
81809
139740
117799
101576
90960
111883
103858
117269
119143
119862
117312
105740
127043
97347
114914
75363
102214
98298
93148
110248
106238
124203
96802
109800
103967
104452
92234
97557
111919
100076
121737
129426
131819
111951
117187
101517
107770
109507
92001
93179
103120
111750
108113
95942
103634
102260
107502
96480
130778
90545
109806
92471
135685
113716
118531
86914
97365
99368
99756
111394
108282
112387
103095
96170
92792
106733
106031
98445
134852
77696
97025
119037
90710
103484
111499
99821
94566
122364
119398
101231
111077
96519
110880
116569
105304
95557
77343
112420
113286
103605
118165
103632
116749
114896
83662
107660
116782
113915
113531
107812
102696
110706
85994
99813
91270
116549
107980
107406
107580
100869
105658
95076
113639
102832
121831
108353
132980
108408
122437
119966
92870
129016
134122
116286
103209
93718
105173
95644
117127
125036
141903
102169
123196
102005
95243
91394
97220
117513
116555
98385
133281
98607
89680
108622
91834
112936
102938
107579
101631
108549
105323
94022
118603
98324
89215
94012
102869
100433
88418
87998
112718
113349
103801
124247
98573
102434
104463
118710
76231
108148
86648
121098
83464
111165
108420
90547
124488
90572
108104
95023
118742
102278
97815
96626
104559
106168
112028
93071
109350
103503
118828
78734
108505
98631
109146
95180
95523
88711
109184
90092
89009
104909
104635
129733
98446
105402
96713
109203
123265
89563
88630
101525
100524
105219
93706
117783
97405
113610
112480
90075
96558
112588
109573
101882
104988
138288
121406
120597
99394
97547
88993
103779
34047412
