77200
63450
58877
63217
68351
60606
62732
65939
60242
59824
68658
67456
68753
62583
69048
64643
70864
62324
64782
68819
64687
73003
66142
71597
59505
63443
69147
65568
65417
70396
63099
69893
68907
62699
61582
60716
65617
67673
64461
66638
71665
57752
71561
62085
63406
63444
65953
65693
64384
63262
63049
63509
66261
62887
69773
72255
62065
63291
62096
71283
68312
68295
65062
60638
67287
61284
58974
72065
69947
61228
60239
64009
72115
60261
71363
60708
64989
68415
63500
64824
66566
66246
67683
62832
69333
65252
67683
61422
64987
61130
70951
67337
68206
63588
63764
62128
60625
69282
69308
62014
70060
62878
65514
59797
66954
68465
63428
58145
59375
62750
55093
69584
58634
66905
70688
73598
64364
66399
66049
70272
66204
63638
61563
66644
68512
62639
64730
66588
64313
53067
61504
59867
67716
64184
68992
67046
71241
66012
65364
60217
67262
68626
67329
61032
67671
66584
71465
64372
61980
68720
63334
64375
62242
65203
69889
66523
65329
64720
62034
63210
69573
63492
66061
69907
70643
69744
71088
64321
70898
62095
59431
65938
65983
68503
66369
68070
67129
70721
64155
65371
68816
70051
61682
64695
59581
66054
69250
65508
70855
66012
65651
61534
67843
65441
62493
60921
66965
66649
59172
62215
62622
62547
62202
61021
64875
64689
65733
68987
62555
59676
70233
69954
67895
68250
71763
62824
67901
63327
65293
67879
68233
68243
72816
64331
62172
64271
65352
66622
65221
64946
65958
58575
67786
69152
63344
60223
60253
66369
66016
66862
69160
61804
65819
69274
65117
68955
66794
67660
65582
65749
69763
73188
64995
68157
65661
71645
61759
60715
64006
64830
70547
71673
59994
67612
64615
68773
66222
69338
64143
65193
65480
63530
67203
63508
65569
62500
72885
61151
65338
64909
65060
62176
62666
70661
72809
70944
68327
64621
64190
59336
64540
68647
66023
68741
70245
70320
64266
63957
66058
69489
64771
68389
62836
56343
62045
68305
68798
69025
64042
62149
70467
64587
65890
64063
72506
60815
70662
66607
64443
63100
70107
61618
72001
57421
65054
62463
68139
61251
65583
63147
66443
58563
63883
60623
66777
65836
66517
66438
62802
66438
66514
62792
64221
70354
66834
71008
66916
64314
71644
73434
67951
66682
63952
65336
65268
62013
72336
62655
65647
63481
67565
67424
71459
61506
60823
63289
67523
63891
61281
65080
62272
64662
65244
69578
64840
67588
65143
63775
65354
69394
67363
62302
68878
68917
62781
64856
66384
65176
67791
61023
68140
65517
63298
64680
61809
64111
64427
63511
59781
59618
59342
60849
67421
63781
65773
66976
69189
62260
71129
72194
70049
62629
67338
69066
61711
64722
74052
62903
68046
64629
73072
63750
64768
68580
66872
59635
63861
62777
65143
64576
63737
64232
67484
69061
66060
71465
68975
61965
69143
61307
60921
66463
64054
66470
69846
67661
66733
68457
67001
60837
67650
59262
68908
69519
70835
63392
68430
62229
63072
64174
68273
64521
61629
73875
66579
65680
72054
70489
61492
66418
64101
65931
69942
65078
63973
69964
68542
65993
71093
62299
65919
67352
66952
71203
63210
63555
66848
71701
69568
69355
66362
61402
69901
60410
68902
65692
60401
64225
72061
68325
71292
61353
65788
67734
67972
65950
71681
62403
71740
66535
66864
63586
70627
65079
61369
71317
62878
66696
64933
68779
69216
63103
66024
67939
70786
66837
61391
67564
70441
61828
69879
69889
66929
66335
63987
65239
72098
62904
67440
68079
69656
57059
65902
66355
63177
56416
63740
66329
68258
63925
62908
66027
62742
62242
65905
66799
64479
68606
63615
64173
58501
69858
67112
67806
65040
65956
65721
70008
65257
63356
65753
63491
66995
66849
60972
59142
60119
58076
69179
58630
62957
61935
61859
70561
70491
67812
67163
70301
70503
68621
63078
65642
65346
67577
74350
60048
61637
65528
68426
63069
65175
61689
64708
70548
68988
65050
64876
56491
64875
66630
62733
61706
66637
64258
63940
63253
65972
66828
66172
61070
62890
62993
69061
70074
67545
67974
64560
68312
63885
62915
71884
66386
71878
67847
63400
66877
67547
64749
64933
62182
59967
64597
70321
69235
60817
65072
65262
66397
64757
64708
65670
66303
66477
66254
65679
62635
64365
69050
67059
66869
66437
69026
68018
59282
60788
64209
64570
68800
59580
67378
63014
61971
69020
62278
66970
67695
64919
66574
65740
65565
66218
71045
66794
66113
68740
66507
62636
62839
63544
70239
64053
66693
65775
64673
65842
69003
61883
68771
60619
64706
66037
67115
66099
59870
64320
62744
56755
62274
59328
65007
60783
59700
66855
65377
67887
62868
69616
63126
67474
70057
70500
62138
66611
61884
65430
63427
65581
65411
64339
67397
70584
65254
68503
66089
68205
65987
64428
65928
63535
56768
62626
64053
64576
60509
64791
70261
64493
64109
63305
68448
69297
67628
65210
63667
62351
68338
63249
65169
69430
73389
64660
61717
65624
66542
73295
62911
62394
72116
64483
67688
67229
60955
63468
69348
67699
72173
68662
67612
60318
65622
64203
73008
66358
59246
69655
60156
70053
67426
65483
67389
65162
67156
61844
66950
69192
66746
69206
66790
67632
69031
65198
66118
66501
68923
63679
63885
64309
64106
59324
62855
63130
68629
65591
65173
63841
67292
67067
66448
61810
65633
66953
70498
64384
67336
66946
66577
68811
66899
67143
66154
71422
62880
65056
63989
67136
60683
63822
58393
59983
54536
68124
69905
63440
62331
65289
72264
64926
64303
67490
64401
67075
68792
61751
66877
65669
73831
63874
74596
62130
62382
70766
73189
63056
66534
70567
65467
64133
64081
67854
61718
64444
61698
68314
68501
69588
65558
56951
68855
68848
69109
73480
64298
69443
67530
64300
72338
72736
65285
69378
68007
69409
61182
67193
65320
66986
63344
65574
65056
67276
68371
65311
62509
66815
60695
67596
68432
69447
66591
66851
70500
69967
63413
66593
65364
56952
67839
61980
62163
65197
58789
63405
67751
61629
69315
56203
59504
65032
64567
64484
68777
63747
65325
64919
65549
69944
62331
71324
61090
64589
70546
66667
64207
66353
63381
62813
69667
58703
65007
59742
69582
69851
61546
64921
68029
70322
69585
68193
68558
63487
65651
63294
68993
59910
68854
67836
61235
63714
68214
66151
67494
69322
67500
68690
70565
68591
65686
66196
62656
65220
66881
64778
62398
60395
60787
64668
68091
59579
64076
67854
70106
67260
68778
62390
65870
66565
68992
65011
65060
60326
64983
66806
67181
70288
73349
64699
64409
60690
71735
67080
61256
61268
68205
64222
64815
59091
65684
64316
55403
60363
65457
63488
58907
67562
74407
68260
61657
68559
65778
70902
64041
61401
65630
65328
67531
67091
63647
70604
65530
57336
68715
71451
62979
60140
64788
55676
64336
58796
70429
64078
60457
62089
68162
61863
63736
59627
71565
66528
65298
63702
63032
65313
64026
60919
67093
69661
65970
65789
67896
62518
72689
66230
67507
63345
66673
58590
66829
65905
67631
69149
65756
65903
64183
66269
69852
61570
68945
69115
73258
72971
66443
67106
65158
69141
65637
67689
68235
63889
62793
69199
66956
60932
62308
68602
64428
61300
69426
69459
61322
65837
69198
70474
71393
64063
68495
68321
65193
65498
63180
65533
66154
69215
68479
66174
68472
71129
68623
67943
66982
66464
62220
64053
62774
62286
67439
65736
68039
65122
66370
68344
68523
66478
67334
62035
67618
68761
70588
64949
61821
67890
71042
58526
69249
68396
63866
62996
66909
63177
65002
66487
66701
68098
66416
62260
67856
67895
62251
62486
71032
65266
70324
58281
65136
66115
71393
63082
67102
68359
68164
71348
66258
57971
67504
66504
72070
67995
67912
62885
68044
63228
67109
64011
66410
65745
62702
67659
60894
63109
68635
60381
61134
69648
65656
70956
67111
68482
68427
66584
65140
66103
71134
72028
65932
62895
72417
71967
72276
67385
65971
66182
67306
62163
60698
63161
67395
67675
70495
71202
63481
63392
64406
68175
62081
67714
60269
73591
71205
61966
63276
63641
62715
68838
68576
61644
71641
62675
64633
60252
67310
62849
67000
71554
70075
69218
68805
69255
68425
65404
67961
63089
62664
61990
62914
64879
68161
67615
63191
68581
69598
73707
60989
64510
67841
60749
67092
60144
69837
62328
63483
67675
67999
65701
64704
65131
65371
67317
63461
62927
67191
67564
63185
68893
69534
63483
65266
64821
65967
66045
68481
66811
71671
58530
68626
60302
64803
68107
65733
64749
68090
64128
67435
63681
70046
58914
68578
68387
71521
60546
67906
63370
67447
64816
68287
64931
66108
63491
64110
71648
62781
54789
63685
69595
65593
70067
67405
68005
67040
70494
61557
65680
63054
60841
65182
66393
66978
58196
70472
72866
63018
66011
64027
72923
61071
66022
63715
66602
62419
62500
66023
59188
65781
68058
65499
63741
64382
61993
73189
59121
64524
61114
72715
68462
66207
66392
65853
68643
61604
63339
64160
71379
65947
63637
66004
66330
63117
68707
65692
67187
64000
68918
63730
67855
65782
63090
62852
66632
69654
67889
73573
62600
69453
65121
63865
62171
70681
70312
67769
64209
64698
63393
65055
69492
69610
65900
59543
68559
73800
58946
65903
64771
62735
72222
65487
72389
65503
67871
68874
60341
67583
65344
64540
65186
65023
73119
66163
69437
66670
63075
62990
67233
68783
61565
70098
63629
65354
64091
66889
63479
61054
61928
73220
67474
62403
61093
62034
67376
67861
54459
70438
62917
67324
68387
62484
67713
70385
65725
67581
67542
67623
62939
62275
65142
63923
57544
66068
64413
69638
68860
65522
65045
70307
67694
70081
69190
67454
65915
64187
71144
66545
68606
68381
68201
62570
63352
64219
67071
62986
56815
66719
60521
66369
68633
68447
64346
66914
64539
70320
71161
70027
56759
68928
67204
64819
59386
61272
62714
62766
66199
71674
71053
68758
71031
58157
70906
64801
61446
68407
66753
65116
60808
63298
56622
65498
73010
68861
60727
67493
64461
64654
65433
61299
65472
67892
63499
67218
68397
60865
64049
63614
66774
62054
65242
68320
56042
68599
64172
70277
69082
70077
70120
63963
68047
60510
72029
66654
68532
73302
63674
65493
65763
60734
67535
63315
69114
66889
65306
64521
63244
66436
67219
67904
64940
61784
70306
70877
60680
69758
62287
69362
58874
69842
66830
67548
64517
68962
67353
63866
63483
67129
63307
63516
63630
70134
74175
65250
66013
57993
64370
58966
59711
65273
71643
67446
65227
69177
64458
70097
65532
68823
66376
68342
64875
62575
62028
67652
68196
69297
63192
65518
69517
69882
64261
62365
62215
73324
65373
67996
62926
65690
70764
60148
60141
64587
66074
63329
70968
65537
64049
64271
67348
65144
69305
69216
64521
63982
64067
69983
61884
69619
59235
66491
69124
63383
65949
56004
67040
59951
65420
71288
69713
61568
66208
62990
72434
64526
67417
70318
70314
58593
62581
67584
66663
69323
69448
65338
63158
63206
65042
66174
66205
70665
67063
66951
68848
62762
73322
66358
68822
63251
71923
64826
63440
67358
62142
67633
70744
64556
69500
67809
63212
65589
68530
57547
64476
56859
72289
71284
60080
58640
61515
63470
67095
66707
71728
74302
71043
70008
61138
57136
74136
70028
62820
64982
70782
63979
65891
64363
67352
64922
69008
65680
67504
61420
63133
58525
59803
65017
66040
65913
65805
64113
66915
63673
64455
67999
67785
67412
62988
69358
65702
64356
63992
63514
64748
64521
61397
65095
62982
69335
64610
71861
62403
66450
69582
66045
62391
61646
66803
67502
69054
66025
64559
67771
66292
68077
62000
62211
72260
66945
66348
64586
65130
65164
64641
67340
69792
63143
63085
62122
73645
60832
60437
58662
61879
64648
64797
64014
70789
63092
62303
64404
60616
66129
65451
69200
59687
74184
72884
65587
59963
66824
63881
64544
64748
67425
65037
61650
61814
66906
65883
68482
68521
64500
62846
64844
58450
67462
63662
65619
63542
65833
61732
61938
67415
59425
60946
61396
61122
57558
71119
58623
65822
60609
67488
62008
64205
61473
59122
71317
66173
65052
69331
67406
64045
57651
68014
64086
65809
70438
63214
68325
61110
62717
58577
63273
65206
68031
71639
67864
67130
70524
67065
69891
57559
66098
66011
63201
67138
65057
59928
60113
72673
61081
65919
68337
69670
64062
68502
60667
62169
63716
67322
69863
67181
66697
68981
63791
67814
63543
59247
65226
68990
65016
72054
68971
71222
60191
69233
62508
66371
69296
70170
64118
65600
62093
69776
64355
70924
65928
67312
62044
69895
64305
65012
71834
63419
64200
57760
64194
68532
66472
63794
66053
59946
70909
69139
69363
75368
67114
64785
70515
64867
68582
61654
65080
65862
63757
66120
58203
64126
63819
64359
64474
68047
64641
60652
69516
69844
62546
70058
65166
67481
64284
60476
63490
67461
64940
69125
68369
64415
66507
64487
66099
63352
64913
60365
68476
63530
75046
64311
67244
65611
64518
67135
64235
65827
67636
60626
65224
65605
66127
58560
67859
55628
66585
60451
59795
58712
68508
69745
69925
65631
67231
68251
60550
64972
66964
67596
63362
71783
61124
62796
64844
63039
67729
67222
66132
66068
70454
64513
63427
70675
67933
62102
65554
67914
69290
66028
70885
65587
67715
69464
63838
64923
71944
63434
67068
68228
65979
61563
68974
65594
66922
66874
62821
64329
62842
69766
59563
65597
67622
61091
70024
64977
73498
63037
63547
66467
70002
61267
64673
71624
59500
68337
67204
63617
62973
69276
64825
67046
62713
68841
64754
67739
65863
68965
68338
62006
69688
66158
64892
60612
67793
64613
64289
64084
64929
66698
68212
64955
68337
59457
69567
61306
58859
65584
67383
65772
68148
64139
63804
66052
66694
65584
67009
60827
64132
65978
63522
65922
64987
65981
62711
70619
65809
69149
63873
65040
65875
67742
62034
63450
60439
64427
65463
60034
70389
72001
65062
62585
60573
69291
62190
67660
61637
64550
58071
62795
71981
65026
66208
62494
68663
64113
69210
61680
72130
65878
64698
61640
69728
65413
67117
65653
60251
60682
63606
65300
64273
68997
64810
68039
67443
66248
65694
66015
65731
64557
65730
67462
67921
71237
64839
67391
68521
64760
67150
63582
69204
66132
63706
64390
72639
60642
62190
68061
71220
60979
63990
68579
71401
72195
69525
69304
64920
71616
64457
65986
69329
66240
59776
60877
59757
65876
61158
63436
72949
66025
63751
66879
64456
68282
63133
66975
63525
60470
68166
64083
67772
66145
62754
66408
66387
66118
68907
70040
62331
65147
70842
71153
71417
70581
65630
64021
70631
64036
63699
66395
65167
71601
67530
70175
65090
64843
64897
65560
61021
66308
62424
63425
64897
69426
67377
68818
68118
65334
67793
62239
70205
65219
63725
63286
63542
64128
67628
64374
62307
56265
70344
63449
68061
65418
66917
63188
65909
68332
77208
58389
64462
61021
62693
67068
61588
58846
63857
65464
70291
67757
66815
62524
67754
59466
61734
65458
72990
54676
65707
67818
66946
72931
66650
65297
65166
67322
60896
61923
61867
68282
64531
62882
70281
61035
64005
61673
67551
64613
58305
67574
59238
64154
65981
72443
63740
66119
65378
67373
71284
71074
70049
66937
68330
62950
59104
57754
61223
62622
70056
63701
66409
69003
62353
64706
64325
64431
63228
62621
67949
60985
65124
63395
64108
64840
74094
66732
61369
66840
66648
62732
65545
67980
64197
68031
63232
71765
67375
71801
67087
66524
64826
65730
59694
65882
67744
58140
61464
64450
58490
61933
70719
72283
71147
67298
65937
63424
63113
70912
69808
69319
65317
72616
62742
69416
62867
67587
65586
64131
65225
62477
68716
63480
58877
66851
64409
66468
70931
63786
63056
64510
65969
71534
63416
61388
66370
66405
69459
64290
61289
79736
67241
56744
60071
61397
60946
62275
70160
65343
65019
57212
70713
66520
67587
66460
66025
66556
63662
68275
65980
63457
67310
68571
68816
64077
66074
67350
73500
65452
63951
67357
62841
62199
66538
60128
70773
63751
63243
68327
61708
64110
71011
67253
70391
60667
68717
58970
65711
66543
70337
65142
60661
67421
58491
65064
69458
67215
70919
67184
70928
67085
66252
70351
72394
65279
69202
66165
64474
65065
63303
56497
66028
65393
68359
69335
64029
65958
71155
72703
71014
66968
63350
62385
69798
63429
69741
66439
65569
65119
64449
70929
61910
68839
71222
70188
65883
66511
67688
72279
62608
67417
69880
66305
60910
63782
66746
63213
70291
63177
65436
70034
58822
68955
66762
65281
67297
70720
64311
66216
66659
66377
66714
65643
59761
71352
69250
64634
57328
66361
66970
68889
61022
72300
65244
63727
62564
64818
67477
62522
66086
60450
67501
64580
62694
64144
63406
62863
61109
66983
63354
68688
68790
65227
72000
67312
61537
58071
67211
68330
64030
69807
63550
63150
70976
69166
66393
67458
66180
73970
66224
65113
66021
65097
68670
59316
70571
62262
65543
68899
63670
61631
63401
64456
67362
63367
73211
65411
63412
71270
66626
68582
66475
63208
65014
70659
62827
69977
63590
66741
67037
66845
62171
64757
65375
68467
62753
66721
68108
65803
65548
66968
65098
67918
62175
68875
66534
70156
64466
61486
66680
64967
65003
64074
67394
66176
72373
67902
64029
66359
64762
65151
67409
61625
67109
72398
60616
64555
64877
60436
63233
63986
64030
65949
65207
63942
75653
64137
70600
72021
69244
60642
67862
65914
66223
62754
64305
67614
64825
63095
66965
74391
74325
56574
62287
65997
63359
60832
69734
69068
63783
67836
69752
62964
65426
71664
69678
67081
68981
61056
66851
63734
63496
66109
70329
65096
71152
63777
64674
70897
61344
67020
64482
65905
64776
68380
60634
71032
65676
60456
65592
68179
57250
71636
62083
68396
62217
74968
68928
66007
60495
64469
61055
67421
67119
61347
68979
65818
69109
67714
70010
71751
64115
65606
69622
66463
61721
63149
62359
65613
64279
57251
70152
64628
66908
65893
66766
62803
60213
69217
69601
62136
62981
65736
65812
68558
71393
69485
64087
67376
62822
67661
70958
63873
67090
67185
69896
71978
64886
65262
66876
68789
62348
66980
62328
68981
62816
70293
62571
60504
67079
68357
66633
69243
61149
64009
62022
74317
70542
66490
69027
68150
70235
66977
64258
71168
68397
63749
67741
61557
70522
57077
70946
58603
67929
57846
68460
64466
63077
66402
61106
65196
60203
69716
69307
61486
66744
64196
66109
64757
64207
72598
70440
69950
61080
66645
66427
66158
63586
61424
66183
67506
65614
62733
62504
62281
67543
63339
63182
61249
65592
69913
64637
62283
69382
68550
59655
67070
67641
64154
65710
62997
66109
65259
67517
60602
70457
67224
64600
68680
70932
66733
60477
67690
67569
64705
67912
68640
64867
65822
71124
70394
69050
69594
68900
65188
68456
71024
72091
69925
61221
67255
63959
64161
67095
73029
62531
61494
63743
61465
63224
66446
63954
69456
62009
66487
69935
68558
62689
62948
67462
64855
69081
63995
61967
66043
65845
65929
71960
65183
62829
69828
67287
65174
64352
67894
70561
64923
65590
72330
61642
68423
64622
69303
66591
67532
61311
64031
63194
61801
67789
67827
73073
68020
64926
64742
65857
75610
65060
65462
61633
65912
62628
68088
68315
68050
67597
62993
59708
67225
66139
74786
71182
67340
63025
71390
67081
57836
64377
63946
68437
66727
68975
67478
74068
65533
68459
66339
71515
62766
70195
59319
72522
65981
67109
68557
62620
68876
69422
68068
70623
62957
66977
72580
65216
72839
64360
68346
63629
66980
67400
69242
68585
69195
69272
62830
64304
70633
69278
60879
68103
59120
68708
63129
67371
65393
65456
66169
68925
65054
62531
62008
67505
71781
69056
70463
61316
67700
62502
69365
67305
67446
63287
63404
65913
68004
67188
71168
63975
65112
65927
62052
68122
70600
64864
70613
70099
64670
62514
71067
63682
65596
71827
64266
72088
67414
66646
69029
62957
68950
63334
64448
70600
64348
67342
70041
66655
60999
68163
64389
62493
62560
73580
67375
67755
65278
65910
72752
67291
66095
63998
69348
70924
72646
69532
71716
64598
72476
64769
60769
65226
64514
67844
64875
64151
64019
69961
67762
63250
63826
70922
62774
71663
61757
67360
70987
69107
65739
62431
67843
68618
69367
67039
68788
69412
66481
71116
63163
63127
69651
66760
65560
65257
62512
70022
63343
63068
65406
67073
67343
62630
67713
63720
66600
65227
65921
64315
73070
65515
65174
61305
68245
72052
61431
66511
64295
69113
63593
61227
61785
65305
69851
67505
63448
68159
64382
64209
60208
66253
61388
65620
71904
67010
71836
68577
63323
66526
68392
65363
70395
63843
65324
68564
66281
67031
68735
66100
63274
68691
67004
67684
62146
65763
65587
69679
65515
65810
66616
62845
65035
63672
67160
66638
64647
62210
67433
59925
55341
70613
64589
59637
64558
64732
67832
68933
65021
70486
62242
67098
61736
63505
68686
66590
66707
68840
69762
66734
68080
65777
66852
59656
65221
62117
72628
61778
69487
65359
63103
64727
66566
63083
59251
67337
66645
64197
63572
62242
66517
56790
67897
59443
66709
64115
59332
67147
67845
68220
56544
68880
65830
68860
64208
57556
70261
64542
63559
63223
70446
59418
64404
64664
64803
64489
67003
60145
59399
68304
61239
71775
64515
64774
57966
60283
68037
64468
59446
70374
69208
65238
60433
64076
63375
62591
63674
65092
67646
63559
67492
65679
72690
63264
71921
63470
69576
67127
61651
71779
66800
65279
65452
58155
67759
63967
67105
60783
69405
65127
64275
67121
70062
69062
66112
64266
70624
58070
67361
69507
67088
64326
66208
64103
68004
65200
69599
61522
70067
57066
65966
65339
62009
66878
72749
63890
61006
63813
64332
69258
70975
65127
66495
64609
57750
66438
65520
64590
56670
60236
66828
60080
73649
59166
60232
66943
66711
66251
64843
54664
69809
65058
67139
69518
72139
62217
62298
60958
61110
62095
63015
64340
63989
62376
59527
66222
66154
62227
64843
56607
69956
63900
74361
64173
71153
65722
62786
70133
68307
67094
64854
66250
66156
67540
64919
63745
69424
65495
62077
62912
60294
68227
65321
67228
67421
67856
69461
69510
64058
71695
69235
64845
66701
64335
64280
64075
60613
60058
69897
71621
68634
67744
69074
62359
68311
60655
65234
69585
67980
63716
59412
71213
63197
67196
67645
64065
68105
63088
68374
66126
64432
61737
64301
67027
62456
63083
65991
58188
67187
59084
67134
65198
62111
58110
68989
59607
59892
66255
63404
65639
59087
60037
61014
68892
62781
60864
63303
63499
67216
65297
62182
68700
65968
64491
64980
64258
59502
69648
63327
65968
68036
66188
66858
62677
67902
61976
60307
63811
66787
65738
66349
64846
65540
74011
66519
64832
66431
69068
58712
63355
73594
69303
70175
67336
68714
65610
58919
70366
71555
68164
64522
62836
65903
70954
63732
65707
67324
73109
62963
62670
60524
66376
63607
65646
61548
69757
67949
60994
60347
56697
64940
59096
61268
69349
65849
66270
65544
71361
62449
63254
62731
63454
61176
67652
66629
67048
67305
73128
64078
64925
59699
59950
65615
63184
62848
61943
62887
59224
71106
67007
63008
66175
69974
64119
66342
66303
66893
69321
63073
70330
58232
66946
63169
64170
62891
70811
64821
59867
73360
70609
66668
66885
65307
64795
61441
67178
63386
69442
66696
65507
61032
65307
64533
64599
63334
61163
71004
65750
61724
68469
68446
58756
60803
63650
69133
68377
71481
66718
68516
70946
63035
66521
60541
65630
67618
67514
63468
66416
66571
66781
67923
74882
58448
64697
67492
72154
62619
65431
65824
63387
57448
65463
72058
64901
57417
59932
67840
55936
67995
61523
67369
66881
65107
65414
65625
65981
64458
65380
65608
65178
69786
58931
60251
64739
65665
64929
64367
67388
63802
66872
64469
65779
66000
62540
57124
64918
66340
64805
63643
67705
67333
67783
64652
72217
64534
62688
67014
73309
64038
67469
64327
66845
67316
72583
63519
67144
69131
65643
65218
57332
65636
67653
67098
65045
64382
67429
60683
64495
69381
65974
64008
62323
70451
61265
64481
67599
69978
69144
62866
65341
70455
61327
65134
65281
68132
71155
60444
68622
62888
59511
69812
66721
69807
62245
68204
60351
55693
67489
58433
70366
63856
64321
63800
62503
64918
63896
67857
75035
67153
69940
67682
70904
63380
67963
67225
65278
68646
68857
73083
64388
64433
62423
66388
62803
61466
70821
68112
59998
60042
68601
68278
62632
60908
63325
66781
61071
72173
70496
68359
71130
69076
59887
63136
70866
67769
60879
67748
61997
67168
69181
62127
66412
64297
69181
59735
66668
67442
67317
66212
63865
62730
68860
67238
63678
65514
70184
60711
62676
63097
68005
61719
67771
69102
72908
65714
68603
74180
66235
70114
70701
62260
60434
58195
70253
59596
65076
71045
65431
66873
63064
62328
71181
60436
68262
66670
66690
62588
65399
60076
60388
64273
71663
70365
62553
69031
62892
66095
66863
65804
72326
67410
65172
65033
69229
65606
64506
56600
70028
68213
58661
63952
63577
68301
62528
68629
65963
63964
68363
54921
66224
61976
67929
65108
65144
62710
66081
58807
63296
63886
63021
65986
67770
61114
74078
61718
67986
69823
69129
63541
68389
68150
66082
64994
65340
63136
67571
56738
67210
64689
73849
54921
62690
59280
65696
66641
65301
66523
70472
65306
67667
57297
67988
67202
67559
65265
71906
70980
67452
65973
63818
66490
62944
64303
60992
70918
64703
68997
62311
74595
64490
63800
64890
70331
62554
62490
63167
67482
59935
68940
70970
63642
68601
67487
67046
60690
66699
62899
63316
61232
64922
65920
63932
69010
67887
62297
61439
65773
67850
63329
72834
68893
65473
63056
67693
67845
66389
67169
63514
63468
59954
66601
68630
61653
70879
65535
66330
65224
69040
66388
69338
64791
62238
68395
63956
63516
67446
58784
60685
60648
65727
67375
69687
64539
67961
61898
65013
60062
70998
64978
64767
66602
64412
66056
66202
73324
64890
66602
67324
71127
65296
64837
65004
66682
67499
63477
68675
69822
68508
61479
67457
59519
67528
67792
65730
70337
67873
66080
73379
65451
67757
58639
69476
66978
66356
66331
70521
71222
68006
64777
64351
70945
55891
72769
67137
70530
68217
61366
66878
73352
62733
61028
63521
62776
62164
66075
72517
68432
60608
64229
65276
71476
67189
64301
67650
64055
73203
63531
67886
62565
66416
64827
67405
69671
62465
64105
63964
62030
65725
72134
62417
67071
66863
58222
66566
63978
63194
65531
64986
69551
66805
66961
59205
68845
66058
65008
62940
61651
70616
67853
66434
72975
74047
65080
66800
65341
65679
63194
66373
71642
66257
65696
64949
66645
64966
69470
68250
63931
67458
64475
60031
63185
62794
64998
66740
63290
63817
67142
68140
62181
63507
71515
73216
63502
63523
64726
61535
68340
62850
66786
66138
68974
63099
69168
69984
62812
65499
66528
71317
61451
68253
65086
67406
63502
66457
65480
59441
60819
67920
59138
62105
67637
61908
69672
68733
63624
63022
61545
63833
70507
59879
62452
67651
63804
67472
64165
63265
64669
68127
60400
69849
72103
69966
68862
63792
63368
68316
66470
67349
65952
67351
60202
63959
67129
70072
66215
65921
63937
60745
69873
63982
64106
61465
63181
66957
69033
68097
64689
70990
60959
64545
60001
58242
63135
67566
66887
66957
70272
62675
57173
67310
64951
66853
64903
62636
64505
59920
66694
70173
69975
69133
69126
68515
62921
68044
69983
64410
69115
67045
72043
66609
61204
67074
68636
63900
71134
67936
68934
71739
62539
66664
68746
74517
68402
64039
69884
67217
69438
62912
67026
55304
63127
59537
66347
67159
66619
65813
78427
61034
66314
64821
67167
69755
57407
59972
72422
61784
63492
68337
62579
65745
58796
65061
63531
68007
67322
66289
69015
71103
62912
61290
69404
64519
67334
61529
69867
65969
68113
65551
61636
62771
68356
67119
69443
66458
65683
61850
68892
65724
61143
66999
66376
63675
68178
66411
60643
64742
63050
66811
62381
63591
67983
64597
70969
64828
64385
69232
60279
63593
65694
71678
64862
66050
58175
61666
70274
60974
60180
53562
71635
62511
71534
63655
69614
61068
67901
67275
67907
66038
68712
61963
67691
64206
66933
62988
69891
67430
63422
64669
67159
67522
66744
64876
63753
70560
64721
63576
70540
69243
63791
66215
68471
57543
67994
69714
67333
65284
60844
60720
62785
68837
59211
66256
64879
61292
69274
56801
68343
63126
65255
64335
70993
68677
68024
65207
64969
62709
66421
65576
66532
67677
64354
60237
67603
68612
63245
58800
62622
68119
63198
61564
66566
66759
63674
66498
63279
75080
64324
66549
62343
72924
66164
66465
68853
70289
68127
68777
64002
68493
67678
70073
68697
59130
62659
68860
63159
66117
66582
63272
64050
61125
57920
61179
64351
71094
69098
70202
66774
66951
66157
66435
67797
66794
70716
63727
67346
62148
66095
59545
60978
66700
60443
59639
66461
66314
68824
68543
60669
61079
65928
68614
71154
64613
64230
65812
67229
64964
69077
70952
66116
67057
61601
63827
66885
66504
68173
59145
63910
66753
67305
63351
72106
63062
63763
64893
65107
68205
62321
67010
62962
64010
60099
68448
60041
63607
61792
71413
65179
66717
67526
66826
67303
67884
61681
61358
64609
60805
70326
57381
62405
63215
69237
65606
67458
58506
67943
62388
69242
64626
61863
63748
60027
65321
66257
58319
63931
61670
69767
67365
60534
68604
67395
66558
70592
66675
65081
60298
63028
61510
69780
60994
56344
63926
62096
61653
63715
63243
62394
63184
63024
64914
71495
67379
71330
58640
64476
68059
72393
60299
65772
70445
68716
68081
70961
64955
63321
61570
68324
69821
61383
67797
66528
64829
70637
61532
66428
63702
65409
71842
61446
61757
63846
64988
65207
61874
60039
68448
61963
65240
68595
66132
63617
64334
61936
64852
69520
74601
68812
61233
65033
66754
68516
63369
62612
70488
67894
75092
62931
64584
64032
64111
59836
66199
61393
67069
64513
64996
60600
63097
66779
59795
71241
66916
65285
66298
69358
68268
66877
66825
65092
66789
61967
66483
65760
66927
63516
61610
68326
60987
65943
72094
65447
62052
65609
64991
68580
60764
71082
66641
66290
66854
70648
70195
70142
65096
64723
70363
71673
58992
66257
67892
71515
66011
66757
66504
69449
70842
66342
70143
70580
67450
68657
66053
65490
69730
68204
62616
67696
63554
62978
67528
64711
73424
59582
67454
59105
66729
65748
63809
61283
67339
68868
66160
65105
65439
67487
66930
63489
62788
68461
65314
60976
65870
63822
63435
66663
66862
66791
63547
64247
65132
68874
65244
67854
62279
68298
62996
60567
67069
61851
69959
67548
67908
66089
66002
66531
65348
60856
65308
65690
69392
70299
61336
61068
63804
63732
68524
62870
68094
66978
65255
59167
60007
68552
56522
69674
66037
65450
71220
65919
63992
60329
63589
70317
67296
61080
64837
62181
65742
66125
65389
62330
63422
64345
61050
66174
64264
62679
67495
66762
59613
65492
57012
65188
66951
64808
63577
67171
64861
66558
65861
70333
64407
60550
59117
64257
66670
69725
67217
71722
68112
67947
70009
63783
59322
64131
63219
68073
65913
66687
65333
64496
66319
66978
69029
68109
64016
64634
72698
65398
72521
68417
66234
64914
65092
67685
60183
67176
72231
64707
64802
68726
63824
71388
66855
61674
67056
71025
67028
64204
60191
68234
66688
62523
67384
67767
69427
64334
69192
65550
66549
64195
63154
66745
67182
60115
70704
65624
64036
68479
67019
66732
70147
67002
62084
67003
62421
67677
66056
66889
61139
67604
63195
67703
60880
68882
58832
59337
62005
70355
67580
68132
60184
65941
66150
71550
68992
61677
63064
66733
66666
69581
62501
72990
62769
68411
64838
62640
65162
69770
67076
70671
66036
64360
65917
63432
64716
65672
61584
67073
67888
63857
72459
73037
61258
66465
67443
64001
56432
70177
68191
66645
64326
69832
69434
68223
65477
70289
68053
65666
66104
69750
64303
65844
68754
70004
69724
64677
67033
73024
66506
69910
62699
72275
66896
69505
65311
68912
69530
63811
66709
62774
75189
67155
67352
63418
65308
62962
73757
64976
66154
69794
69212
62898
61803
66193
63279
64733
70097
66340
68128
70077
68778
67228
66001
70366
62425
63670
69259
61733
64637
69440
64466
65414
65230
60950
60916
65575
61456
65480
68935
67143
65738
66805
70482
66196
58210
62988
63891
66094
65077
66386
58594
65393
68252
68827
65101
67602
65070
62697
56527
68021
63192
70057
61574
71145
68425
61325
64137
61195
68481
71230
64412
70281
64048
63237
69901
67649
67718
66277
60750
68122
67791
63187
74972
67421
63662
61798
66355
63476
70593
66088
66951
64746
69954
70908
64100
67189
64305
66340
66223
68836
71324
69466
68081
58288
65899
67880
66893
71512
59591
65060
64743
66074
69790
67976
68798
64319
68132
70323
62848
65152
71282
67140
65146
65928
64087
62239
66629
65012
64251
63523
62226
66829
67797
72126
65386
65591
65181
62078
68613
64062
66689
64330
67538
64073
67691
64504
65497
63415
66628
64871
64755
67710
66722
72325
63688
62559
69998
66789
64647
62885
61642
70433
60798
64034
65354
67414
63842
64571
65889
64213
65647
69690
72095
63452
68427
61831
66626
66440
63244
62355
65227
61470
64948
63379
63989
60355
63317
62318
66293
63722
53877
68426
69573
64876
69780
65251
62812
66678
68612
62751
65650
71456
58652
69004
64454
69784
64113
70623
63545
54927
67534
69868
66116
67957
61783
70465
65160
68500
57803
65477
71620
66969
68568
68791
68626
62322
65707
66244
65583
65054
62153
64613
62464
65702
68875
64445
66177
64318
71501
68108
60746
71746
65715
64812
64952
63575
58518
63552
68504
68938
69000
68100
58848
68533
64475
66059
67159
75398
62064
67586
60349
68825
66075
63413
66957
69046
57180
58668
68449
65488
64397
64101
71713
62059
66728
66404
63312
65291
62998
71802
64382
66851
68820
70124
58843
61340
64564
67831
66556
62930
61646
61853
67740
66132
66839
65500
59011
70306
68031
71569
66118
66142
63391
65921
65881
65786
66583
62162
70209
59974
70684
62509
68334
62397
67380
69964
67376
63878
65390
68192
61831
68368
65241
67108
58256
65138
62248
71022
59176
64112
60288
64412
64552
65264
64468
71650
64578
66694
64272
67597
64686
66737
71247
69354
70644
67385
66633
66615
65685
67521
60730
61691
61130
70190
62476
67872
61852
67929
67352
63781
64491
71496
68989
60700
63352
63003
62423
66633
62565
64735
66089
69741
64735
69262
68372
59123
70180
63853
59534
71924
65273
69988
72618
60344
64891
72765
62258
65215
69726
60021
68445
63893
69734
65947
67906
68352
63412
61561
63441
73745
69152
60483
65322
61776
67578
65032
64741
61528
63496
67688
59196
74016
62559
66999
67158
67339
62961
62976
71530
71258
59017
65337
70796
62309
63902
65645
65431
62367
72204
65993
63166
70438
65641
70513
59557
66516
65831
67029
68237
63268
69202
70215
67813
61328
69876
66370
52328
59417
62199
66018
61467
67926
63812
59248
66598
59763
66280
65472
66330
67488
62600
63532
64540
65072
64248
65336
64356
60669
64570
63411
67706
65181
72895
62637
61151
63859
67078
66383
64619
61450
66479
60815
65286
64703
65122
67722
61358
67641
64215
65786
66209
65948
65676
65133
60442
71329
64077
64837
68220
72523
69970
63810
53648
67095
66339
65891
60734
70558
73201
64908
67195
62763
70089
68880
61993
59660
70712
68322
60402
66996
68593
65738
64897
70037
62360
68017
60276
68548
61199
66454
64678
63858
62040
67562
63145
65690
70392
60267
70333
66894
66167
67389
57947
73475
64585
67175
65010
65609
61557
59024
62227
67339
67527
65825
61025
63838
62964
66911
68446
58469
69210
69859
70686
65758
67783
66168
66992
60674
69477
66655
62473
66605
65492
64593
63679
64318
68199
66795
65091
62818
61662
61517
61113
69338
60131
66025
59181
61043
62684
70780
67519
60774
71209
69827
70366
71386
69341
64031
66467
65063
64659
66416
69218
70222
65045
62419
65364
63182
64899
64982
61867
65171
62645
57276
66500
68118
65548
67258
58056
72453
70429
63240
63958
60240
61097
63942
65211
63615
62132
70574
65026
64382
61387
62447
66570
67063
66892
64658
69252
69886
70250
69179
69836
63974
63576
67033
67249
67967
65558
68782
69267
68623
63834
61654
62151
62276
74040
66886
66919
62937
64136
70530
72073
69176
67572
68906
71078
68164
63819
64620
61284
69024
64371
68656
59366
69803
61502
60300
65233
65563
67326
69596
68130
70211
68068
65526
69070
68712
64500
66243
67188
63377
65230
63393
70453
72022
67559
63908
64467
69319
67025
66861
65744
62604
65705
62289
62973
68163
63265
66862
66550
62009
69546
65416
56926
70649
61068
65688
69065
60119
66012
67597
62379
65123
64397
64939
66237
72817
63461
65803
64388
71890
66118
64137
64489
67090
66881
65467
64370
73044
62266
62041
71973
66128
63203
57416
72177
64352
63080
66339
67459
64453
60166
68630
63199
64656
70320
69636
62624
72067
66351
62674
57508
67479
71751
67476
58943
67543
63291
68351
70773
62996
66543
64548
73010
63042
65606
68410
68782
65826
70314
56144
66877
66525
70300
65702
70541
59918
60854
60845
62701
65040
63633
67306
62561
72921
69407
65974
62978
65476
70398
71132
64104
66363
70443
65766
63480
64333
70068
59796
60562
65747
62245
67571
66179
63461
67458
68943
60573
62994
70400
65353
66789
70764
64992
67988
65247
70073
68164
64000
63356
64199
67037
72180
59421
72385
61923
59274
56797
70831
64688
71282
58817
63897
69631
63672
70077
65993
63406
68081
61666
71498
64340
67081
71836
67651
65793
65483
67366
66865
67708
68074
68058
66426
66145
62679
59999
67734
64304
68687
67272
65995
68748
72119
63376
67890
72122
67993
68605
68915
67275
60756
68248
66492
67186
66090
66603
59077
62139
70086
69663
64828
65192
65032
65228
59627
59537
65421
64648
64397
66834
65126
69010
67454
64126
63298
68039
69166
64133
67678
64411
68474
65921
69670
70595
67441
66723
65449
69448
64453
61503
63342
66356
66071
60456
65440
63207
64233
58808
61126
72577
61481
64629
66934
66103
71991
61863
69572
59729
66069
69108
70525
70092
66451
65238
68525
62161
65654
66615
64441
64362
64409
63072
64476
64953
65124
65311
66830
61766
65201
67246
68207
67330
60021
67232
72579
60762
66628
67158
63750
63320
64831
72927
72936
72527
58479
67437
68885
69313
71431
66567
74643
66910
64097
69417
66018
64529
59952
67554
61357
69088
64975
73004
63400
62024
66410
66470
62593
68394
61711
72079
68114
65079
64505
65661
66220
57949
65723
69725
69463
64592
66467
64103
67682
63102
62839
65149
70357
68268
69441
66758
60133
59940
69688
61447
66865
67482
68124
67397
64217
74534
62745
58969
67197
67698
66175
66552
70356
64443
70437
74558
64242
67938
65372
65358
66432
72618
67313
66138
66156
63555
65502
71136
60950
67592
69077
70287
64350
71559
60897
61818
57945
64361
70150
67898
70104
59495
63738
70369
69962
66779
71943
69153
74281
66876
67459
65903
68909
71253
62313
65924
67057
70850
66666
64699
66939
63393
68576
65259
70955
62544
59701
70029
61013
58901
65211
62112
65214
58385
60743
61312
71282
66641
62384
68403
67087
65320
64638
61014
69738
68865
64302
61727
63788
66942
68606
64939
68737
67384
63358
58841
63133
57449
68724
65466
69396
74819
62856
69774
65593
64519
63001
67246
63447
65883
65597
66775
65678
62453
71593
83938
69371
63730
63853
66455
66861
60554
62196
65362
62763
67538
65992
61472
62309
65634
67871
61895
65932
62954
61457
57845
64720
69406
66385
65423
67919
65917
69099
68610
68345
67065
63555
66210
58982
61480
60100
64793
63829
72804
67239
69880
66818
70639
70434
67459
64952
57636
66379
61327
68323
67084
70047
59092
64750
65923
65484
65828
63846
67413
67261
64046
65248
68028
66455
69565
64723
65814
66194
66604
64707
62924
67897
66379
65325
74458
73197
65280
68349
68209
67610
65450
66719
61744
71505
60441
62030
63561
70555
68945
67755
63014
65082
70153
70451
63891
62176
65914
68643
65283
70620
67118
66089
68401
58318
67105
67166
65624
63373
68307
60302
68575
68312
59092
63307
64643
66325
67937
70900
67601
66094
69885
70675
65016
63117
60337
62667
65222
66798
61225
64608
64309
60447
61967
62478
65379
66753
72062
75388
67927
64495
75083
69878
70409
61089
65785
71120
63858
70776
67561
65208
61879
65494
68058
70612
66689
61624
58660
62368
65760
72750
72265
65664
61965
66680
66435
67648
69999
64641
72591
69643
69389
64082
68929
65721
75484
72995
67347
69190
67511
69565
65086
66196
71428
69185
65241
69676
71305
63494
63286
58227
66344
61674
64506
58298
63691
69169
64510
63098
74276
63049
68961
67271
69360
63908
70260
67525
62340
60994
67164
62359
65617
67654
62418
64998
66283
67321
64109
69516
62780
68732
64053
64045
65028
66987
68036
70855
69856
59204
66346
69435
72242
63054
62707
68510
68712
66875
63301
59179
66908
66648
65935
67242
62500
66908
70022
64334
62016
61460
59555
65559
68446
60284
67510
62663
70498
61490
63615
68939
63491
71153
61192
63582
64243
62657
62170
66852
65192
67025
62774
63582
62833
58921
71946
67009
61305
66436
65108
67735
63137
66368
65781
65703
71169
67098
62148
61650
72823
61835
67481
68802
64655
61892
64142
62442
69817
59593
64501
66206
73069
68698
64327
63306
68943
62698
63015
65680
69102
66712
57200
70263
67755
61483
66338
62331
74037
61700
62340
74835
67333
71948
66069
73184
66785
63767
61645
65868
65769
68469
71315
73053
62553
70146
65289
62036
67425
65452
64732
66357
65549
66496
62536
68706
65891
69782
64684
63816
63827
68093
65546
65273
68607
61247
60619
71287
66323
67499
66783
65494
66102
69040
63709
68184
67597
61777
63707
66256
65575
65158
68255
67735
61760
67581
64428
64193
64147
65726
57775
58484
71087
67077
61585
66501
72174
60928
68191
70654
71078
66791
69968
71642
60689
61612
68366
65297
64311
62521
66058
65678
69287
67465
65795
68821
70842
61588
67049
73063
72537
66918
66542
64013
67075
71561
62160
63127
67886
62526
65945
66780
69988
68639
69235
72121
66233
63054
66067
67192
69776
61428
61626
61671
60396
60976
70274
66642
66066
66088
63020
66776
64482
67397
65844
69268
70702
63519
58511
65070
71995
62892
65578
58402
69375
71545
67523
62120
67031
65081
61910
63301
67433
65792
69635
65375
65141
66473
70005
69392
69392
64015
63549
64329
66859
65964
62244
66752
54495
73026
68354
63319
61718
64612
70087
66703
68989
61807
66923
66819
69846
60807
69533
68913
64745
69053
63527
72855
65297
68323
70202
65269
65886
71737
57610
63899
63722
71793
61660
66640
69874
64416
66992
61492
63245
67804
64308
66352
61530
69855
70532
69702
62408
63732
72221
64487
68223
67683
68828
64561
63450
66150
69708
62927
62945
63184
65711
65691
66745
68328
65470
62296
63586
64030
66641
65790
68476
64589
65718
65169
67713
62353
66992
67064
62700
67625
62205
69979
71480
64670
63992
72520
71303
68594
61916
60846
63289
61122
66239
72111
66807
66822
62571
61531
66808
70298
65356
69487
61765
68343
59355
65766
61184
67580
66637
66764
65534
62738
66009
61621
69149
67113
70065
62179
65892
63119
67091
59341
71862
70035
63518
66969
68654
64261
67978
63066
71058
70491
74037
73412
68364
66303
72210
63551
66497
68108
67703
69626
66234
68901
65871
66969
67534
65923
65086
58217
69062
64869
67912
65733
62421
65986
72245
67941
67844
63815
60453
64759
61576
65162
64144
66105
68313
67844
65341
61370
58216
62187
61973
64939
63155
69477
65841
72946
61449
69384
62360
62103
61868
63588
62165
70265
67293
66433
65191
61626
70596
70629
70553
66981
68491
56863
62986
67212
66937
61741
64838
65446
68859
70031
71220
63104
74010
66577
71706
67629
64830
64094
68089
63064
68126
61491
63110
66257
65273
63382
72157
63457
61657
60999
65187
71779
72054
67459
66037
69861
65805
66903
62475
62822
67301
64314
64697
64363
70790
68389
63127
68213
60634
58761
60778
67329
68053
69231
64561
63622
67062
66206
62329
72116
68804
59764
67370
69066
69491
63024
70773
62711
68998
69995
69315
63130
70764
65339
66387
61371
71861
65642
67196
71536
63637
61014
64662
64881
60137
68692
64983
65549
56075
71205
64295
67253
57913
65070
68237
67091
60681
67973
60708
70772
68805
61151
64246
58330
61959
63040
69884
69629
61185
62519
71473
67200
66947
68442
66605
69226
69407
60619
63953
59936
64129
70848
63484
67147
63242
66634
69269
66395
57311
67221
68070
65821
64619
64416
66110
68450
65779
67650
64586
64512
64910
65789
73015
65144
60966
61387
62892
66809
67681
64414
65188
72063
73346
68529
67706
69451
71136
67434
61964
62949
67311
61952
66189
71695
65768
66908
62091
71484
62185
68491
60175
61952
71083
68099
65851
69949
71860
63851
64666
67095
72404
68687
65411
65882
64208
62576
57886
65139
69356
62378
61180
60593
64325
64025
67756
66984
71162
59409
70559
67685
61565
64134
66576
68077
68777
59255
62589
63569
66562
65021
64934
67414
58510
65713
65881
71928
63389
64648
63981
63519
65296
68008
64325
65923
67035
63343
61823
59850
70309
59804
66300
62726
70496
61127
64347
69858
63128
68043
65936
65381
62572
66167
67729
64791
66794
63940
65235
68295
63408
65221
69711
68493
70800
65171
59368
63972
62378
64789
68387
65228
61257
63690
68216
61144
70406
65273
69235
62814
67887
70567
66300
62449
69697
64513
70220
65148
69618
67875
67174
68561
65750
69719
68032
72498
64875
71672
66734
68608
60944
62491
69295
66173
65964
69957
66042
65076
66432
62532
65717
63520
64893
63563
62139
68057
70897
63142
72424
58359
63796
58384
63586
64025
69004
67716
62346
71597
65657
70250
64487
67603
62841
71746
62071
63584
67841
69100
64090
71607
64697
64093
67776
65455
61020
60225
68376
70526
63115
61417
63978
63830
69262
70848
58225
68980
56654
64395
67538
63684
67460
65048
64067
60881
66682
63017
56632
63412
65709
70317
60264
71105
62702
63526
67751
70224
66590
65381
64840
63929
64519
69368
63902
65517
65596
63762
65102
58119
65358
62214
69036
63614
63446
68530
65816
63528
59864
61466
70440
71321
70897
68100
66554
65548
63262
69604
72000
65108
66972
66108
62861
66135
62425
69604
69226
71329
67111
70707
63112
64693
65135
66590
61996
71941
65279
72674
68131
67550
67626
64732
59052
60473
66893
67244
66233
67510
66758
67097
70551
63262
68744
62004
64104
66504
56631
60643
59610
68422
68204
61073
63392
66066
67422
68583
62301
64853
64489
63989
65217
62199
63620
63520
66973
65106
65160
62473
64734
68718
70523
67594
61827
65540
62563
61293
66654
63757
60305
62296
63958
66064
65892
68502
64150
65655
61645
61541
63328
64099
66389
65408
71397
67259
62641
58202
71172
66441
68869
64945
64513
66901
63927
71511
63342
71546
61505
66962
65453
67644
71961
64492
72887
65747
66980
67639
67669
56161
67047
69462
69251
68354
65644
61137
64398
65910
58890
64803
65197
69159
66729
67853
68496
65777
66305
69248
66878
63990
67578
70483
61011
64625
57696
69990
71431
65735
65607
64254
65461
62376
63575
68806
72053
69969
66158
65649
67101
58840
63933
64045
62128
61605
66648
67563
59053
62171
65033
63708
64842
69064
69817
70453
65203
71040
62039
69930
63611
66455
64392
60495
65275
61090
70086
58842
61430
62126
63848
68070
65406
69690
67147
63520
64990
65954
63651
63694
60670
67738
67606
72328
62237
63945
66854
64869
64603
67377
66897
63882
63311
64922
65182
64748
61457
66476
64756
67735
63903
65065
61195
63365
66835
62924
62987
69344
71544
63809
68791
68026
64083
62541
66620
65355
70233
67801
65983
66281
72116
68618
70850
64665
64236
72641
70731
72105
65420
62639
68122
60943
69992
59186
65591
65249
63288
63214
56481
64019
66974
65817
68791
65597
62791
72706
74427
65666
67834
68901
67845
73357
69550
73767
64997
68892
66760
65611
67463
61319
67251
63383
62726
65072
65476
69257
66134
64028
63925
60683
70085
58409
62901
71972
61931
66554
72249
66775
65994
66509
69380
59258
70693
60994
68814
63465
65321
66687
63351
72024
58620
63051
71260
60665
65583
69601
59493
67635
66786
67902
67934
62320
65084
70480
68462
75841
64804
54358
63875
62865
62404
66197
63133
66135
63205
60908
63767
63853
59882
63800
63913
60174
63814
69638
60759
65647
61693
71813
71128
67607
64729
60904
63613
63301
56800
64478
65714
63545
72958
67723
68807
63824
72771
68723
60814
62732
64274
63100
68482
64804
65683
64662
72534
70587
72492
62229
64852
56871
68905
63058
62172
68509
62081
69499
65287
62693
70564
65950
63540
60536
64576
68948
65031
70242
70731
61320
70133
65101
62445
67493
68905
70826
71308
69252
67130
73376
62493
66006
63883
73863
67020
68148
72555
73543
67983
65696
63581
68028
62531
63384
66507
71813
63282
70099
68326
61858
68859
67689
65191
61662
66497
60925
62974
65965
63424
65925
66619
70554
67920
63860
63565
73555
58440
62002
71247
65843
74172
68650
62152
65766
66253
61927
69008
65596
65292
64664
70964
61272
67131
62901
67129
64820
64331
68211
67228
66030
68149
60119
66505
67455
66045
67739
59440
64913
61537
64341
63795
68103
59082
56926
67886
61736
63274
67278
63171
59702
69235
67965
60550
66647
62554
64282
67511
68831
65756
65065
64699
68151
66755
66099
63087
64585
70648
64664
67442
55154
69411
61209
68421
63019
61114
65782
62602
62006
65270
64197
62289
67585
75623
68978
63246
60131
67392
65494
66683
73930
64590
72637
68806
63427
63260
70023
66995
64662
65663
70496
65149
64112
59244
60123
63793
72944
68175
67176
63143
59729
69339
65706
66294
58785
60498
67313
62931
61723
72688
62689
63899
73173
65722
72933
67130
68638
65652
62857
69765
62594
62522
71555
66008
60285
64439
62811
69959
61792
66277
62155
73659
61024
65728
57837
64108
67085
60944
62819
65009
66013
68909
67235
67217
70657
66702
67981
66588
65008
66754
63276
68723
63822
66988
67409
62683
69685
62206
64313
66041
68334
63284
68712
70150
63220
64674
63372
65327
68553
66026
63888
70187
67695
63202
64140
66764
66925
70318
60862
71029
73423
68684
72589
68048
68345
71786
69600
61367
61484
63982
70872
73057
62376
65734
63201
63187
63269
67378
70050
65651
63467
59423
65785
67778
65122
66432
65911
68965
70135
68661
67697
68730
62855
67175
62954
71103
68220
63323
64933
61346
66385
68057
65632
64833
64029
65006
66618
61421
58518
70877
67107
65494
62495
67329
70428
69954
64437
62449
72485
67672
68591
62878
67718
62892
67709
62459
64935
65107
63267
67773
62143
64030
62821
66421
70908
60105
66641
60490
60416
68153
64633
67483
65175
69798
63504
67247
68174
61365
70231
64406
67704
65284
66047
67939
62053
64335
66071
72181
60079
68783
67808
66164
61103
63012
67189
63242
64625
62579
68189
67122
63123
65019
60842
70007
66557
70626
61995
59033
59747
63880
61086
67051
67215
70729
63960
68010
67201
62668
63570
68246
67693
63308
66719
69310
65033
67138
60505
70308
70574
67111
67837
63679
82896
64039
62363
64957
63792
64975
65702
67203
77744
66445
68436
68384
71773
65820
64240
64991
74135
63480
65391
63991
62788
66877
61407
66715
69178
64721
61456
66236
67122
66346
59528
68695
69195
69833
64721
61816
71315
72955
61527
66875
62651
64288
68729
62548
66851
68002
66383
67322
68242
60045
70980
64901
59590
63933
68887
66508
65704
62877
68222
60854
64158
61384
64221
65896
62210
61274
63958
60961
67098
64814
70082
66895
62432
67032
68120
66208
64951
64405
69639
66705
68669
67355
68753
64444
61607
68076
66429
66250
61528
57420
68435
58232
70269
60417
66250
60178
68965
57723
69818
65666
67282
63561
62688
68377
68852
67393
59667
60912
66126
66680
67444
67062
65333
64149
65113
65141
64498
64879
71001
63598
65181
66702
64111
67254
65835
67130
63060
59713
69745
65983
70321
70748
70243
68484
64512
63050
67505
67237
72342
66301
65503
65412
65824
62036
61766
66776
71007
67098
63196
71159
69486
64228
62605
69279
68267
69101
63170
67023
70554
69100
68630
70426
64588
70605
74266
71731
63408
71035
66706
70751
66687
67479
59636
71504
68225
64971
63915
68083
71753
63089
68585
65004
66070
71793
64138
64959
60161
66804
68980
64438
64349
62782
71374
66615
68899
66521
62507
63083
65254
67193
65206
66596
68130
71260
67602
62800
65906
66511
59803
63395
62742
65796
60764
67924
64220
66012
66766
67912
67709
61128
58712
60351
68614
58423
62572
67036
63824
72231
65279
60903
72598
59563
66787
62290
69981
64345
66031
71182
65857
66326
72088
64573
66319
62297
64281
68018
66571
68186
64029
65492
65092
68809
69279
65225
63654
67268
63013
68592
62072
64222
66715
70591
67346
61745
68017
65942
72836
70495
63344
64271
67343
67091
71061
68691
67822
66014
59900
68000
64021
64156
63726
73669
61015
68978
59963
70903
63922
69219
61451
70113
63523
66825
71474
68826
63202
