124330
95793
106449
88210
95953
94796
94816
118123
106478
111867
113164
105375
93882
101945
113943
94442
102498
117934
81078
119429
114206
99238
99920
98330
144071
100187
124208
109147
112802
110714
103502
129174
102963
95756
104322
102005
100987
101186
126115
109756
101621
104001
93722
126710
122787
127633
107204
104346
102222
92095
100942
113023
109865
113657
108578
124949
116437
110223
81248
106399
105924
111150
119316
98884
88747
108644
119734
92042
97114
110023
92633
94004
102415
121662
111894
126735
106539
91119
80002
114951
90506
107247
101697
95498
106025
94571
98132
113069
97912
111142
103421
117381
77880
122617
105936
102452
116235
114172
89672
111584
116559
94529
112899
92683
101684
104882
89574
99037
93596
116907
117439
83934
91246
111092
86405
131770
99555
116706
115944
100127
101227
106416
101552
104779
88907
109347
107027
101787
100172
90388
88612
93713
149313
98429
96378
94720
123569
91371
101687
77686
113897
104132
106173
83680
95711
106303
128520
90121
132109
103964
110788
108041
137989
98224
125400
101090
112302
112089
99009
95639
106356
123297
99116
108680
100487
101550
117982
94070
98820
83718
130250
94789
122240
100616
94415
115900
111405
105894
86436
114539
100057
124264
102257
88394
142945
116018
108859
104025
123738
132436
77660
120064
141660
103600
121841
85327
91195
98645
109774
105813
93734
111428
102277
122718
146577
106328
99947
96362
119188
89337
114154
83128
99285
99204
123088
99286
93799
100078
137912
111233
113351
104061
117831
90487
108502
88940
99417
99091
110752
104730
114571
104625
97687
112953
114802
94294
103574
101693
104105
90183
89142
92625
115157
125537
103342
113818
100825
109503
123097
108991
102022
122730
125999
97921
95539
102405
126209
113763
96925
134649
98484
94575
116038
107594
95781
106487
97329
122260
98797
123531
114367
92915
92018
107853
120080
129402
97575
124699
103355
103339
106690
95819
96467
101051
136202
114371
93042
99178
112236
116522
99839
115626
84454
110891
93480
97191
126327
93347
118209
115448
97862
119350
97862
113977
111479
94384
119810
91533
95607
96589
118613
110286
102364
113508
129526
100635
105107
111906
110841
94559
34018976
