88415
83586
107271
87110
95564
110403
86612
95192
91095
100143
112229
92832
92116
90329
143964
105046
104828
96150
101650
70892
94699
104276
105196
89379
92891
87692
90734
102010
124100
71019
102436
93525
101807
141971
100107
102857
129923
124594
99150
105002
98599
110344
100781
110426
96917
100810
92181
111562
99344
109687
109647
112456
90264
113156
92858
96191
115447
126243
99593
133726
123299
106178
120712
89205
97235
99453
99726
82438
114041
115709
101890
112667
104744
112479
105219
101128
128810
119378
100518
123550
118034
108015
108635
117630
97739
131247
96363
111824
91338
97945
101052
111511
117202
102859
117281
98219
94125
119477
113356
115667
121820
111463
134929
109664
109863
83303
123820
117843
93719
77142
81403
116046
117498
96097
84355
78141
97668
75994
124621
106300
85030
88668
97794
98001
112003
144132
108703
91746
110024
138437
86527
112800
91076
108596
117897
95765
84071
109601
109799
91014
132277
90014
103405
120650
114010
79950
89131
110028
109485
91247
104511
106050
110315
107924
100423
134828
101861
115553
108211
91180
106744
104159
118666
119484
142036
118524
114801
100977
111204
114381
98376
89602
110041
95150
124395
119083
140113
102590
85976
106962
108371
107032
128501
106575
94890
101631
110019
129133
105623
105333
89816
100130
102326
115082
108443
112959
110435
94136
115593
105078
92299
95074
119261
93265
112615
99723
111604
112793
90385
120938
114928
120165
112480
96212
107294
106741
115611
104533
92309
116074
117877
117458
108533
121949
111046
94229
87702
112599
114022
92448
100521
117974
105465
93879
86613
108608
100433
111316
97852
98802
86400
116830
103455
100167
127088
91112
82134
107530
90024
128568
96483
80889
97186
130215
94659
119054
128306
96250
100210
127480
96274
92089
111874
111958
82252
118034
122152
97002
102557
108100
100876
94099
119386
99239
93888
103995
103861
113257
116145
119446
110501
92967
133489
114187
96415
92150
122817
103134
97563
124565
116663
100576
101231
80546
113575
114259
88628
101088
112755
98619
111642
102214
114315
129827
116357
89928
120932
97081
96238
109047
91499
94929
85078
114650
89607
95279
93145
114276
89734
117413
33738794
