102877
109448
110269
99292
119496
86222
83299
100337
96510
108979
108054
95420
106971
90686
111044
110853
84760
105719
97666
100397
113460
117550
111451
103248
116158
125331
121968
80021
123354
114190
99366
103485
112920
108501
91599
106717
103029
119431
113728
109032
111753
106912
124653
88333
90421
109166
95221
122620
122404
116929
101679
113489
97983
97438
86383
99150
116022
109042
89545
89809
93133
125644
88884
86708
91983
84539
103176
122826
110862
88993
105120
106812
93265
122463
94573
92389
87452
128340
109327
114130
91229
88079
109119
90978
92567
108543
98685
114871
93205
115293
128716
110216
92451
96033
110352
96422
92406
116857
107384
97956
108161
106078
92614
96448
92070
108980
134271
103748
111937
91312
117362
99638
98091
118158
90250
115149
94308
85182
104337
104760
86357
124569
114206
111023
99844
136527
101328
107772
82819
93495
103327
99646
108128
87753
120639
104057
101819
129961
124839
119788
107512
107127
104486
103004
114872
111458
110837
112257
97030
127299
139262
112569
122249
102780
121592
107754
129198
107094
126701
103800
102936
96611
109157
101649
105992
115877
96982
102160
107561
111576
96443
110105
97680
100027
108721
101523
93471
100023
112353
112422
112646
118606
118490
99722
102410
129939
125866
90305
93323
82026
115246
117965
98541
117808
100449
139099
90696
99136
100986
113619
87966
106457
123238
107625
107497
121670
120780
88112
118512
107648
131810
112140
83041
105554
99732
87415
105633
99513
84266
100524
108400
114915
130077
109944
104724
88609
106921
97562
87986
98418
117890
122953
126485
112511
86436
116707
109315
119203
129895
88893
105522
119940
103878
91237
114203
119359
123477
108094
99749
110916
108238
100942
114632
79846
134320
105225
104431
92407
89780
161378
103576
126845
92112
94115
99591
86781
70768
101902
83449
98376
105774
126818
108011
135717
121938
76693
104478
85563
124962
111558
92568
139032
102380
101232
118922
87526
119417
121705
119066
108194
130830
108785
113644
101845
109925
114757
106509
111879
98040
105606
114206
104430
95470
98250
114642
92002
99914
126110
103660
121733
115088
93555
90086
107180
97192
87546
113394
86513
103106
102033
33965100
