127507
104203
103888
98799
114949
104417
122772
99724
111892
102013
106938
88660
101876
134667
92648
112189
86065
142993
135147
94453
105742
127018
109230
86484
104319
94763
90373
123328
109924
116306
88059
99844
109530
103623
85815
116190
103806
99949
106898
97003
93771
109370
101557
175468
135746
108088
87881
114248
119637
94919
109984
114617
99479
95820
94899
120354
107935
97362
99054
78668
108610
97096
89565
121926
127365
85849
121435
105863
122141
144390
94799
114394
109711
94222
139823
113217
91558
119913
92454
97688
99409
98066
105040
104494
108983
128059
100839
106029
124342
93988
130753
102260
87470
107645
102365
103096
87610
106758
115550
122915
93707
106532
114306
107714
119327
85097
106901
110647
107043
85516
99823
116181
98352
113469
93542
117109
109807
96002
164225
116342
106729
103634
103251
100790
92746
96353
96484
105987
78271
91041
98591
109876
90682
102031
102992
137399
99096
108057
109662
81142
127410
110561
112603
110167
99460
119644
117001
103069
105859
91782
100951
122903
112663
106850
100321
132878
122457
95615
101153
115696
111008
117258
97812
112267
106552
122487
108273
113709
105019
94594
90229
104581
81411
100851
128033
108480
125831
95920
101924
93311
111736
115379
90592
107846
103281
118718
101750
129285
96810
95215
100523
101931
80494
100046
111145
83371
100587
120489
89362
112643
100916
129957
138534
90681
119883
130780
108331
110390
80427
106579
121526
81618
108492
107052
81836
101856
111202
96733
119884
94366
131772
88995
95506
85301
107698
104168
104206
113549
86458
100406
102125
101354
115338
119411
111819
109233
115273
115455
102962
100531
114398
116101
115271
123479
107430
95299
84551
86327
112389
104533
97023
119311
102598
133639
96668
105145
117903
115848
122667
112507
86134
104988
79744
91241
109296
91324
104655
105599
93447
91715
104433
127704
111799
103990
95568
98993
99833
125341
89149
148467
108064
117383
115446
90672
89469
100714
106365
133517
96585
133443
100817
95447
106593
122500
108404
101074
107196
95190
91501
110549
82738
111469
125649
103910
102250
112942
138387
107147
112396
135856
99979
82481
93652
108187
82840
108283
100560
112314
76797
93050
34047729
