125241
93988
141124
114235
97565
112030
102304
102050
105939
98067
122401
111375
105758
108063
111457
116847
120165
106727
114918
102341
118376
102921
91153
122852
108896
105170
111433
104810
91597
89422
129520
111268
118444
112612
104195
112185
100612
100435
128930
113542
108409
91252
111648
91823
101708
93512
99679
122900
119207
137597
106794
112311
90032
86915
91707
98713
120950
104323
138313
103997
84291
94727
114206
130196
125425
108719
107427
148645
94954
89302
119712
111041
86292
93382
96975
99894
104533
104193
106200
110606
96098
95624
110786
112318
89923
93409
155059
129009
113305
93126
106999
128190
83678
115773
106713
110148
96447
115446
113993
98338
111849
89703
104593
114175
92259
104092
85232
124872
87924
113541
95024
99704
107064
111228
116540
97355
106716
95827
88571
108142
105785
79236
118800
111753
113425
96046
92421
97200
115348
129436
87962
88925
115966
88830
124309
106207
109162
123475
92731
85431
112304
98781
94937
96957
100122
119287
99950
116548
103630
107354
104474
104637
113498
114427
89285
118290
93060
108405
124214
105015
114848
120717
80204
98979
118328
115335
101224
78493
96138
92189
127194
143534
102992
111522
109776
119185
131952
89174
124292
101971
115116
101276
116482
136333
109658
115670
126717
107898
125808
89739
124887
119823
113883
99878
101295
92209
106088
106551
95990
102187
138036
112934
80074
115949
107753
104703
80825
147258
87914
119338
97759
95948
132764
111673
83623
133412
71962
93344
97503
102175
90494
115173
110121
102591
88196
112868
104471
108744
107174
90189
94353
109063
103774
110455
99243
109122
109778
81417
113094
103440
95851
90523
97968
90257
125731
109409
110182
122604
110594
105649
111945
85664
81214
82710
97857
114306
119898
114142
114464
110029
115760
136649
125131
91640
107270
118288
98134
99537
100277
116617
96960
125475
115415
89405
122678
106494
123121
100227
101955
98753
144559
94564
122291
100953
89476
127658
95437
117733
95723
120078
121115
91861
104308
123330
109546
84744
116636
84156
94345
97385
106237
117400
119883
105461
98053
92365
105511
113706
95182
94609
106491
109472
86421
109404
89161
112795
90100
91326
92157
79669
34076220
