104748
120960
102627
137951
121090
120096
103420
120232
104407
104613
104449
116596
124991
99956
94730
84360
91779
97316
137414
112779
82764
115765
85572
99038
95834
72284
98805
98524
89925
114251
98985
93472
97135
101483
82846
75884
80735
123422
110298
110203
104618
113943
108514
94205
113761
98449
94435
102021
95824
122722
113752
102554
94387
112344
98243
97799
104215
111109
117762
78074
99745
99216
129471
95746
97193
134678
131720
80692
97230
97808
113449
115114
97237
94498
81329
123024
90932
110920
101327
82453
101947
96750
81901
106243
137128
95649
97303
74718
80776
98660
131247
88159
125688
99046
104279
100652
125066
116366
108596
132175
95713
106333
121404
91586
110426
92292
94549
115312
117326
95736
94842
108430
70327
95101
132297
133675
115913
99765
104226
98178
94969
120554
131002
85744
73388
97742
153256
93221
117450
93978
93694
115871
100421
109737
93941
85925
100349
110630
105066
95807
103511
90739
132246
120228
110384
108716
118097
103343
122426
89719
100456
93401
133398
110448
97410
127186
81019
104724
103752
84603
108132
97924
99760
122429
105275
119160
110718
83044
104301
101403
116060
104622
102571
81740
98415
109185
96690
102729
116916
129669
127084
92368
119723
105854
121733
111642
98050
87985
92848
126295
102805
139627
101107
101977
128701
90630
104010
127391
130463
115584
101942
104326
94958
119393
98572
89575
120725
83509
94339
99515
97393
118301
104450
113905
100545
89883
123572
100080
110619
119066
103683
110186
103692
100586
98008
125390
100166
106056
118780
115130
119270
108215
95624
93246
117467
109707
122750
97554
96254
108983
116144
109330
97292
103340
129729
112685
131491
112097
93904
88736
104410
92712
92076
102353
119479
125602
114448
91568
108389
124057
89772
127809
109261
107421
120139
129782
100124
91279
105277
82132
91729
125609
118045
109763
108075
105588
102079
108940
105003
117626
69318
129316
124085
112534
98846
90224
108056
115153
77255
112553
93967
99377
101782
102702
106734
106889
92540
96953
103945
109822
125061
117208
98262
111837
108860
117196
108869
147320
124376
109078
105723
134928
77597
118687
115404
86834
109346
99380
87569
117064
33858563
