56846
51090
46756
51341
42973
50457
45657
44288
54033
44585
45757
48662
53755
47597
46361
55586
49324
46836
55796
49814
44249
52609
51640
51526
62710
60897
49301
56048
52070
42652
47466
44584
51111
45983
49899
50812
48681
49254
57798
64673
46744
55062
54595
57015
58228
44862
53246
54259
49400
43457
52961
58434
48895
49985
49548
48473
47921
51421
46273
48288
50640
43044
51212
50717
46353
52493
53886
51724
53037
44357
47153
49466
48749
51354
46884
48783
43254
52407
44152
45897
60302
59688
52953
48679
49776
49990
52076
45293
48602
52556
46628
62743
56080
51277
56868
52022
51602
46270
45628
46524
53278
49141
49965
51533
52128
51405
44072
47627
46821
54183
46203
52552
50051
47901
50226
52324
50444
48973
46046
43662
56074
49541
58091
52052
54302
54262
48644
48785
45999
46914
46892
51613
46496
46921
54956
44929
57988
45000
48423
51894
45998
48681
54896
51764
56939
51017
45098
47421
41979
58995
45649
48528
50362
59358
49223
43897
49078
46959
48523
54249
52103
45642
45240
53221
48674
57206
50190
44390
47096
44601
45333
45772
50342
48125
49323
51969
50383
50775
48780
54172
51344
46610
46924
46948
53780
58530
51532
53263
50302
47898
40883
50440
53127
54643
52627
52569
49791
47426
48359
52335
48136
44817
51727
47598
50177
50818
46996
56141
44905
53527
46975
43524
49602
48505
50423
45797
49550
55469
45256
52459
48084
43530
44252
48249
44996
47601
48482
49241
51517
56571
51176
51837
48866
49154
47754
47984
57094
54149
50145
50787
48000
53101
53193
46847
48292
55658
50348
49039
54016
51174
43962
50006
50214
45864
52258
52498
47759
47617
53983
47796
46680
47192
47908
50233
52317
52773
52378
47543
45361
48215
51840
47150
56998
61825
59018
58415
48895
50899
54943
47335
43843
46765
47944
57671
57647
54308
50219
53560
50770
49126
58992
55195
46465
50569
50660
43352
48187
49057
45248
52116
46597
44796
48206
48059
46753
47847
57058
49872
49455
48233
48864
56434
54689
55545
54817
51358
57443
53729
55328
48915
50661
49875
53386
48454
45426
52763
48815
55941
49755
50278
44846
46857
53785
53797
53880
62007
48125
54281
47199
51932
50105
45962
47179
47800
49913
48658
45983
45929
50155
45729
53187
51638
47526
56737
53542
48333
49061
50296
50559
48445
48668
54246
52157
58998
50146
55463
47347
47713
47910
58311
54859
52500
43089
52441
51654
57217
51356
49519
51514
48313
46819
49069
55850
48689
46648
53232
46425
60051
48716
49677
54026
47234
53868
51588
55382
48311
51801
49352
52538
51371
46328
49358
44581
57770
50324
47944
44487
55103
51898
50187
46974
50685
48817
50834
48381
64344
51590
43824
55802
51529
50712
50406
48970
50571
55901
49919
55687
54431
47934
47071
52108
56013
46455
51976
51811
48985
51665
46269
57319
52450
42313
53308
50393
47071
46696
44190
52779
47943
57630
47939
46727
56389
46145
45804
50143
43677
49192
50597
51861
53803
49204
48707
48688
42972
48258
48118
49048
51414
47523
56739
54282
42860
51625
55172
51618
50444
51131
47702
46726
44651
50796
50100
55870
44255
48569
50157
55481
47952
48574
53327
46468
52244
48310
53479
50545
57565
82469
52018
52998
53176
45219
49077
47887
54292
51194
46693
55336
57957
49688
51070
55525
45572
50769
62649
49385
53762
51330
50858
50218
48760
57233
58117
51376
44227
47049
48609
46269
46912
51478
48969
52571
50505
51551
53584
46723
54098
51592
48866
48567
45202
52016
50976
58713
53987
43482
59182
48638
61280
56732
53189
52228
51152
56612
53252
51153
52060
49318
49810
48739
51082
51801
46520
50548
52197
46880
44108
45149
47265
44525
53802
47206
52472
59083
50780
42694
48227
49944
57681
49672
62940
53418
51283
49717
50363
55885
57248
51731
46941
47034
49765
46056
47600
57737
48263
44919
44624
49199
51040
49644
50989
52312
54777
52284
49051
47959
47314
47476
61469
54669
62427
54468
48526
47419
62996
52037
50084
53905
50577
52803
48676
50678
47853
49259
49296
47412
49692
53044
55047
54186
53566
49054
47254
50799
49137
50439
51793
49164
50387
46963
55845
46009
48260
49597
49019
47272
47603
55134
64117
51348
50655
52960
49017
52626
45821
48708
53657
61003
52520
43135
55457
49120
46693
50950
49276
58105
50352
46406
52680
44473
43991
51566
47941
49085
52732
42978
54235
44846
49249
52518
59173
51132
44572
46269
44407
45681
58159
54975
48905
46697
45666
52783
47485
57314
45059
42763
46840
55151
47050
50556
56084
47490
51510
50313
47468
44390
45855
52187
48020
49073
45469
52338
53250
42789
51397
57199
49874
54894
41896
58582
45821
56985
48288
45015
55007
49939
52212
50131
59898
50119
52826
55015
46589
43045
49386
49418
54706
48630
48536
44537
46227
48924
49568
44296
46572
50104
49266
54679
46568
51623
47295
49243
52069
48992
46465
49336
52787
44566
48559
51398
46438
49358
45805
50677
53812
47178
54745
62783
60432
53732
44552
50246
46846
57051
50432
46222
55413
46787
49686
54687
56642
51031
48152
46062
52016
51644
52928
46657
48819
46318
48814
54135
48023
50442
60267
58683
46653
44376
55923
48377
50672
46411
49169
44315
48367
51414
52819
47294
50987
50176
44805
53689
54156
49142
44054
53259
62528
52238
51316
49785
53001
46163
58872
47210
44783
47599
54487
48849
54243
50138
46507
45349
48914
48749
46305
49109
48434
43652
56205
49964
46244
47357
47745
54919
51737
48982
47250
51609
46687
44210
47882
52487
53321
48079
50513
51514
58402
47775
54207
48537
46207
58654
48780
48414
48791
47098
46548
45330
52582
48533
48262
47755
46707
52812
51954
46639
49438
49415
50586
44453
60435
62423
46467
52664
48880
52956
50663
47430
49670
56830
42550
51627
50732
52508
53760
62111
48431
48433
52167
48256
50410
48496
43527
46269
47771
51302
49228
55191
55512
48931
45709
51452
54191
55153
48958
49011
48539
51796
51346
58533
52208
53385
49339
47532
54117
51076
51455
52312
46169
45734
50427
47624
54948
56266
61894
52556
50894
46194
50785
49997
49639
57844
59032
45174
57321
58108
52242
53796
49771
49299
43036
47690
50925
52365
45573
47273
56959
52249
48577
51783
51820
48772
56133
46111
54210
46567
51090
44602
52277
52020
47954
49220
51438
50358
51768
45487
50872
52279
44644
52779
52336
43551
55623
45984
51648
51914
51114
48386
52635
46931
49921
58237
47440
49049
57079
50650
53600
50291
50594
46995
46764
48097
58079
46959
53557
48141
56342
47849
47633
50644
45488
50967
50116
50217
50112
50973
61594
51657
50020
49607
51155
51403
45666
45271
47372
54525
52092
45735
55222
47496
47146
45051
43467
54558
46939
52873
53073
53592
41280
52602
60799
44898
52306
51329
46778
51665
49603
42311
53277
49185
44887
46427
47274
44835
51097
44137
43054
45857
58986
50858
48424
50063
51828
47039
49369
47242
44869
54835
52832
44810
53232
45212
46219
61580
49227
54721
45378
53629
46083
51360
45604
43994
43613
45152
54270
47745
50134
49749
50103
55505
52154
60986
59427
51494
53008
54229
49045
45509
50623
52066
52767
47664
48998
47364
57345
55466
55447
49315
50645
48559
54360
46922
49115
50416
48164
49434
47968
44261
50577
51822
51498
45209
47946
44959
58538
55073
56416
58188
51540
56289
45237
61366
49329
54575
50609
47680
59943
48176
47774
42989
50725
47774
45773
57618
47204
49970
47742
45802
53430
46737
53289
50913
49820
54066
48742
51427
46711
48682
51399
47631
52418
49833
48045
47115
53191
44674
51175
43743
54091
51347
43043
54385
50584
52214
49221
47661
47147
49167
57021
47903
47896
54770
50709
52691
51810
53547
52879
47211
52506
58119
53058
53218
41198
53641
49263
44618
55705
49083
42816
45387
61494
51049
52864
57816
54883
52483
58451
48572
46171
44843
60943
60378
49272
46188
51175
46085
52577
52578
54414
51601
51690
52925
45745
57083
51905
60500
58660
53980
50708
54397
43108
56973
48321
45196
47779
57337
60173
50863
52095
47150
46131
52772
46696
59786
46052
48994
51450
45760
59355
56320
56147
46605
53133
45766
50656
48030
47281
51004
45114
55073
52776
51764
44581
48537
53089
44658
48082
49449
53225
53274
44723
51538
48813
47936
52124
44484
45994
43485
47785
50317
45013
64597944
