124268
97580
82958
108932
121316
105921
126566
104965
126040
125858
87836
126259
100496
85583
92483
100443
113124
127766
95996
90509
104104
111185
103197
114632
90518
99020
124541
112855
151694
95716
83855
105157
94331
104111
112531
115301
101408
116212
109903
104128
106367
115852
115691
89534
106331
106820
103791
113900
113356
88697
87056
121966
98163
97362
106779
90144
100679
96131
86648
106444
82264
109880
95428
89578
84737
103563
80366
104057
106702
106122
99674
123389
143067
87556
109455
112732
97769
155319
96426
133495
115105
105577
130464
102959
99155
100587
100270
105825
113419
77608
103311
106746
100649
108569
115584
107146
92058
106549
84813
98240
103142
101474
109996
104548
129042
120829
114294
129111
101567
115335
114525
87585
111075
95551
106560
109022
120707
118852
109096
106216
92373
111301
138772
79600
106327
104035
117482
120535
94718
115722
97833
121893
104199
92089
122342
102960
90463
105826
94347
102408
118862
88947
101171
110159
115934
111903
98815
109089
106446
101310
106003
130497
123105
116192
102097
115703
89715
116169
135667
89740
72719
115436
115214
104783
77087
113215
129034
109479
109679
92722
91734
128451
110548
117396
105278
108573
104455
123379
133360
118084
101820
102041
107278
98140
116564
123390
102113
95995
82206
97951
112374
96523
113322
104453
93879
91435
112626
88131
117615
98483
103098
119034
110250
126862
89192
125054
106677
90347
122236
108016
126142
122653
114446
97878
95054
98125
120517
115245
103426
117595
105518
77275
107350
107389
82388
107237
97369
132009
120859
94127
106221
131122
120302
106436
118687
109566
102848
119704
107391
96621
118777
82834
86969
102051
85340
98754
112208
119989
114290
90255
103038
99625
123206
112202
98028
102187
113953
100799
124450
117859
90335
115734
116364
102859
99942
107563
122058
118364
97026
103617
140019
118528
77918
101997
126853
98806
96274
96452
84663
126360
84594
135448
104179
93250
106557
113130
98553
95381
111751
106443
110409
111132
97994
89401
107912
101681
93024
138962
134560
109479
78993
109744
126110
98262
123619
114897
118944
130916
109640
96121
104488
119953
120877
111831
101078
89010
76710
102718
81125
69637
34134788
