129010
77748
105534
120232
96793
78259
105911
92843
111160
152218
127909
118586
102171
86477
109574
119157
114911
99651
124985
92705
101619
129138
81147
111776
107437
145080
110732
121098
100167
105903
105091
110244
93453
130378
92707
103489
95338
101466
116210
142107
116506
94249
108732
108009
116429
125880
103088
106836
118134
96800
118845
102875
99099
120653
80950
104967
89060
105252
103830
96344
137763
100222
105368
100180
89904
113639
112558
86296
89705
96391
108244
108017
103721
99660
107638
85102
114235
100766
89404
92871
110008
95105
109804
109366
120530
112287
140614
98488
103714
134792
106164
110045
93008
109307
91172
97774
96409
108142
121652
107058
80133
106559
111270
107450
90935
91015
78927
111974
89370
109885
83947
101081
111315
94270
107720
107849
95709
86698
92526
101955
122994
109706
97771
107905
109337
121009
124372
113928
118876
117395
106361
102616
101067
125669
104735
108268
127782
113509
120172
98049
108565
117066
78882
107612
110165
92652
122223
87730
89450
96987
105684
92000
132853
106447
100016
98345
87741
112841
101530
94140
134634
118011
94980
115624
107969
98189
117135
93854
101202
92986
89345
101077
119195
106475
106621
92251
131948
129277
138982
96555
102470
139767
117750
94443
102089
123552
105448
101976
112720
89832
89316
124684
93972
109428
117977
104859
119029
98905
111518
98845
94670
132527
79285
103498
120547
115778
104277
90381
89409
98888
147489
96809
103657
89151
119333
92522
107143
123256
121631
90745
100822
105135
104506
102821
98129
88906
108628
90693
92003
109300
117932
87182
97523
110364
102071
94188
108960
107867
95626
105850
79828
114946
87433
111644
118478
87300
105093
119738
123350
102830
101622
120764
129125
92918
77601
93071
114160
105875
126638
94983
108970
98571
130738
132772
93839
122973
116346
116036
82213
123066
95611
112806
109444
107537
115496
109917
102238
99626
104444
112755
95186
93204
114143
115980
96755
125699
108170
114950
92779
115183
103421
100750
101869
146233
95551
111152
115574
127267
104039
97021
123581
88772
113584
118099
114878
97529
134203
114597
93507
102149
101020
131710
101598
84782
111058
97900
105969
120057
87293
98312
34071824
