68334
55777
61557
72706
64751
64016
56725
72913
61613
64335
61888
68072
69621
56093
62692
66818
51506
51424
55802
65966
61147
77352
56122
65444
51195
59792
60510
67120
67325
59220
60525
57272
51540
60626
48867
64962
57564
66692
52709
79099
67627
57890
69184
56898
56207
59225
61961
53758
70275
63154
67578
77660
59132
61118
50820
62298
54944
62787
61782
58600
59869
64060
64811
59420
55922
70612
51460
60090
54077
45034
60784
57916
63563
57973
53579
67395
61783
57160
61168
57235
68936
63868
58846
64885
53535
69113
63235
61843
54481
69734
57582
75848
58752
67334
61448
59472
61663
58425
61228
80877
60951
77615
60038
57633
64077
61873
53377
61044
58619
58448
66396
57382
59694
60078
52358
65890
54262
64144
62596
71874
74629
58190
58005
63915
59081
59183
59061
64214
58639
58684
57305
53259
65157
58925
58514
61176
66980
70021
68977
78095
53419
62149
60474
59529
67243
77392
60117
66227
59638
64279
54261
73194
57083
59431
64130
76055
69637
54363
61057
78562
74494
62384
51433
57635
61075
55571
62048
53802
63376
60969
64914
60822
69019
62067
64220
56854
72634
68353
69529
66031
60689
68869
56775
66659
61559
56079
62492
55366
62314
59926
60054
53629
65749
57402
75904
58099
68515
70199
70368
58432
68595
69252
67963
60461
67008
57973
64807
59676
73434
66120
59972
51474
76371
53914
63813
51037
58732
70191
71036
52931
74400
63422
66146
54549
74745
52941
54832
52615
61191
71080
50921
60676
61585
60859
63756
60408
66001
55271
57490
52659
53728
57836
67342
57042
56731
66820
61083
62221
61889
55776
55211
66216
63417
61686
65921
65722
60134
60369
55501
60181
61379
66796
60023
56524
65925
65994
55612
64494
59986
63555
61142
60649
57696
69915
62664
59131
61390
68035
65978
63229
69563
67738
67023
65244
57963
59506
57134
72407
55952
61305
76251
76783
62525
67020
60745
63321
69448
65478
55394
66878
58781
81813
50629
67129
64836
65250
58329
63328
67468
64728
59908
65992
62208
70130
70006
56692
80449
72927
60657
65613
52812
69135
62486
63892
50043
67952
59744
58751
62959
71835
65619
60042
64294
59280
59143
63230
59977
69667
57104
56120
69048
64827
52720
70000
66492
61841
60641
51749
59806
62305
52095
54599
65274
55871
66843
54932
60510
56377
65725
56392
64259
66761
61634
69551
60582
62842
59337
62940
53048
49336
66891
60347
61437
63588
59665
63826
68647
65021
71179
73244
58913
56343
56036
65896
63690
63157
65621
63576
63461
47291
60799
55396
62398
53088
56129
64837
60558
57829
60956
78609
61848
67739
52626
62758
67729
52557
59274
69873
64763
63895
64811
57432
66042
62175
56414
68959
63769
53903
68569
62184
56334
74405
62587
68025
66336
53283
52347
53985
56153
47824
47610
66121
54112
82537
59906
61339
73780
54733
75043
55104
64408
61202
55986
57186
64816
65047
57161
63156
50683
54157
64625
64263
53749
65596
56239
72360
67522
65953
66102
74787
64206
67852
63076
67861
63637
53799
53080
55672
66324
63277
64594
69342
54268
61904
65039
63611
75227
61999
52231
61743
69805
59953
54181
69923
66729
86384
71941
72507
68825
50515
59645
58217
70865
62501
62151
58818
61459
64701
54889
50939
67779
57147
54512
71893
73881
53684
59152
66588
56621
77148
55110
57315
58798
62859
68340
54808
58987
60521
71005
56238
53254
58349
57744
65282
65975
68152
65467
69060
56568
79881
53488
64739
63348
66802
60133
56558
64885
55953
68680
55824
59912
56306
64580
52190
62936
67396
58936
60492
56193
58580
61042
67383
58239
50476
51350
56705
57016
60053
70292
65080
61621
74331
64624
70400
55572
62325
68703
55078
59702
61823
71528
62015
81713
56683
52842
63223
57934
62806
62592
58126
57433
59912
76976
79670
59235
61411
68141
62870
62579
66687
68933
73018
53055
73031
56764
69836
69618
61193
55665
60793
54979
58984
69732
55341
68782
78555
65645
62111
81480
56124
48828
74620
59690
54683
85408
69291
64258
59144
61173
77364
68974
62169
48362
61522
59213
58370
66073
68962
53703
63051
60968
62672
63614
57111
66474
72037
65709
41905
65560
48049
39907573
