114741
98387
109032
79556
114289
115751
93426
108976
75771
102078
110857
95597
134111
116602
125068
93408
112131
95921
126685
105982
125675
120196
109162
117480
127040
124300
110841
100928
118382
131866
110495
124599
130489
109040
88812
109560
100135
107310
111196
132413
117522
84706
109022
95571
96952
95798
120922
121833
102591
94667
88340
102799
109099
93891
99609
103957
100012
120362
103257
120575
97655
112548
120537
118264
103877
96883
155584
88777
113651
88743
95327
142160
115718
108230
121986
89414
112601
89156
104654
127020
87586
98435
128340
98162
114918
117485
133847
112297
108946
112126
123576
86109
115750
91926
101415
130227
111750
86076
116488
106147
83466
111975
121595
97947
123767
122036
125990
105675
105699
138242
80682
110804
103570
95977
124410
105600
123178
96837
117048
81942
118657
111595
99006
90497
102968
119456
96915
106064
106684
103878
98398
115142
95234
94415
118676
95998
101715
101252
112592
80057
118449
108862
122974
89138
92582
117772
97074
110348
91232
93747
90785
97236
98200
102987
91268
116156
123815
125981
94376
127991
120407
91875
127082
109109
119749
116024
96207
111549
108702
105318
106165
116305
102563
120581
110144
126419
129076
90437
94506
86158
95893
118088
130850
105960
109844
122229
107561
99074
91666
106046
89773
89778
109565
87989
95189
117432
100847
99281
110668
81811
99807
102901
77314
121384
126022
138111
100626
105263
121345
122719
132856
111370
100317
100251
101191
92982
110925
112218
87036
104817
113790
107276
132568
107721
100429
112376
101546
93126
90232
104091
101066
106477
116441
139988
101155
95535
125242
108526
99533
101962
94215
137603
77458
102604
87237
97322
97554
101378
92065
101854
108531
100547
101943
131213
104548
106909
104694
116930
128243
125460
109149
120996
95249
126641
120472
90245
111194
129081
123377
97256
83438
98970
111544
114208
103334
135894
104614
107260
106375
91779
100248
99545
116783
98887
101499
98811
89529
108343
101935
92458
89208
94146
103837
147442
127551
88975
100299
117191
123798
101892
126017
89994
82898
100105
110667
123745
91401
98700
96340
99260
100643
115872
104659
102533
116927
79031
78111
65730
84468
55876
34171969
