72956
65864
57479
63536
55852
59153
62174
54177
53875
63733
57833
64232
58183
69583
53399
55630
63160
55141
64172
69239
66198
68973
69655
66499
59302
55547
58414
59750
78934
68815
51139
58933
53954
66350
71104
66319
58790
58219
78887
55378
60517
60429
66368
64216
61533
65545
53080
62025
56865
58100
56783
56807
65585
58474
65780
51313
66450
66621
58604
60974
53538
56551
70256
57783
63927
54513
75995
64185
59010
55929
76835
50112
70246
57822
63921
53107
68774
56319
62718
56513
65233
59452
59576
76327
69823
49412
55644
51382
56963
56380
68688
66619
63161
62129
67166
60892
56453
65175
63210
63312
64217
65455
50892
63169
57325
68296
68507
58543
65556
56099
59050
62672
50388
55812
56793
63126
53227
67218
49495
60222
71167
70821
55985
51646
66304
51016
57598
75201
73527
60695
51723
64074
75134
56918
71280
57061
61549
82109
54409
57043
54301
63281
65824
56495
60882
59239
66305
63400
63459
57070
53588
62083
65423
64878
54116
57361
65736
68545
60333
68057
59717
67149
63190
64808
59331
63043
67079
70813
56953
61227
64061
60077
66150
55973
57210
65172
61100
62745
59445
67235
59300
58892
56793
55336
52710
68644
66410
69559
60587
55403
63009
60212
61366
57428
85845
54496
55171
61908
56326
67639
69844
63271
65663
72950
61442
59879
75124
64758
59335
75219
51529
70674
52119
56749
71999
79034
65947
67364
72953
60033
64063
54987
62422
58010
58890
64580
69122
62956
72581
57648
54485
53369
61867
67142
57094
74388
61805
65088
76569
66054
58856
62965
63367
54300
62133
64546
65672
65607
64427
59469
58136
65782
51919
59214
76516
56658
56597
67766
67666
64429
52927
66664
70810
59606
56660
60112
65105
60632
56381
62833
67285
53080
57240
66102
59609
65389
57045
61535
61396
67468
53912
57310
58665
59531
57035
71423
48724
60983
66783
64914
59973
66349
83504
56849
62554
56805
62410
55502
57646
60191
81124
70779
57920
60418
51356
72674
61317
54610
56654
59225
56603
60379
57986
58045
62248
64208
55484
73849
49216
59767
58972
49683
64938
80085
59379
56669
46349
64414
73169
53438
68611
64418
54642
65997
60101
59862
70421
49166
65364
62294
62747
58281
55989
59804
62154
65499
72669
69814
58537
62461
65534
58343
51028
49677
59602
76123
58385
61465
61942
56404
59577
79575
78291
59287
59874
51400
78105
49294
70278
62099
63400
62471
49823
56998
63361
61800
62135
61294
55968
58593
71506
53951
66493
67580
53735
57568
63429
60062
68769
62248
70280
59082
64710
55844
57977
56892
58699
57015
65354
59903
52972
66265
52269
59313
61200
63359
62716
62817
64537
60853
66356
69911
66248
66727
59918
67319
60331
57972
61025
62064
69211
64557
66707
62529
73196
62938
66840
61238
52908
60790
69725
77317
60403
62609
67213
57698
73472
65659
72821
56284
76168
65176
64810
69174
54791
55404
61941
55791
71173
59554
65044
57601
56927
50253
51527
62707
61769
84154
60707
47885
55333
68021
63957
63982
67261
68098
49836
67837
66838
65366
71517
66661
64350
50027
62740
62735
65341
56277
69379
57123
56928
62610
62552
59800
71782
63562
74949
62654
75292
53220
59206
51531
62903
60365
62016
58501
59519
70953
72155
56216
56114
65012
57778
68310
66632
57993
64200
52936
62667
65036
54346
58436
58623
64545
77541
67612
63374
50911
64033
60489
65441
70117
66997
75471
68325
59832
68943
59076
56421
54805
58094
51702
63063
58366
53503
56841
62535
62131
65179
48187
62104
61860
62656
67779
67964
58869
56302
66151
65285
68616
59171
63285
77249
65550
62367
58608
60393
72254
76952
60740
59605
71516
60336
57442
59346
60129
67525
64526
58088
54486
72681
66434
66418
67879
56129
64436
71754
58995
60688
65714
58178
57116
64126
71156
59840
72391
57895
66880
58576
56535
60533
63709
59080
66030
53764
67933
59781
52913
59503
58195
59339
69289
65643
66253
71502
74953
58299
60630
57101
62994
61712
59271
58279
55279
60293
55233
68301
63587
69602
71273
61909
70256
60896
54855
56724
54898
80595
59015
54886
60588
69494
53547
63347
55168
61692
61181
58313
68692
51368
50733
39791105
