129511
111117
109947
99656
101896
91849
103327
106832
116937
142112
111876
117564
90005
89808
114215
135694
107642
139032
103274
104847
104983
128377
111623
91959
116906
86643
95129
125440
97017
104128
104938
115416
103726
86629
84893
101989
127361
120404
101491
107984
111793
107692
104406
82477
115980
105798
105119
112829
118411
108688
107297
100980
105256
126105
104451
85834
98141
97634
130927
91988
96797
151532
96320
127830
113115
111311
80767
97607
115259
104593
137274
171420
108820
131011
97392
105747
105722
131636
120188
88673
121389
101026
127619
98262
92171
112168
86013
98547
99572
96376
121133
103094
94215
89049
88476
96788
134047
111620
100136
94895
104648
92963
109886
114382
121750
135249
109285
96315
110832
140213
100761
114378
113094
105707
110422
93777
112059
114634
119733
97946
84311
81771
99559
108614
128302
130517
119415
109049
126405
93583
107582
129536
107481
117166
124105
99778
104817
120861
109347
101940
105316
94227
87969
93032
88395
104002
101811
121385
93334
85873
86911
92231
120855
141441
87746
87081
132364
104137
109996
115019
90329
107028
125178
91879
117116
104983
104648
106590
97382
118806
102731
100746
98683
109866
109987
94919
91611
133560
78421
110130
119137
95261
108644
95039
97611
108289
128369
98065
123818
122637
97062
108348
109176
113718
99007
84704
94456
101684
103101
108537
88264
122373
101500
97722
92676
108532
90937
112566
108662
99201
131679
107197
130916
159379
92113
100444
103719
101112
96771
119604
95818
111905
131292
127008
113346
110772
111324
111094
120300
118385
104376
99834
100143
109404
101915
94156
118099
106482
102338
111469
85047
128071
100183
120445
101994
115482
112554
144909
105842
111963
119704
88858
111359
114930
104010
105876
105756
95870
123585
78889
102179
96012
128529
124203
89297
105568
112661
128040
87957
116466
95198
123813
80850
144300
87459
87741
88007
111976
121693
119946
126335
98965
110477
123231
88368
89938
113444
113783
98354
112551
97208
98259
99998
97396
104670
86952
103487
86898
139158
114020
118189
120623
97139
107003
126147
96813
111853
96615
99068
101239
97010
114861
85788
113534
90210
88250
84358
59423
50907
51291
34218009
