56600
44483
56289
51357
58870
54521
52209
48336
47944
46754
50792
56215
50232
48768
52890
50764
55767
50259
43667
52427
57124
51389
48575
49590
51433
49464
60844
52099
55954
47569
54989
65941
50922
45252
54731
49268
58070
53448
53271
50535
47556
53893
51829
54814
51374
47638
44260
43212
58243
56840
59325
49994
48621
46359
49636
54866
44850
59806
50904
46210
55220
49547
50582
49355
59876
50105
48107
44589
50428
51691
47103
56073
50945
48215
53542
51734
46929
54202
52377
66757
55622
44296
51657
49558
47851
50393
52606
49323
47718
51051
52939
57159
54544
49481
55128
51199
47435
45873
56485
51753
65637
47597
46856
53634
47385
46900
54064
50131
53423
44135
50825
53125
49924
48269
48662
51081
50219
52735
59538
63094
51049
48333
48759
51502
49804
57949
46205
53744
51362
49907
56830
45763
59807
42711
53897
49699
46349
52301
47573
53355
58574
48162
48807
51943
44580
54879
49981
47756
55405
48590
45765
45482
50863
49222
52967
52439
51621
52253
48409
50915
52871
55861
52815
50748
54684
46667
46460
48880
56603
49884
49960
56862
49062
44681
59845
62614
43248
53252
53250
45844
49067
61920
51662
46828
47512
50759
55948
57602
46371
45307
55774
50104
49807
46992
49052
47293
51701
52293
56083
51814
49845
46120
48925
52698
49317
50342
47537
53478
52768
50756
52712
52046
50627
46434
62174
49439
49745
49663
44378
47476
47834
53832
48452
50269
48064
47394
47137
45526
52050
53142
57217
53782
55378
51298
47817
61063
55172
55202
49551
50690
49279
48017
44207
52004
51769
52422
44078
41809
52049
52270
60172
43022
52985
49911
49411
45946
43183
51189
52836
48094
45798
53026
47161
48668
51938
49731
51342
47054
54471
53397
44535
52244
46420
47969
51128
45328
53342
54756
51181
48310
51167
47098
57314
48762
49371
57304
49612
46806
56407
49720
53796
45658
45321
54170
54587
45686
50258
51572
50785
54610
48510
54527
50913
63059
50342
47192
48935
53836
56852
48580
49347
52984
55233
44726
49408
55700
51906
52658
45046
47813
59641
54382
51669
46285
49361
46683
45595
55480
50942
51516
45403
51284
62600
57272
47362
48306
50703
48391
46347
46310
48979
46140
48745
57652
42933
50415
48278
50742
57927
53330
45866
50240
49389
50251
50383
55826
54845
50560
56169
51771
47547
45988
47746
46604
53773
49659
46078
50312
59115
49754
48943
52480
44193
50434
48020
49665
49824
53930
45087
52134
52769
50517
50535
46897
53603
58930
48996
51952
44000
53720
50969
52404
58890
48111
44800
45216
55258
49427
56702
50529
54092
54737
49701
53698
44588
44457
49664
49915
52092
66017
54656
49412
45951
52922
52728
54804
46586
51988
53810
53122
46335
51272
43217
47128
58144
62060
53324
49366
48954
56538
49562
43173
44318
46980
46364
56589
50857
58235
47027
51958
48946
48980
57330
64242
47391
51806
46727
51884
43840
47544
51957
53195
44654
46434
53175
56154
44893
55139
48425
51481
49360
55830
56129
44007
44526
51278
54251
50352
47951
46485
47410
52054
50140
50115
43494
57013
53749
52998
48475
62529
59262
46145
49146
48731
54238
54412
56131
49981
45346
65865
44781
48743
48466
48408
57077
55193
43833
50250
57104
55397
47596
59596
58001
53722
44488
50301
49016
45798
58318
53266
54575
58499
47031
47067
48536
50546
51544
45127
43989
51017
43100
53509
46085
50817
61495
50695
47476
54161
65105
48934
53689
48348
48672
52644
46264
54809
49357
52190
55822
56925
52007
46307
50418
52113
55010
50239
46184
46321
49747
48718
53948
58036
53297
45449
50100
47826
55170
49320
50163
50725
47004
48225
48926
47043
51402
47483
51351
50166
44810
52307
49388
49372
47036
52557
47958
55204
44407
49562
46794
48844
49200
46476
52581
48927
45047
50045
48290
49416
49150
49116
44680
44897
53659
57480
50894
51187
50566
50916
55515
48333
42151
55104
53888
57061
58639
55495
44441
49334
50808
49252
52651
49431
47168
54230
44585
51293
53966
43233
44871
52915
55855
56349
49241
48528
48967
49970
49301
49769
54764
50113
48072
52717
48515
53958
56894
58009
49030
47136
48361
44720
48595
57935
51318
45078
52685
45233
55469
54204
48954
56067
53759
48489
56292
55436
49861
46727
49764
49612
44737
52972
47996
45173
51242
51527
50176
44676
49626
53708
51822
51605
53239
45914
51407
53988
49200
50342
49867
52232
54175
47209
54038
51545
47818
46948
46679
52441
50534
48844
43587
46859
46458
50570
47285
53156
46563
54599
51592
46111
43967
44815
54520
43559
50243
62584
56767
48844
44410
58111
47275
55410
55030
43813
59154
49149
43478
48752
49710
46552
50100
49806
48421
54972
60785
50447
45989
50263
47460
47815
48047
47682
51281
50797
52386
48212
47768
53032
45844
51972
49947
47017
61686
48906
56867
48835
46106
52808
52514
50645
58030
62225
48562
46043
53236
44274
66439
53083
52834
46548
50817
56342
59277
54656
53700
53398
46766
49478
53223
45407
58716
55464
57184
46962
54133
54777
41460
60068
48608
52346
48981
50375
52684
52484
53594
56638
55807
61633
45764
55403
48013
51862
49698
48913
51004
48896
46047
52003
54889
53287
47470
47275
54792
46929
46046
51830
49759
42983
54906
58853
49688
50766
49120
48284
54908
54773
50423
46460
47662
51457
54447
49472
46427
49741
44474
52653
48362
43242
55033
46114
47941
46907
48732
47209
47040
54709
53445
54661
50082
47907
50551
55103
46872
52389
51547
43354
56295
58133
62139
50564
44756
51197
49487
49428
47153
49947
55876
46932
46320
57168
60776
55990
47862
52272
54617
54789
54781
54207
49952
44640
45235
52105
47388
58476
50776
57410
52393
56749
46147
52667
53758
47390
51129
48418
53250
53186
54327
56316
48849
48334
46206
49813
51603
45747
48027
45505
54668
50367
53187
56093
46434
51844
53993
54665
60109
53523
56742
45364
46609
61237
54088
52490
57032
49469
47581
46306
51934
53012
52668
46439
43555
53991
53819
46512
51963
46376
56612
49364
46758
44975
46455
51629
55827
54808
53658
47097
44752
52111
53639
55862
48603
46359
45445
53632
53440
48708
48686
47110
57847
49925
47816
48308
46158
58194
56781
47833
54681
45501
47407
47916
45718
49184
41156
50371
55919
56065
52787
56244
45505
52714
47825
50823
52580
55452
48334
49370
44633
49816
51850
48132
48955
47831
48729
61971
46869
54694
59754
54008
53156
46098
47987
54420
49528
51639
50318
43633
49995
47485
57357
46008
45927
47509
45706
51542
48922
55200
55590
66553
50808
46988
49260
53328
56156
43796
47962
49666
52735
53615
49239
48197
52082
45026
58622
49922
51291
47565
54108
53505
49662
49732
52783
47021
54307
49157
49002
48832
49375
49838
49946
49905
48102
49585
48045
45172
47429
57073
47761
52575
60000
54192
53736
50065
51658
57547
47397
55143
47410
49180
47649
47205
50442
50819
53303
59730
52990
54698
60473
53447
47442
52682
46342
50319
52856
47962
53087
50434
49136
45167
51718
64693
61574
47582
50200
50151
49744
50101
44112
50969
49248
49361
45543
48436
50150
52306
59707
52801
49905
54204
48010
54659
49911
43787
61376
60396
45660
51024
51919
47195
50923
48669
44945
51218
44231
47724
56452
52107
54253
48230
53573
51515
42960
53769
51706
58209
49417
46206
55582
61578
47599
49070
57112
51496
49802
47384
55968
48722
48032
47073
44498
41642
60234
45525
42557
46359
52659
55699
47034
50550
50240
47959
50567
50447
48916
45020
46478
54815
44387
52051
50609
44751
52191
55718
52416
45358
49661
54400
56458
51368
52201
55145
60106
47111
50715
46318
50293
51077
45119
46797
47569
50709
50236
45417
58727
50744
42565
48275
44969
48913
50934
45037
55880
56188
53132
46203
46846
49073
46712
53454
45030
46416
46013
62049
53118
48385
46042
48209
55800
48658
61377
49084
52832
48277
59219
49579
53471
55298
50604
50884
47433
46578
51503
56674
44410
55170
48292
55559
49382
50675
51720
49347
49288
52185
47523
45497
49085
46696
48550
52291
49236
51309
44327
59158
54037
58217
59214
43985
52681
46634
47689
49092
47844
43067
51506
49578
50176
45488
50105
52472
53202
51594
47479
43302
48523
53235
47230
51177
46957
46814
56415
41991
58551
48825
49177
47137
52571
53246
53939
60869
59218
55741
60785
67532
65150138
