106742
94441
89680
127103
104524
113759
77480
90908
113398
105454
98482
137445
94766
75262
111663
96163
122139
127098
117030
109013
99812
85345
123100
110011
110792
89002
94289
99592
85606
136590
88405
127306
104089
85938
112839
107262
102713
101308
108211
103580
106270
99497
100175
103881
131863
97594
94620
109632
104187
108811
99567
97717
74884
97556
102788
82734
104577
90791
93665
134172
110293
119781
116370
103596
105893
124438
100576
128852
97568
135562
103734
117370
107124
122732
104591
113173
100859
132487
102736
100320
100278
104706
92537
85800
109159
105503
103346
101555
102842
117509
104962
117207
136234
124957
126007
114104
101101
81377
91914
113432
100789
127677
101187
113806
107398
96194
92574
98624
103771
96755
82164
113681
110128
94336
117005
108959
115250
96968
104277
89866
93867
101786
102937
78712
90146
105126
119823
91266
126669
93102
95961
104076
112183
107725
130763
114286
116847
99776
130754
83977
108485
117735
112277
152122
120868
126019
122021
102040
100867
119271
128347
118079
100485
102604
116561
112144
106976
99571
103904
143553
104482
98081
113920
97588
95586
104141
115907
86369
127638
104995
104888
124197
93989
85001
116242
101062
128933
125265
119524
107297
103443
123620
113702
94293
104084
106290
105337
95789
82195
122200
97464
104469
114337
111731
96547
110688
93509
111139
125562
85694
108860
107652
113936
105175
91438
127826
95372
110857
96134
93968
83185
89962
109596
81326
115983
98917
98881
106804
116581
118341
99208
150620
95645
90733
105688
126353
112283
104884
109794
96647
92738
101107
97355
117164
103464
107557
91210
107107
120473
119281
142603
105991
110199
98090
83965
119167
93954
99930
130411
105321
113215
112467
86167
122756
82409
94650
106301
107662
85553
90046
84713
89463
97998
131021
121469
98595
129740
90815
115501
110884
89547
89766
98435
96935
134238
103051
109414
96603
142639
85463
88591
108251
121573
108111
114824
124150
97378
107932
111512
117414
116786
106402
101753
108455
94495
102332
111568
137302
87190
98434
94347
76415
123881
122380
89712
117355
95603
124129
109788
108355
114347
104341
92734
112459
117130
106719
119073
85904
90099
85220
34029920
