81793
55457
58155
53832
87169
64248
57780
58505
61561
60341
54057
67478
63607
55482
67856
62384
57702
61456
80369
57633
60324
61979
60147
55662
67107
64148
67010
55050
51940
62787
59761
65177
56473
68323
49296
68889
54287
61056
46076
52797
69778
71471
69811
55725
63985
57128
62971
58789
67344
64006
77485
52802
67013
57187
63834
50486
60221
56225
56693
65086
60770
44490
69690
64893
56540
61056
63288
61165
71335
62236
62342
64301
59927
79080
80213
61688
65232
59141
62110
58730
56517
59014
66586
55933
71144
64851
64446
77152
56412
73709
56838
61841
55542
60132
62754
54195
52911
56876
64883
61710
59818
64150
49773
56897
61343
55754
62340
58827
67339
65078
58576
79812
62821
73273
59804
49081
65550
63503
54466
55095
68152
62041
53290
56834
85468
70585
60516
71056
61848
62745
60708
65290
65326
58740
63471
58067
72171
61840
62719
55217
66388
66088
62960
61416
77841
76719
51094
67740
56691
69016
66000
68575
58159
63553
56648
59185
66342
70099
62953
62106
73465
54731
53409
63736
54980
58117
60225
59387
67215
76978
57576
81875
53688
67849
69387
64691
65251
53653
69558
63090
70777
57641
57689
54741
83479
60348
69051
61760
64005
56166
65786
71326
75252
64848
69868
80218
58429
58825
67130
59970
68795
64457
50278
59846
63896
73202
62126
56118
57188
70855
69752
61581
52955
64322
61068
68098
56730
75246
51705
70923
60763
65286
77292
61333
65477
56240
61929
59530
65635
78819
60159
64834
46204
66008
70270
52619
61549
62993
65646
82190
56074
61958
56822
63167
60776
60157
59744
58232
58611
53413
64856
58803
59900
72921
59646
60029
69779
59462
53282
52698
61952
56582
54120
50799
55665
62632
55939
60807
56944
75328
67640
66518
58701
64395
61434
64799
52021
66662
64365
69041
69879
52882
73545
73497
59676
67368
56923
67979
82246
64690
68733
57512
53456
68731
58665
64317
54532
65899
55828
64359
67850
55550
61475
53390
62121
78759
68812
67394
69478
58028
57171
64643
69658
59723
76284
68455
52764
63821
64894
53077
45768
65544
57859
57475
54283
57145
61326
70165
67363
62922
49129
64977
58275
64349
69379
70239
66493
65744
65435
62014
69520
63068
68407
71173
51103
65282
60893
58451
60012
49160
70067
54885
64305
59214
72818
60610
59874
59382
57080
49978
65734
73198
58651
64679
59598
65542
56885
68650
77002
59731
65667
54747
61412
60633
52943
61012
61934
69450
66683
63650
53191
61491
54977
54617
57931
58170
79869
61030
66577
65052
58328
52162
56867
67961
67972
67596
66674
62800
61921
75428
58998
71424
58499
58927
64375
62728
59961
62478
50428
55891
45813
68536
85562
63818
59960
68213
51968
74396
64377
63736
57306
71682
59990
60596
58779
65585
61999
57354
64272
68362
55936
54604
77445
56944
89241
65460
57420
51002
74440
53168
71599
54040
73370
64540
56580
59699
59685
62852
62202
66928
75618
62421
66457
75082
55457
61712
62995
63167
57111
72307
73958
52636
55825
69830
54334
70592
63236
64214
58756
65896
60538
63953
85910
77194
69718
63101
62181
61843
54915
70627
59640
62227
70314
59818
57593
52308
59524
62581
66629
56937
73105
50649
60367
54387
64103
48638
57178
67789
61723
69292
53544
61190
53435
61403
68262
58732
84265
63561
58694
59943
78073
80879
58555
57644
47368
49194
63075
61694
66055
60785
62477
57868
64662
61508
76520
58068
56634
66173
70245
65462
58989
60046
58347
68349
70690
61826
61730
69470
58621
76182
73261
51599
56442
64623
51079
72514
73366
56595
59679
63557
64012
52159
58328
60238
55427
61862
54172
73134
62923
59884
71091
64538
50148
60856
66507
71601
62440
78987
63089
55928
61401
56698
67298
45060
65859
64332
56271
51567
75319
58332
71202
64000
54016
79208
61498
63680
67021
62320
70475
71235
54670
55447
74744
53305
67089
60948
51996
64522
68783
60161
59427
57386
65531
52873
60332
65556
58594
63228
62364
67495
60642
64244
65525
64353
59999
61148
68747
63258
51028
63823
65986
63445
63071
72730
69029
56515
64622
54457
63318
57759
58481
59181
58682
48586
65346
57427
56210
53582
50450
57881
40094809
