66669
57284
58686
60516
61751
57684
68497
70546
67859
63734
69176
68134
60377
66887
67102
57540
56136
64068
59788
60711
60046
59987
65878
57994
63306
63806
62456
59600
65310
61346
62283
65416
61967
65596
73201
60674
67463
63751
67563
68109
66261
61333
60245
57557
55616
58854
58017
62215
57189
59310
60758
59570
58450
61983
55329
63904
62855
63076
54593
63402
56519
65950
69362
68160
64680
58861
55102
66339
58634
57335
62331
56717
56147
55946
59881
57554
61448
60317
63017
60694
60896
51553
56250
61039
59056
61749
63228
59530
59936
69662
56745
61128
65384
54046
57200
65222
57470
66585
64986
70983
63892
59106
62836
60886
60881
65330
59966
60089
60017
59474
57359
58525
56475
62468
65474
57657
55659
61835
58306
58272
61766
62463
54288
60344
58808
54820
64052
65286
62902
62090
55989
55993
63585
63037
71288
57022
63495
61581
57897
61142
58292
57239
62327
63170
57070
65300
60587
60327
59944
63383
62091
67443
62291
64316
60184
69158
55602
64399
66076
64597
60734
68963
55964
57246
55690
68552
63119
60890
62015
65253
61858
65680
63662
64569
61305
66243
61779
64329
70035
60565
68669
63660
61607
58969
64110
63580
57921
57737
61212
62895
58184
61107
58836
66800
63933
57236
59126
60794
66773
67281
62905
64067
59147
67403
63542
66061
63752
57558
62137
68811
52976
59342
64226
62378
59445
60234
63684
58548
58385
55581
58540
61696
62508
65225
59161
61799
57859
58667
52220
60195
61369
68660
62790
59984
69162
60642
61454
61658
64189
68331
66332
67855
61059
66768
56362
61722
66177
57462
64179
57409
59863
60357
64852
67573
55614
61171
61615
65113
57239
57510
65333
66113
65076
57717
55915
58347
58724
67198
60398
67374
57432
50984
56575
63645
62800
57791
65634
66629
61405
61639
58809
57967
66327
56329
63538
59048
62303
67689
58334
61799
62193
62598
60666
56318
65826
54903
60575
59549
57011
56395
54631
57105
59110
71177
66019
59896
67901
62232
70947
63443
59397
56952
61139
63500
65959
57572
67290
58231
61034
63376
55473
63625
64984
62139
60205
61495
62647
56858
57802
65824
54728
63633
62553
61257
62430
58857
59783
60207
61701
58619
57459
61005
63046
68823
67219
57359
59131
65405
53750
63484
59509
63306
61265
68257
58334
59514
58139
56654
64982
60865
60484
62563
56282
56156
66516
61085
65069
59945
62919
58807
60067
58558
57313
59739
66637
55144
63387
62601
59172
60461
62304
60023
66621
60531
66195
63424
64505
60918
60309
64905
63334
64507
67845
57352
58645
62674
73328
56869
67320
58093
63048
56376
65464
65291
58347
62533
67416
56865
60900
56792
61129
60987
58415
53789
58777
64299
62201
56348
57851
55360
58821
58631
56568
56950
61429
68129
58608
65840
63546
70885
53537
58593
64086
54053
58941
65463
53790
63326
64370
61188
72947
63984
57645
58852
64917
58598
59193
66346
56231
63238
70088
61506
57092
62382
63028
59614
57778
63863
69725
61461
63226
54936
63762
64464
60258
61007
63214
60287
57789
68218
60090
59312
50352
57973
57230
59908
59792
62802
61985
59155
59219
63127
63589
66117
60115
55338
60873
62633
55274
62790
58195
59493
65318
62256
53562
58177
58865
63109
60284
64356
61464
60281
59645
61690
57959
58913
61833
60359
57229
66221
62517
62229
57210
71183
65756
59636
58555
61995
55695
58916
66605
60513
59082
61293
56454
59862
59251
60319
55248
57114
55581
70208
60126
64405
57886
59352
67849
60231
62548
56829
57008
61975
68221
67097
63129
65105
63153
60235
58465
60323
61513
63385
61757
65602
58726
63639
65920
68791
62736
61237
63946
62374
55908
67912
59345
63568
54540
63903
61616
69344
67590
59611
62828
56820
69408
58172
66958
55381
58223
60535
59650
58365
63888
62776
57072
54870
55064
64834
64304
61088
66133
53007
63018
63540
56598
59491
65242
66299
66826
58511
59644
57972
62200
61833
63343
65365
62666
60408
62259
62640
60151
60952
55308
64034
59883
54508
55922
58921
57313
59713
64515
66513
59791
59714
61518
63899
67507
61833
59084
61101
60457
63612
58480
61225
58907
58893
52795
69200
56906
63357
57282
63246
57406
54714
59000
63498
54013
57970
62823
66622
61074
58598
58989
60844
67414
55972
60851
61997
53852
62412
69805
61996
62370
58006
56653
63667
56229
58683
54418
61750
61292
58914
63761
56902
65733
63389
59750
58818
62542
58845
61861
63121
69754
61068
57784
65854
49969
57901
56254
63787
59451
58214
63618
60646
67406
58647
54886
58732
64032
55183
62641
52921
67717
54424
63335
67923
57022
59061
61839
67239
65900
59492
64045
55093
67438
66880
64724
62059
57613
63379
64409
58946
65791
61704
60136
66826
61375
63095
63101
71315
55168
65473
60327
60282
62817
65586
59915
62903
65408
64106
56708
61133
63215
67811
65608
66328
57825
65282
62533
61692
57001
62071
66053
64541
56777
52957
58030
67099
62753
64226
57879
66622
68416
59675
58416
60583
60352
60341
55939
61310
61487
66261
58407
57742
57394
61243
61177
55066
62713
62403
60827
56916
59345
59860
55420
60176
64013
64661
70758
60482
60058
54224
61287
66602
69404
61728
61609
61349
66368
64513
57394
65397
60331
61373
59654
56561
59703
71009
62355
61786
60562
53332
66695
57871
55408
63080
63473
70566
56712
59477
59197
65220
61652
68189
58825
59287
64585
68024
56085
61322
59628
59260
63076
66945
63314
63070
60728
63917
59969
59161
56609
60391
59028
62826
55146
65551
61565
54144
52556
66929
59908
54594
62130
66749
56760
68880
61152
56922
56912
63006
53508
56429
64233
64229
65300
55469
57623
59845
56686
57054
63469
62817
59875
62044
51700
59138
56171
66684
59820
64090
69793
56145
69223
62176
58030
60205
61015
61814
54799
60649
59019
62508
60302
67098
61364
66679
59500
57305
65498
60960
58598
57972
67489
66532
62192
64900
57250
68238
60153
64275
61578
68737
59294
60282
63046
70391
65806
59110
62604
51716
65766
56013
58334
59162
64324
62493
55601
65862
53415
69654
54034
58848
56282
56339
60094
61680
59105
58264
73956
48936
62027
60429
62725
58154
57139
58652
70639
62825
63392
62834
51539
59863
58226
64029
58231
59500
63675
52696
59498
62685
58850
61887
61678
68934
61728
65016
62297
55934
64029
54925
61226
61522
62079
58727
56671
60661
59772
63860
66353
61981
55155
68060
56947
62757
56514
68588
61755
60166
66411
68871
59721
57347
61077
63490
60974
57760
70606
61553
51370
62453
62198
59947
51207
59278
55081
57697
59208
62147
58973
62417
57809
58146
59314
59815
62589
51668
56823
59584
58470
60383
61643
58943
66504
55465
69007
66748
61779
60200
65118
60048
62491
57920
67725
61257
66283
65513
62511
63467
71210
53471
59510
64262
61773
60382
54488
53497
63590
55502
70348
58303
67615
56752
66266
62380
64256
58156
65553
54910
66950
61550
65869
59897
61525
62003
66514
60307
64214
58265
55199
61764
66338
54274
62073
63186
66107
62363
66133
58443
61112
66580
57660
58958
60609
60244
58131
60463
61903
59161
67628
64066
64479
61467
59474
61884
58917
54822
68295
64908
59044
62701
65073
58159
61560
66454
56893
60997
59148
60135
59980
62249
55821
61742
57822
62501
56580
63037
67237
59765
65133
58865
63406
66110
58152
60065
59582
56848
64317
65062
58145
58504
61795
59931
61695
54248
55778
68205
67654
65933
59762
60181
60938
55360
56515
55491
67227
58908
56975
57367
60771
60944
71885
63922
70571
57831
66502
63362
62166
59615
54223
53703
65089
62118
60409
61655
65390
60879
67388
62962
67886
62805
64372
56295
62233
61126
64984
56106
61997
62658
59036
61343
67414
60307
61184
58113
59117
53975
61523
53808
60850
64534
51331
59858
59907
61277
60669
61735
59897
59712
62658
59662
63995
56490
59646
70098
59124
65328
66274
60939
61617
63710
63631
67862
62409
70987
61534
67316
56462
63928
60683
62027
64221
64761
63621
56876
61225
60007
64854
60840
58366
59200
58963
59491
56360
60258
62412
54806
56848
64547
55094
59742
59009
65260
58604
61563
62268
63673
54315
60619
61570
61094
57446
61273
64054
59069
65260
65532
60853
57323
65855
64788
60350
58023
58596
60394
62310
59757
68369
62030
58231
60972
63382
64192
56417
56229
65475
57685
55218
61949
59690
64667
61629
56552
57207
66496
54005
59518
68366
57717
60185
55673
62092
63226
65072
60406
61497
71295
58682
58359
61443
69504
59643
61854
64436
56065
60383
58002
59953
61451
61393
65994
58583
58951
58641
59883
56776
60280
68483
58839
60370
63307
59058
63265
59933
66447
64541
61093
66365
57818
55632
58161
56687
59321
63301
56574
64789
60503
60122
57000
61477
59081
64862
61505
59339
65722
72999
60195
64004
48812
63107
67417
60404
56900
56133
71093
65539
60256
63579
58596
62384
60549
68934
60588
61085
59908
59149
62404
61922
56003
56997
62418
64364
56168
69519
69295
56883
65434
70992
59809
63639
54230
56053
55168
57307
61582
55362
69762
57581
59497
62931
56580
55250
63930
49796
62834
55495
67605
65837
55886
55075
60551
68811
58400
60481
65794
66397
58694
56769
63773
61138
59235
67502
56911
56809
62674
63600
62919
60969
65328
52313
59936
57019
55274
60724
57426
62390
59992
62607
60563
62439
58752
55254
63784
67088
62436
61733
63328
61618
65299
62865
60674
63575
59739
66578
56635
61422
65941
58834
57830
63273
62241
61202
65208
56041
65851
67158
64307
67634
55757
57944
55328
69562
60242
64767
53843
68102
61328
63638
61437
57778
59414
64625
63323
61730
53631
52807
59147
59193
57446
57373
64113
61770
62080
60839
67144
61632
68373
60397
63156
60850
61858
62772
65519
67260
59889
64391
59187
57347
61863
61001
63183
60020
64361
57490
67341
61697
63363
48836
63106
59300
62378
62303
60316
57815
65091
57757
59198
59325
61721
61356
60097
67294
66131
62108
65062
59289
58527
61409
56892
54340
68327
52723
63505
58696
58990
62458
61439
60659
65072
61806
64501
66937
63854
56524
56112
63296
55022
67818
68326
60466
64668
68239
63919
61708
58131
61797
57762
60064
59475
59786
62414
58349
59524
59551
61122
57084
66304
60813
63325
58423
58509
54651
65507
61468
58488
58657
64787
66193
67767
62418
57542
60189
63451
60798
57278
61148
63984
60976
61277
64326
62327
58937
69829
69113
57714
60005
60750
69022
66849
67878
59210
62470
58949
58722
59855
62114
59700
59793
62583
55518
64070
54391
63760
63851
62319
65498
62402
59220
64891
58910
59433
56177
60936
58474
53906
65049
63539
59938
67065
63268
65910
62054
61086
63840
61698
64048
54338
63506
63677
59717
59758
64458
63072
62198
61371
59211
54182
60673
59570
54853
61404
62777
62522
62226
61349
57182
58843
67425
64087
61211
56964
54284
63893
62494
60413
62608
62984
63508
62509
57367
50503
60595
57644
62708
69283
68510
58929
57645
60950
60556
63665
63761
60708
69161
62401
63549
67098
65378
59373
59226
65255
61272
68706
57089
55244
63582
63937
61283
59955
58022
54833
60168
58759
58585
63845
64900
59621
57739
61790
63681
60934
59927
60630
63141
58530
61656
56302
57347
65147
54152
54612
62242
59764
61293
62305
54518
62485
57581
67669
63442
68179
63969
61092
63423
65178
62617
56932
59458
71056
61330
56756
59850
58482
61071
60217
56193
62255
62517
64929
62323
66918
61303
60931
58078
58087
65045
56073
61803
56747
62553
58270
67696
60655
60226
60793
60344
56273
58442
64074
59951
59607
56744
63914
60765
57799
64598
62172
53828
61947
63068
64931
62320
59789
63000
58322
51950
61877
58729
64765
63379
55700
66192
63767
64540
63089
61258
64849
60902
62737
61186
62230
63691
58902
62347
60350
62171
56651
62669
57715
62983
67651
59377
58314
61132
65846
55687
55551
66879
61829
68284
58877
55833
60274
61610
62802
58496
61342
61557
62092
61743
59806
56839
66658
63630
66437
61690
59187
60133
58213
56921
58233
64025
62104
63086
65517
59171
51536
56954
61069
61573
62614
56878
56340
61951
59466
55010
64863
63252
64544
62769
62311
54187
60974
62177
60741
64831
56876
53245
62492
60188
64142
58374
60951
63777
59301
58578
59017
62800
57664
56754
58876
57649
63401
69044
63730
58024
62888
62548
66917
57997
63880
61622
63910
66053
63651
61861
65530
61973
64177
57652
64966
56158
61373
64813
63426
63644
60234
59377
68464
56614
64671
60509
68701
55708
65702
57550
54498
63028
61782
60012
63046
53386
58041
62798
58264
57190
53474
63424
62003
64800
57327
59133
66896
55427
53941
66909
63307
63626
59443
59084
62978
64106
55409
60651
55215
54341
67953
64496
58410
60989
63258
58656
57639
59838
63104
60434
61145
58872
60430
63788
58167
59868
61871
59101
65014
59293
58810
61063
56604
54834
59408
67128
61882
65602
68558
66466
72151
61706
68329
67952
63805
67215
60636
58738
61103
60299
65044
59592
64346
69179
60858
61584
64218
66186
58291
59146
72044
64179
63965
58277
67478
65142
60404
62451
70720
57245
56928
57524
63473
57160
59487
63743
60945
62448
63514
61772
65499
57236
58861
64662
64914
55183
62326
58150
57013
59391
65227
68678
64563
68247
65219
56229
57986
57217
64423
62411
69345
57804
64584
59811
58698
56460
63848
52676
59314
63116
57420
65132
63982
56447
62912
64645
68791
54166
56337
64898
53524
62508
61806
60624
61630
65442
58007
59661
62159
62275
60177
64358
63235
59760
61001
62964
60110
62674
60307
58091
69603
58468
60224
60882
60676
66504
55613
60673
63163
61440
58073
57669
66058
59970
65793
66789
62617
64231
57726
58728
57983
64257
65577
65836
68587
58166
64055
61911
62503
62718
56241
60724
56498
58402
61667
56544
62832
57078
60408
69265
58483
62410
58527
53153
65445
58499
65268
64446
63513
55087
69790
60345
67524
65995
61308
56384
64353
60085
62720
59578
64169
60949
60141
53872
54786
57625
61819
65396
65178
60059
63595
51299
60900
60137
56309
64269
65583
60238
60684
60368
64455
53877
55451
61347
58248
57862
62880
61155
60723
59880
59652
66835
61049
70272
63172
58960
59378
59482
58646
52816
67139
63937
60073
60568
57648
69014
65324
61487
55790
59318
62125
64186
69208
63797
59530
54412
60466
63888
56922
61306
52084
61113
65234
55774
57220
67963
68838
56028
60810
58389
64183
59901
59050
61240
54228
59819
63018
56242
66089
56309
64000
69959
63127
64323
72720
60132
55031
62701
60829
58361
60782
59008
63427
60854
60060
60535
58292
69340
61831
60497
61341
56041
60348
57611
68543
60132
58519
63396
66024
62316
70260
60816
61032
60770
65539
60058
61707
62318
63024
60056
64248
58423
67675
59192
59838
65693
66899
66952
66463
60208
69993
58570
61421
57784
65478
64082
58990
61521
59810
58433
55042
57116
52634
63970
55069
61861
63283
57402
54826
59292
62456
63807
53773
62018
50693
60635
64216
63992
50343
56569
60694
64531
56674
62509
66674
63305
58934
59621
64639
57566
72737
62488
63832
58151
55197
62938
61854
55576
58895
63748
58478
61755
70218
56864
71672
61064
67920
64277
54981
55350
61727
56476
64286
62046
59494
65946
64004
63980
65274
61733
59921
58312
55184
55375
59411
63296
62342
66185
66445
61418
61554
54420
68518
64769
63505
57992
61114
53838
64194
58362
65959
56821
63511
60994
66015
63497
58170
61094
64224
60750
65471
59102
62338
58242
55298
57754
63933
60103
61682
59576
61820
64562
58533
67632
60552
62855
62318
66707
55588
58135
72594
64853
57485
64169
66315
60069
66373
64623
55365
61988
58170
63805
55657
63395
67957
62739
64905
60775
59294
63226
62894
71498
59257
62319
66580
61132
63369
59862
59975
65828
56192
65624
57786
64312
55919
63166
51812
64575
57417
56079
61879
64057
56655
63151
64345
58233
56965
59877
61757
72705
57778
61313
61382
58939
60179
63096
60385
59059
57549
63513
66017
66275
60057
61404
62399
54580
52500
60218
57963
52273
58351
59815
62030
65219
60035
60589
64429
65795
63765
61273
64785
61580
62130
56575
60049
58136
73025
64945
61401
57126
62646
67442
65279
65402
57478
63972
66139
68251
63422
63002
59298
59753
67090
58831
56017
54824
62167
63600
60104
60994
61592
63134
55460
58283
56141
56253
61338
63911
66519
63440
57457
61906
55788
60434
59427
59642
57134
68050
64407
58915
57093
62704
57917
61269
56719
57571
62518
61325
58294
55552
61737
58883
70670
58721
63476
61828
65561
61372
60873
60053
65016
62738
59579
58917
62413
56492
66435
60482
59651
59496
62816
61715
60765
66930
58761
57451
61159
58892
57615
64757
64134
52441
63127
60440
56264
65935
63316
70080
59791
62920
65177
58591
62634
62355
59785
54220
63546
58063
60847
61178
66576
66956
58224
66371
62348
59949
69617
65677
61018
59414
58401
63629
59615
57497
61750
63253
63408
61757
69804
54884
59215
61014
53730
65217
56189
62598
63564
60282
64091
67396
72878
64961
58213
63946
57601
56709
57979
58033
66956
60680
64949
60498
60656
64725
68820
60283
54492
61607
69339
58876
63116
61679
58336
64658
57377
59964
58668
57853
60359
58511
63474
64929
58112
58100
57744
61704
63428
58515
60995
58678
62074
64772
54564
65811
66194
62228
57901
72309
60284
61422
57818
58483
61210
62387
61799
61107
61063
61728
61124
57925
53669
53332
63132
55515
68293
70113
63867
68199
60273
65413
71047
64092
64441
57635
62931
67227
55854
63614
70531
60232
61780
58353
61582
62855
60683
55811
63803
59513
58024
60135
65520
55550
62588
61347
61473
55895
67823
61697
58003
57993
67416
63931
61099
58418
59434
65520
63273
58997
61854
57028
65401
63231
60443
62107
57832
64578
63017
65129
60727
54811
67821
55731
60378
62617
60250
65557
62725
63786
60822
57962
59548
59528
59430
53390
66645
66410
62614
67928
68619
59517
58601
77645
55976
64392
60058
62987
64179
56262
52366
61987
54234
60339
60467
57715
58398
63447
61020
65230
59157
68464
55112
64306
64367
64175
67760
71003
57987
65911
61346
65387
59162
55344
62488
67512
61260
61529
59916
56099
64175
64789
58634
62870
64158
60907
58803
57624
60632
64648
54662
62788
59956
59034
62868
51961
60626
54803
53383
60782
64671
72084
66404
50390
65365
56733
65431
58966
65644
57167
63097
58723
62153
56376
57543
59343
69317
62227
53890
60408
61535
56955
60337
65027
60265
59157
59463
68541
61627
62548
69551
64686
58272
59941
61613
63990
64691
60586
67565
63436
66161
57538
58573
68766
59794
65324
65867
65345
61209
63064
65161
63880
59942
56576
58294
55400
61839
60458
62429
54358
61132
56373
64424
58802
63746
66988
65413
63086
62904
61564
61442
70350
56027
60182
61391
62469
59237
63530
52488
56593
61292
58657
55901
62803
64199
57204
61434
61780
57823
59991
60311
57339
57447
55889
62920
57689
60982
63190
63754
63239
60131
71412
61603
57770
58062
53796
59932
63256
65500
63570
55896
58548
57470
59635
56391
59949
71442
62892
67975
63442
62953
54982
55927
62671
63240
56224
63249
58260
65726
56986
59806
60909
56026
61408
59789
56376
60163
66821
64963
64099
65595
64607
60702
53275
57000
62029
67588
61695
57190
60179
57123
63431
62645
59446
60015
59614
55539
61616
58320
55374
54941
61088
66053
66364
55040
60091
60916
59516
64381
65327
62087
53710
61101
66408
61410
61230
62925
55900
60485
60169
57723
60905
70326
55421
67521
52660
63331
67997
63336
59757
57927
64426
58278
61465
68568
52577
58794
58215
57150
56648
56635
63590
61440
67410
57432
64138
59407
61360
59869
61760
57845
67907
58825
61946
60846
62667
63903
62320
57581
60360
55431
60642
58971
61431
62765
66121
55547
71252
57215
58768
64120
67129
59109
56581
59126
57650
67432
60310
60552
65415
63353
63211
63947
60092
56822
61902
65201
61134
58395
60340
59916
66560
60173
63546
66708
59258
63783
56442
56912
61873
63206
55430
61807
60826
60399
62452
69584
55768
54734
62221
56543
59829
69878
59242
66467
53609
61640
63172
64172
65261
56398
62146
60153
53365
61595
65611
62723
57712
56670
61593
58955
63950
50981
54046
61594
58251
58176
60182
57502
61150
59836
59278
62547
64546
63523
63921
60039
71727
59767
59978
56390
60715
62099
55749
65380
60304
65225
67921
59166
59258
62399
61163
59294
67216
60773
63745
70223
66289
58367
69186
60328
63810
60839
61616
64096
69964
67649
68051
63020
61725
62698
59863
61294
65478
61584
61430
62352
67640
59259
63732
58879
65699
57921
70270
54760
71721
56559
60824
61647
59167
55641
63595
57903
63896
63304
59468
66521
59785
56021
65540
52914
63930
59867
59201
61410
58257
64735
65562
57673
59118
62671
70165
65805
60997
66245
59458
56497
66080
57247
56111
64571
56994
64683
60124
58223
60477
55879
54314
67131
54442
61756
57825
61845
62062
61882
63253
60360
62249
61452
62440
62797
63887
62419
60619
64407
65308
58529
59605
63419
61392
57301
57451
63820
64638
63299
59250
64129
55975
68121
57728
63535
62810
62323
52164
68213
61591
61917
57805
59039
64774
60924
56410
58627
70145
60094
57946
61831
61626
59206
55404
58491
61585
58492
67687
62705
59672
58752
58056
57059
66268
63422
62184
62039
67979
61867
57748
60939
63434
57789
62406
65179
65378
57433
58905
59659
63007
55090
59643
63499
58665
62832
60919
62358
54514
64043
57356
58468
63984
54986
63732
59330
62891
70744
59726
61979
63936
61736
57441
63724
60176
66950
62406
62974
61302
55843
65863
61011
59479
69312
64009
60958
60698
61158
60204
62017
54181
57955
64010
62439
50662
66862
64003
63199
61024
62547
55102
63038
56370
56679
58286
59685
62399
59707
63230
57899
62763
63279
61349
54349
64626
56369
64344
64772
69573
62517
61722
60144
59448
62393
62465
58436
58247
61576
63115
63125
59799
56106
67796
57225
67683
67458
66361
65284
65203
60796
61343
62735
61556
58507
58189
56334
63283
62745
57506
61503
58171
67934
62729
61236
59407
64089
61400
55931
68874
65951
64472
66797
62603
58662
64860
60880
62617
59632
59071
65789
67509
58947
58927
55563
62522
56398
63379
63174
64554
66768
63139
60241
56139
62087
57733
51632
60438
62408
62043
60271
60804
65422
60799
59880
66274
59589
59296
69474
57826
63683
69918
56328
67503
64900
60210
56830
61658
67388
56796
61756
66894
64792
59939
64778
62284
65527
60440
72070
59822
66295
58686
71100
61003
58613
61099
63543
62981
56538
66557
64797
54138
63809
54169
67254
60370
63754
60454
65227
68895
61807
63127
64615
56743
64423
64525
64434
58094
62042
58712
65459
55415
67860
63534
61437
59967
61306
56477
59104
58575
63115
58252
64508
56600
58906
63334
64825
59273
67822
57105
60424
61217
59340
61161
61697
63193
63662
60188
59020
60884
60082
58361
62855
67611
62969
56744
65496
54615
57949
56560
68589
63622
60847
67542
54587
54182
64105
56116
58668
61584
58803
65603
63701
64684
61974
64457
62516
64426
58309
66123
59587
62822
60656
59452
55405
63849
65029
57957
60945
66308
57659
63387
56089
60393
65354
57215
57610
67501
53331
54548
58238
63217
61174
66802
56439
56782
62017
63774
66914
62627
63529
62740
66083
53861
62389
62153
65798
60146
60331
61059
60513
65260
55666
58150
59694
53610
64765
63084
57673
60945
55802
60227
65238
57925
58949
63283
62803
65067
63389
55482
67402
49998
52791
57801
59371
67372
60604
71683
57121
61476
67136
65876
66681
66584
57157
63195
54910
64808
68782
57839
65053
71617
63630
59881
63832
56584
55198
56671
60895
55413
55792
66091
64800
58614
54127
60513
59871
63103
61018
67887
58921
65540
54870
62972
56536
56083
60510
51119
59383
56550
61843
59079
58142
57307
57496
63992
69018
52347
65002
62945
62237
58736
63180
55482
67529
54100
64547
54488
60012
59539
58888
67269
62190
57361
57389
60012
58344
62176
53310
63448
52545
65366
54244
62238
61051
62538
61261
65456
61373
65584
61552
57752
64830
59412
67193
62089
54930
63845
60977
57935
66032
66735
53426
59357
63099
63780
61815
69973
59922
65545
65489
68214
59923
57971
61319
60494
69192
59264
64029
63201
58960
63363
60100
65216
59048
67878
56690
66081
61880
64958
60962
60703
62860
60156
64494
53432
58259
59637
59369
67391
67552
57852
62769
56731
62260
55365
63240
61031
56974
60258
55351
63367
64626
66960
66101
59247
59742
56148
63463
65165
60845
64103
59449
65062
62026
57757
67065
55423
65753
69387
65087
57836
67393
58577
64654
65711
59265
57266
63054
59659
60658
62501
66271
74072
68358
63867
63504
59693
62414
63016
60940
60174
69029
59596
63480
60240
63279
60889
62351
62870
75698
63019
63876
62268
65552
64129
59488
61472
61717
65154
58720
60503
62919
61964
64133
60380
57795
63579
66849
63726
65015
62772
58157
59295
62149
56968
58740
58075
64693
57139
69981
62826
61455
61434
62864
56859
64119
64961
59435
62636
70070
59952
67981
56738
64829
55666
60281
60753
69519
58188
67084
56135
59720
61062
55394
56354
62916
67367
64409
57138
68008
58204
51379
61979
62363
63552
59098
60062
63694
65530
64620
57138
59671
62299
63381
63315
65734
67761
66894
63606
58776
57465
61126
58650
65096
65894
61772
60933
65386
59282
68148
63140
58833
58206
63057
61127
59798
57904
53585
60915
54243
60096
57581
60549
59920
65003
59017
63345
65143
68106
68772
67551
62064
65808
63624
59001
63121
59260
57995
59807
73377
66921
59149
63342
54427
59183
65275
63947
59721
66446
60500
58105
60692
70302
61254
64128
57970
59187
56627
66550
67644
60030
63900
68461
61055
62412
57089
57598
58888
61594
65686
63249
66842
67471
60425
64961
56922
61428
63189
59564
61570
60853
67271
54362
60944
61155
56604
60089
55073
62770
57571
56569
60777
59314
61559
58139
66486
55650
56709
67204
66165
58031
63311
61805
61074
64443
60276
59916
64365
61779
61867
51723
60205
63556
66224
62760
62527
57836
54417
56894
63273
64621
56726
53347
63841
57703
65656
55424
56509
63228
67413
60256
56487
67022
59740
65118
59821
59615
63896
57341
67680
56527
55424
55649
57087
67407
57704
60096
51914
64049
63548
64952
61169
58301
65697
69038
61438
64613
59155
65339
55422
58333
75571
58913
64046
63964
65473
55730
65507
59110
55527
59765
60488
53901
55012
59794
61298
67337
61906
57471
59328
59581
62958
61306
63099
62091
64511
58910
60912
53655
61076
60910
61345
64690
61156
54670
57963
53863
64304
59534
52385
58923
66425
64171
63413
58211
58479
63289
59867
58239
63650
58581
60855
63063
63745
62075
72553
61228
59550
58260
53883
60307
56863
56946
66885
66976
61484
60052
59654
66273
64833
58296
66885
64765
60179
66751
51949
58829
59564
69607
70692
59063
61217
62240
62840
63159
59764
59858
60359
67340
63271
63542
60254
63117
64461
66737
65500
67539
65583
70447
59389
59331
56975
58887
56271
64158
65960
63059
61142
64743
63273
65433
58468
63995
62588
65227
57344
60822
61008
62647
53371
60141
57597
61807
65098
64926
62763
59799
53934
63874
62802
59190
60479
60738
61233
64109
62009
59511
58889
56623
56454
56097
60577
57362
66812
58814
65401
59597
58854
58820
68050
60074
57623
63189
52089
62736
60093
62871
59732
66121
56645
67445
66216
60208
66626
55260
57577
57610
61424
62632
67392
63056
60418
52427
60970
60655
55442
65414
58803
61513
66249
67587
62317
67764
61432
60417
64594
69152
63880
62620
58956
64575
59090
62390
58334
67424
60328
64360
62468
60448
62185
57343
68871
62649
64183
58653
65757
53267
57724
59607
65356
54468
62823
65367
57090
68878
55622
67813
65051
61124
60476
62412
60491
65546
59976
58924
63383
60163
58962
63916
58960
67688
63301
67441
57557
63204
60295
58670
59511
67313
66023
60663
57885
56331
53154
59584
59801
61918
58449
56548
63419
61770
65133
60343
59493
65780
60903
67090
63824
64614
65963
61740
55697
62523
62623
62489
62835
62803
62218
63724
60196
67585
59971
59086
62012
63779
63593
63995
63427
65218
65407
62557
62959
62187
54950
68322
62595
67088
63461
61681
64945
67525
57121
58599
56440
61913
57766
58343
54585
60318
66306
64656
64425
61331
62638
50677
66331
55786
62937
61534
59181
55894
67013
60300
55330
54807
61765
57750
58007
63728
66040
66322
71521
56977
59741
60888
60732
56563
61007
59919
61765
55473
67899
62709
64487
65414
63519
60836
56376
62711
59758
61105
55472
68950
58324
67250
62823
59608
51223
59552
61527
65462
56222
58203
59706
62183
54059
67172
54850
63702
63499
66124
63416
66437
70581
57595
65128
59041
63588
64940
54488
63689
58910
60284
57933
57336
60372
62077
56244
63949
54069
65998
67061
63093
64166
64898
58382
63763
63902
63981
62449
62058
56348
61113
63176
61684
67876
62528
67570
60581
56600
57211
60948
63412
63901
57509
66443
60240
54721
57625
54209
69030
62981
61649
59660
53775
64764
55085
60363
59093
61095
63737
62364
61518
55898
61658
67429
61793
64145
65089
59448
66000
62284
58793
63108
52636
63546
63856
68146
61400
63426
60439
66480
55446
56212
65062
51974
64904
60255
56405
55197
57107
64279
68677
60845
59491
65805
67068
60366
68406
56807
69418
68409
55424
59077
61686
61061
61073
60363
71727
62916
61889
56540
65412
55309
61528
56867
59124
61576
58670
57760
65294
66181
61871
63192
60015
59326
61983
62153
60301
58912
59792
56198
58964
58560
55696
57912
58366
67803
70841
53647
55981
62716
56660
69309
58398
65324
61751
60056
62819
60262
65497
54637
62773
58988
67160
67254
56165
59261
59667
61762
63543
54963
57315
66564
60226
64727
53317
64611
53012
59587
62697
64516
61119
66949
64533
55555
63418
62442
68348
67542
57616
60855
60384
65363
56563
61787
62058
64933
60663
54161
59200
60460
60103
57834
57966
62865
63776
57628
65031
59458
60255
58365
59299
65013
61559
54637
61664
63899
55591
64199
58710
64902
69096
58329
62191
58680
56106
64097
68950
60465
66133
58490
65592
59348
60817
57055
55295
60878
58141
57236
57849
54113
57650
65791
57851
65392
64687
56410
63998
54189
61370
64034
60917
57743
65730
54568
64679
59690
60589
60239
65052
63763
60474
61316
62542
60466
58029
61501
66028
58194
57656
64580
62615
54565
65209
59011
61259
59850
59406
63551
66065
51756
58050
67146
54571
58887
66773
55056
60658
59389
60385
54491
67612
63679
60918
56698
66441
65177
57809
59977
57788
61207
64118
62052
64785
64498
66317
58945
60898
62413
60392
55910
59129
64595
67389
58564
67056
61898
63114
60012
58398
55875
56659
59788
58559
62777
53597
63506
57876
54793
58425
63766
58195
65845
57697
62082
59801
64248
61338
62904
57413
64934
65898
57839
57694
64753
67284
65062
60057
58298
53701
50583
62897
65234
57880
63084
64533
57718
62779
62791
61649
57732
68685
63232
61632
62186
64353
64525
61689
55755
57009
59329
65277
59835
59411
57846
66981
61687
62563
62110
62066
61627
59588
61074
63113
66692
69917
63501
63233
56411
57334
64257
70490
56054
62073
63745
64066
56618
56512
56410
61857
55743
60792
60368
67229
63078
66265
60502
60932
60685
54051
61979
59783
60605
65704
55297
62486
59204
66455
58174
57256
61224
56504
58971
62903
61714
56993
65266
63187
64289
72092
63223
60800
55067
62903
66626
58108
60060
59171
64329
59130
63260
68659
62894
67485
65977
60349
68530
66713
58231
63876
60824
62306
66277
62679
60772
53432
56981
63468
61064
57807
64229
61059
79267
60007
67226
59783
64350
61113
60664
59034
79069
59841
60298
61642
68166
63974
65380
63564
61613
67911
51282
64505
54664
64443
56596
62464
58393
61842
64908
65313
67552
66188
63876
60160
58358
61259
58588
57468
62044
53154
67847
69064
66656
64815
55284
57751
63530
59673
62459
62332
70086
57270
67853
62502
63804
66116
57507
67862
53439
64265
68454
60417
61828
62636
62261
60249
67739
54372
63154
57566
65328
60765
64580
62377
58695
65528
59682
59943
63514
64798
61607
55783
63582
53024
56335
66857
60838
59304
62627
59753
64061
59599
61352
55944
68812
59656
66529
61825
65335
65461
63937
58965
56145
59711
66690
56087
62737
60993
58214
56184
62379
58298
59754
56735
62747
64244
69958
68803
59847
63420
65261
61807
62186
65656
61505
63081
57913
62303
71737
62318
59503
51263
67067
64533
56430
65310
61832
63775
65631
57366
61096
58466
62248
61160
60844
59782
63318
57581
55438
57579
62878
59962
61036
61649
59682
58664
66735
64921
54921
64422
60428
56693
57853
60261
62945
65650
66529
60934
62920
68061
54800
62607
56983
57294
62221
60366
58119
59951
73031
56062
62457
59275
58162
58604
60071
60726
61841
59575
66044
55434
56746
54447
61105
59024
63113
60029
58010
69620
62099
60158
56441
60578
61766
59274
64253
60689
66965
64203
68889
65383
58382
57038
56843
62293
61842
70473
60140
62802
57292
58869
60760
62563
62419
67674
59853
57172
65391
65186
57820
61018
60690
60659
61711
59965
54829
64021
67909
64287
63528
56042
66429
72728
56367
64820
61428
61548
55950
66762
59890
68555
57790
63527
61130
58321
56348
58262
60226
58757
60345
66094
62677
55596
59906
57605
57973
64583
67250
71822
59471
62985
61430
314204537
