53348
44951
56909
44455
55832
43598
46059
59038
47762
46227
52111
49086
61582
47715
47650
53198
50913
57771
48198
50789
49665
55678
53439
48906
46390
53665
48992
47798
52853
63580
45756
44993
46872
48328
49625
59953
58691
45638
51864
46002
51298
55796
44169
58551
45278
42091
56514
49230
52417
48954
54986
51912
45187
47227
45696
51543
53475
46031
45191
51962
58403
58243
49763
54815
48731
45711
54944
54289
52543
48342
51671
53767
45105
50020
47012
47033
63839
59603
49826
51684
46653
49277
51201
48596
45806
54113
48905
51918
41544
54649
59729
54462
59807
49860
53217
53478
49250
48709
45863
58145
50679
48711
51554
47447
44205
52919
50660
57246
51851
46925
51938
50757
52191
49012
45524
58710
48669
52939
48395
57859
52593
49358
63200
49553
57696
44167
46989
49331
52597
53124
46584
62993
51432
45501
48192
50155
45986
52616
47452
54578
47670
47645
44701
46708
57795
45288
58559
51132
41891
50769
48323
47536
47393
52586
51544
48476
46968
50105
51558
56480
48267
55780
53238
50768
48226
47315
57253
53636
50358
54535
53122
45947
48834
55796
50303
49937
45809
45950
45173
49118
62406
50940
45591
57816
49102
49613
45390
53229
52103
46451
56534
56122
53513
51769
44320
45297
52438
51887
48285
45910
47712
50547
50506
50807
49415
45633
55457
51051
50875
51550
47050
61907
53174
61568
47788
43330
50333
49014
44789
46387
52726
45165
58476
50296
54264
55206
54060
51281
48734
52546
51771
50608
48619
52093
44800
48302
55359
58098
44109
47586
54333
47789
45848
49441
58742
45178
50031
51502
48759
51612
47885
47353
47610
56911
52277
50090
49708
42964
50407
43823
52409
49500
44364
49366
50503
53070
47524
57499
53886
44319
51918
49554
52686
53984
49122
46046
49198
52451
46275
60213
52792
46311
51207
49343
49753
54035
46043
47852
48221
45999
49701
47857
46963
42820
47418
45812
50025
44781
56368
45796
45752
51768
48750
47959
52101
49216
46281
56771
58390
54900
42217
58948
42586
53988
54220
55407
53797
54618
57167
49989
55059
46411
44633
44794
56105
47645
51739
53814
50424
47578
49064
51689
53394
54056
48582
46392
50432
48310
50420
43718
43948
50167
53427
50434
51610
53832
55779
43955
51398
49808
52285
46696
45207
50658
47156
57622
54469
57474
44923
54959
45731
49840
45742
54362
51795
48362
49211
53534
47624
47639
52250
44623
47195
60204
53827
58412
48602
51154
48155
45568
55876
53623
54721
48253
49292
50974
52029
60168
52785
50826
50709
50759
44044
46288
53744
50794
50377
56604
51418
53713
48498
49862
49972
50499
49631
49117
42175
48357
46611
65533
55314
48381
48464
47900
55778
55019
59398
49433
50156
60676
44002
55392
46993
50996
47283
50104
59478
62065
52887
46216
47052
48017
47294
51969
53046
59404
56938
49172
51121
47766
50393
47985
56246
63944
50993
55901
49841
53463
44338
50877
44667
43208
53313
54076
54874
54273
47663
51979
49783
51374
55920
44602
55116
42823
42769
45205
50087
58829
54006
44220
54527
47886
49826
48983
41452
52162
47274
46098
50843
73065
55052
53649
57641
55362
50730
50965
51689
45697
49522
62073
48025
54285
46027
46574
50866
55504
53669
46117
56635
53689
51557
51182
55686
46217
50628
58248
57855
51026
47298
44937
55815
61844
48267
50909
47216
50921
51155
44872
43516
45331
46887
51016
50677
50503
51269
45657
56735
51798
53928
53322
48924
44886
50515
52264
51749
64971
44125
54973
55844
53724
53082
41795
48091
50895
46174
53668
52033
47287
51277
48469
57316
43055
48563
50663
45448
44056
54422
43275
54255
48652
47961
54658
52056
55499
49394
49620
48951
44284
54188
56202
49153
49671
49966
55409
47966
52189
53451
47905
50705
49489
45705
49793
48211
50075
44840
52060
47134
49339
50413
45673
50531
55562
45668
49368
52847
55785
48427
48329
54827
47661
46557
47438
56979
53249
49445
48609
45875
43461
53520
46679
49933
51460
49810
48698
42712
50192
51902
53472
53774
45947
52771
48150
47719
56793
54603
50194
50988
52182
45774
59120
47935
44653
46293
51561
47336
50037
52400
44527
49560
48670
58164
47877
47164
54192
62570
54560
51051
53106
49724
43235
52171
47854
54734
52971
43317
57843
46748
50667
46260
50065
52849
47996
51912
51073
46857
50197
42076
50518
51872
52164
48973
50532
50113
43321
49144
56965
54752
45910
46530
53000
58507
50680
57221
45502
50603
50138
45832
51966
44390
44331
45477
42986
49127
52722
48330
49860
45925
52530
49501
46217
42290
48817
42751
51864
44654
51322
54275
45939
45917
56256
46401
62273
53562
46628
46391
49532
51039
48299
55461
50765
47545
53787
41243
53629
58345
55785
45247
47198
54157
45904
46761
48000
53754
51567
45283
47039
45608
53933
49324
49158
45745
51478
48526
46828
50344
47195
49860
44363
50204
55000
46484
49153
47123
55611
46287
41796
53099
50547
51399
49688
47684
69039
54222
45087
51233
46398
47858
50285
46143
48921
50513
53961
45343
55901
52712
44194
49101
42595
49880
49321
51051
49759
54736
47606
47140
49445
46558
50977
47753
46631
62039
57332
45355
47458
50438
50390
46280
49745
48769
50115
50180
54005
53326
49040
50952
49304
47698
48515
51978
45191
44537
58302
55235
56783
52730
41845
53004
50684
55500
51867
43513
52649
46943
50301
50479
48419
48077
49931
55968
46424
45380
53344
48077
47608
50102
48625
52218
49879
55904
44854
47293
51420
58958
51534
52802
58107
53029
48885
46338
50075
47128
51162
50454
61954
49778
53688
52342
52753
48846
51617
51853
49214
52060
48726
53411
53326
44640
44306
52770
52374
52323
47315
56473
51515
55575
62067
42935
51267
49078
50508
50795
50960
55660
59603
50146
42213
48763
45511
56443
64671
45508
55175
52774
51397
47487
50032
45816
48426
47871
46218
49554
53990
56417
52424
57630
56707
55511
49679
44181
59092
52420
64094
60152
48916
46904
50879
51953
53224
51811
58120
52298
45509
46075
56582
49925
53672
50444
55213
52978
50354
47297
46193
47420
42598
51017
58052
47045
49402
50453
49103
56139
54870
45095
52035
48655
56276
51200
44465
49050
49816
47384
51387
51052
45222
49957
67833
45944
52821
47076
46279
47167
49005
56655
56459
47326
50249
51036
50065
47925
49753
53544
55749
51972
51123
52140
57952
50844
47274
44498
47400
56102
47517
62492
46785
51547
52177
48877
54539
52397
45214
51580
48579
47657
48451
45843
45744
54022
49893
48416
47718
52102
46844
45829
47986
55430
53349
50637
49917
44981
55521
54988
43920
47911
48909
54295
48881
42763
48657
52030
50849
53568
50244
52469
50889
57523
52570
50639
45874
57535
51188
43809
48244
49142
44496
50273
49423
47574
49469
47393
48831
47375
47547
44194
49139
48424
52059
45789
47776
49062
51017
49007
49943
53837
54133
43318
52165
49025
50504
49103
48253
50462
52607
62111
51292
57438
50573
56753
51943
48166
67584
61257
44593
49244
44504
47987
51714
48912
53420
54147
52809
47112
55563
53276
60366
50967
47254
55989
62677
51889
46845
49061
60218
47387
49544
46641
48041
54608
51254
51002
51089
44703
56418
56097
56755
50149
48633
51834
51106
55079
52073
50571
56187
46794
50744
49804
45829
49288
61510
45059
47890
62543
51566
51763
49651
51648
54293
56238
51025
48005
58405
50592
44919
54860
48685
44605
48684
48553
49308
46369
48717
48959
51515
46601
50908
51717
51554
48432
56057
45826
52337
62944
48051
45984
48745
51064
42416
47447
52534
55896
49577
52160
47626
50855
49440
49221
52309
44706
54166
51285
54556
45660
52960
47353
43707
46334
54915
48169
49629
51028
50042
42302
52443
46736
48967
46584
58517
50657
43927
47020
51029
54054
44832
53569
48050
45208
49445
55717
58864
51193
56411
49351
42488
63312
51661
46240
50717
51336
50199
45266
53208
51400
52326
50924
55499
51927
46303
49971
54180
50754
49175
50739
47894
48407
41476
60195
42915
49292
48804
50686
57486
49861
46540
49343
46664
52826
46330
46448
55721
47492
50943
51533
45655
56176
53481
50912
49220
42280
53602
49554
47353
41014
51765
52444
43490
58259
49083
45321
43176
53157
51557
51658
47171
52328
46562
48713
50708
51819
45787
45611
48271
49088
51094
59748
50753
50854
45847
48913
49522
48911
54191
64725162
