99135
117056
133351
128627
127676
118963
94962
107622
110783
92661
109255
90352
130772
110134
125684
90706
132897
135728
100352
113457
111062
131205
110411
97997
102277
113471
80421
107410
103285
114703
109946
98361
93574
111282
113120
85397
110153
124233
84318
92363
106062
108330
125452
120491
115278
112427
143821
98755
86286
111618
102432
97118
129451
124950
117135
122522
91606
102724
109209
107217
106978
94341
111700
110455
113986
111722
85539
124904
111704
95269
106081
98563
100269
98761
109255
118143
122747
98754
101041
96917
115863
90509
101205
133897
109429
105290
91063
90194
90134
120136
103639
115322
95812
111979
113436
123301
126747
96810
91594
104265
110310
91042
105381
119326
109222
106532
116366
132300
85083
100162
99183
78015
110124
99699
91212
101335
110900
104199
108870
97351
127491
110087
118240
144845
126280
124240
114800
132559
111919
98919
99363
108356
116543
115822
95799
114864
116813
99026
92904
144690
87688
116649
87563
107076
98521
94458
88529
123638
107338
78598
133178
112988
105363
109969
111100
96961
128909
97478
134682
114265
94480
96775
114343
102115
99145
106932
115791
105588
94954
94633
117374
105483
93203
107112
96996
107276
86698
117022
112607
140803
104592
99382
108482
98726
90908
114839
132014
93153
97687
111225
130688
141370
116486
134499
97293
98911
110247
97418
102645
102238
109849
85732
111481
120584
91791
90274
117839
117967
107608
112128
113277
110331
111097
127960
122028
119665
83276
93166
128781
102625
103410
115090
89424
91162
96553
107351
138754
94011
87863
106302
100280
97217
103571
105238
91693
127625
127370
100405
106587
117429
108013
118893
111067
120123
98947
110280
94386
77049
111892
85700
86778
92351
83667
115025
112863
73500
107614
143756
102540
85324
112271
148465
100962
105785
103670
96555
104652
104718
84910
77272
112687
103395
137531
106954
97400
91973
118751
119046
96007
120950
114244
107957
111288
110248
126038
123102
148566
96428
106678
108060
96283
104836
82737
94584
91166
117770
121031
96516
80482
91770
82963
149340
103809
98563
102263
99644
104649
89908
89063
112747
119379
86430
136421
87180
110303
70169
111535
75927
66170
56845
34214664
