60830
49718
48638
56397
52301
57860
55681
53347
51965
61274
60996
50141
57981
52076
58341
65394
56015
57037
47647
51711
52200
48109
56226
51361
53925
55628
61653
58637
49305
59273
60208
59527
53911
57945
60142
57742
52576
62353
53706
60828
52068
57346
55763
56605
52435
54363
60734
54797
57747
56985
50274
57894
52880
66093
53739
57077
52273
54757
52815
57271
51486
56076
54827
48641
55885
52806
57622
48833
54034
54386
53231
53805
53751
58747
61827
60185
55679
53873
58400
47673
51219
58473
57593
53110
52472
54418
60863
63359
52084
48233
54120
53587
57837
49830
54869
55499
56950
53593
54718
55531
56297
57174
51332
52829
49985
55085
52703
51516
54545
58994
54760
52932
52335
60188
54479
55826
53105
52190
53112
56311
53433
58422
61579
50486
64100
49221
60683
49655
56205
57608
51262
50725
47636
52738
52247
61351
49738
51377
51325
53679
56752
55701
54878
49224
55120
58677
57629
57182
61562
58841
55685
67255
55189
55402
53373
56961
55696
53782
53223
50457
51384
50871
57496
54271
56970
52093
48949
56038
56507
47323
55524
58789
60758
52299
52365
56905
55594
55287
53519
50356
48334
56607
56244
61779
51128
48135
54008
50323
53492
48691
55155
55045
62003
53959
54367
50178
50534
55795
57117
59508
52239
58398
62116
49221
52790
54218
48007
48197
53874
58742
56779
51516
56231
55716
48503
55152
55203
57297
56320
53619
54482
48257
55331
63771
51840
52371
59254
55963
49833
57342
53014
54863
53644
52754
63257
46539
50672
55160
54796
61196
61577
51008
56065
51698
51789
62535
51823
55928
51790
57134
55563
51534
57827
53114
60730
58044
56195
57800
56329
51624
51526
53201
55888
64690
53909
56086
52365
50883
59035
55717
57157
51035
58301
53827
58500
54590
53083
52129
46570
51164
58366
58836
52036
57601
59327
47089
53605
51384
55560
58485
51664
49881
52125
52601
56870
56761
52888
57501
56556
64711
60349
49941
63018
54183
53969
52915
54540
56556
60421
56002
58957
48281
51400
50258
55445
56688
53175
53302
61694
56169
57998
45808
58648
49372
55674
50517
53105
49670
52347
56995
57756
53989
59109
48875
55033
54095
53277
52359
52010
61211
74061
49054
52181
58981
54016
59554
51420
49843
60899
60735
52872
58090
54107
47975
47771
60700
52427
57156
51803
60421
57998
56012
50474
61955
46711
48649
51167
48751
55538
54743
55442
51555
52669
53919
51220
54591
54630
55513
53663
58107
49151
54058
54755
57707
49294
56082
52368
52773
56540
59991
56401
51548
52654
54668
58369
62774
51971
55792
55155
52603
56413
52394
56174
53908
50794
55906
64532
63861
58884
50972
53392
57135
58755
53187
58125
56294
48925
51567
57909
57242
50473
50569
53243
61527
57509
52008
55606
60895
58210
48110
49938
54337
58858
50555
59067
52861
55867
49742
57018
48207
48702
57570
51959
50027
49010
53925
57300
52687
59386
53866
57034
54066
48286
54006
54013
56699
55071
58497
49787
60880
59427
50938
57912
52231
56411
52024
54598
52283
54272
51449
51863
54996
50544
62012
62775
52995
50572
60941
52572
50625
56402
57599
57180
50646
55652
58203
49593
57997
60431
55361
51560
54616
53043
60905
51258
49500
48824
62146
57332
52893
50038
67625
60110
59334
47637
71193
50743
57248
61302
56651
53042
55618
55349
58720
47468
56678
54397
58553
52729
53912
57663
53120
61992
52441
58981
53078
53908
56897
55771
57143
53991
52326
52931
54843
54340
55362
59437
59276
54271
56155
51055
60531
60051
53246
53698
53192
52468
53350
55796
57942
58219
51568
59110
53180
64588
57712
46529
52466
61347
54009
47723
56303
55424
52930
47696
52245
58044
52502
59753
52965
52159
55953
56074
54425
52221
60387
56097
50525
50312
51568
55574
52127
48295
51211
52016
50889
49038
53204
57069
51141
54073
53681
61224
54329
53663
49972
47519
54295
52070
59803
53350
54614
47873
59133
48857
51594
50766
55283
58575
54566
56552
53532
59265
52932
50733
57810
57025
52802
63645
54347
52144
54705
58409
60881
53910
52987
60046
56605
49351
53414
56571
62920
54643
53344
53518
60560
51322
62122
58535
56848
50766
55928
48724
51123
59883
56677
65497
53781
52454
49904
57233
48152
48872
54038
56922
51404
48248
57235
53497
54286
51627
49770
57969
49170
56374
48011
52847
55023
48686
45597
49823
52955
56289
53507
54730
57340
56028
54382
55684
52200
52000
59332
56577
61686
63712
48514
54961
55885
54003
58145
52139
52982
55196
52719
53730
56327
49117
61846
57301
52529
54117
48970
55001
52662
52242
52704
55493
50286
51213
62495
49219
63582
54507
61028
51409
54368
49856
52528
52028
55718
58243
52088
58095
49007
58084
59773
57917
50912
47000
57161
46995
50829
55040
60503
56621
50073
53866
50665
46297
53286
56724
49135
53461
55522
50225
56347
45990
55902
63047
57142
61092
59926
56600
52789
45439
60023
53412
62858
58541
55164
51860
47046
62705
60715
51862
59244
52931
50950
51880
55526
57395
55022
51451
51837
59105
64515
62496
53740
60029
56370
49036
52661
57659
52058
57897
54893
58497
53955
55811
53179
54364
53745
50177
52664
51808
54294
53771
52814
56647
60904
63167
49423
58904
52085
58949
56067
55277
52884
52862
58120
54629
58647
52737
57767
61811
57504
53986
48705
55925
57666
60674
60629
53722
59396
58888
53529
55353
57221
51236
48687
49470
54822
50092
58054
56636
51755
61366
50653
52425
51898
59275
58255
52137
53652
56523
52544
49587
56541
49930
57369
58034
54157
57092
49602
49461
54769
57170
50363
49545
51827
51994
64307
53370
61687
49634
52538
56034
59898
55379
56027
55439
52424
51025
49893
54255
56095
52217
49793
54108
57475
57574
50505
51710
57011
51390
55371
66230
60242
57126
48665
59324
57323
55153
56143
53419
54395
48434
55864
56680
54571
52278
51479
59087
50877
56641
64202
48675
57016
61513
60870
48593
59337
53722
57483
55753
51760
55277
58037
53389
52546
54025
49398
48959
55218
57421
55698
50400
63102
51124
53824
53082
59846
48421
56778
55245
51158
53905
49533
54981
58461
60315
53607
57282
59196
47148
54210
61187
50986
54017
55383
53819
60536
49083
53708
54832
54994
57026
58096
53753
51791
48677
52204
56311
62241
52916
54797
59253
64637
58580
56305
53704
55226
57392
50175
51149
52989
57653
57423
53135
51160
60756
60026
57442
56154
55319
51422
58131
53745
57698
56371
53487
59501
57404
54509
58149
54784
52125
55324
54602
52025
50707
54036
51780
55294
57316
47595
50693
58454
58702
52138
58092
55664
55812
60285
53937
56419
51094
51369
57117
57641
50153
54886
52636
57983
58751
59750
53140
55474
47692
52011
49589
54088
57198
54786
47847
55315
57531
55275
54396
54838
56695
51058
58152
53911
57747
52240
54450
55050
57510
44155
49714
49746
54305
56750
51557
59887
58661
58114
45547
55376
56257
50815
62217
47577
58634
49529
59307
53284
54025
61624
57421
52601
53844
56630
52967
53064
54844
51896
57858
47542
51488
54521
56818
50395
50611
54241
50294
55458
63390
53761
53089
60286
51188
58718
55974
55701
52041
52662
55448
52642
54623
60963
53421
49823
53257
62073
53763
55018
60760
50784
48499
54490
55934
56202
52014
54064
57123
62181
61642
60810
55272
52375
50959
57072
59884
49372
53151
54784
54490
54975
54984
51026
57879
57751
52311
56480
55053
55992
53475
62554
53199
60789
48994
50931
53536
58399
54613
64249
58232
51677
51790
52862
57573
52098
53982
57163
55046
55840
57711
58912
64092
55711
52720
55460
62189
47516
56275
49872
60745
53697
60769
53175
52422
56478
48025
53170
54054
54042
59263
48949
53299
55509
54242
54489
56388
50959
48140
57087
47848
50464
51935
49992
55453
51687
55784
58531
57649
58129
55321
59126
51631
55306
54477
58600
49411
48655
51518
54814
56482
58678
58393
53485
55351
51695
63761
56144
52745
52991
49320
57303
49999
55653
50132
47463
59122
52491
52533
50725
60814
51194
57477
60924
60018
60978
49254
51290
53197
54007
51760
51010
54857
52947
48693
53612
60519
54774
48444
57932
53033
59397
49178
51436
48714
54941
55172
62346
63717
55446
57402
50905
56963
53413
50964
47320
51482
54008
57236
64284
48907
58713
54771
60734
59386
54817
52741
46568
54153
60710
60378
47879
52730
50022
48593
48962
59065
55068
54338
55952
59654
51798
49075
53537
50665
56239
51410
57304
54483
57670
53021
55353
50558
51239
56465
53712
57845
58551
61780
53226
50845
57192
51453
53201
47663
62662
52496
58142
53992
58634
49464
50311
58344
55924
56499
54903
51012
54590
49078
62129
48737
54280
56209
51938
55422
50793
51573
50577
66340
54418
66072
55886
59140
56983
53487
53766
50797
51988
55106
58760
52710
50535
56476
54078
54010
55409
52557
51543
53688
52649
54759
59507
57862
53743
52087
48388
55031
49822
54442
46105
57560
60348
57836
54115
59867
54096
53315
56980
53477
59597
58023
57252
56364
56692
66237
56585
59432
50207
61059
52518
65247
56596
57164
50880
57250
54305
55015
58158
47808
52726
51745
56885
53196
54344
57487
52740
57957
50382
47047
52828
56715
59362
48785
58676
56442
48582
52753
56504
68086
54197
57253
56338
55630
55294
58002
54366
52754
60403
52600
53367
51571
54210
52443
54882
52024
53147
59272
50318
57720
52029
57508
52033
56676
51019
51000
52849
51085
62572
48886
49370
59921
54750
59602
55344
58309
52104
53194
54294
48019
51468
55836
58304
55001
52577
51985
57740
53493
51980
55040
49512
55477
54112
48106
56883
54406
64292
54363
58697
53499
57936
48884
55862
49735
52131
55274
51444
56244
52217
53602
55796
55224
59493
51162
52546
59711
52046
54941
52315
57429
52953
55731
50405
63491
65958
58989
60365
55102
54762
52325
58379
55864
64365
55604
54592
56436
62283
59071
59099
58406
62890
55905
52823
60080
54802
54737
53351
50839
55855
52774
52460
53479
49363
59020
53100
48607
51409
54681
52435
56907
55329
60329
51948
62365
57361
55442
52388
54141
54080
52966
56719
54466
52312
57346
53440
52197
50951
57062
49618
52962
57700
56428
57442
58164
52986
58608
59222
56003
63332
54001
52321
47831
58044
55834
61009
51491
52596
55965
53515
57607
53374
51394
55948
51757
64382
56066
57955
52628
54598
51905
52753
62125
56569
54819
52210
58066
63939
58549
62046
55840
55017
52888
62384
51289
52430
56640
54103
49597
52970
59800
52853
57704
49453
56938
55468
51723
50265
53070
57406
53882
57534
53165
55282
57832
57548
55469
51383
54033
56102
60491
54246
54674
56999
47707
52871
48224
57215
54807
53905
54102
58145
52941
52975
61938
62807
65835
54529
55955
52179
52665
53354
62706
50763
53117
51479
59125
60204
54190
53748
56380
55572
53891
51134
53652
53985
55594
49511
52974
54220
56119
53459
60721
51107
58233
49315
65746
55026
55892
51049
56333
49913
56374
50885
50320
50516
53828
53680
49210
48468
60001
47549
53963
51339
49091
54162
53699
54178
55623
62539
55732
60153
46656
50327
54475
53542
58936
65118
53108
51647
48730
52514
53602
53057
50457
59922
53894
56004
54346
50387
50378
55484
48266
55852
51979
52120
48848
54346
52864
56802
51119
61742
56837
46729
52093
65361
56469
53103
58725
60431
48066
55805
52031
53197
61078
53687
54666
49561
48681
53482
49653
50340
56800
56402
47933
62320
52458
62614
57233
62604
57117
53189
52405
52112
54469
63968
56959
57823
55671
55168
54803
53344
56825
53815
52441
53672
55801
53239
50316
55631
50168
65834
54322
49479
53169
49622
56101
59930
50778
56432
46731
58512
55832
58643
57349
55900
53409
52165
50061
55761
57466
52247
60442
46999
57061
51626
62090
56541
49837
59735
54211
59171
59197
56888
51129
52540
54016
54681
53044
62562
49057
48921
52026
53042
56244
52157
52482
53997
52142
58825
55508
53807
50263
58772
63137
59178
61620
54420
57519
53093
58174
49737
49266
54298
49577
63070
51451
58101
57316
60707
57979
49876
55983
54131
54518
53043
54945
53063
55499
63661
52263
53870
49205
47656
57180
54394
50288
50958
65314
50972
52288
65060
53303
54948
54354
54048
49697
56562
60227
48541
62557
53631
58669
51939
62297
57048
57161
53790
55322
51367
52765
55424
59167
54876
58065
54955
52452
51123
54793
56021
55854
47523
54852
50866
55623
57489
53074
54562
59739
58831
51488
55864
54907
58400
52441
48181
52448
52914
57272
54285
65265
55423
57335
52157
55694
62032
55790
53260
51614
53784
50035
51780
54010
53437
58247
53739
52909
55934
52014
57446
49764
58320
52932
54547
49033
56803
56335
51297
53237
51348
56730
49688
51854
49446
55214
55428
60801
56549
51223
56119
52619
51368
52844
53878
50687
57753
51551
55003
52999
58867
59500
56846
52024
59742
63870
51667
55662
55558
59502
54002
56788
50968
54004
55014
55957
62773
52735
54186
51157
55584
55974
57816
53481
52660
56216
51889
54751
54563
61512
46420
49923
49964
54833
55633
51823
56481
54377
59144
55052
51970
55131
51536
58966
59446
53446
58832
52653
59687
55134
57275
44601
49946
55527
55851
54771
52716
56273
58315
60131
56542
55871
54537
53980
54451
48745
58942
52255
59422
59326
60951
56705
56621
57841
51702
50597
52322
51932
50131
54003
56593
49691
50630
53481
54000
54751
51615
56221
49013
56537
50405
52153
51651
57160
61304
66348
53019
54803
57560
57337
48763
48928
51024
54552
53742
53002
49464
58391
51569
55468
52669
58318
52628
49773
54301
56760
53169
50521
52568
56980
52040
50030
52441
57836
52905
56847
49561
54963
66224
52330
53178
58718
52562
50982
52060
53378
51027
61813
52949
56483
56010
52489
59283
53028
53804
52184
51303
66281
54276
49383
56552
61000
56096
60806
58368
59926
52000
53874
60591
57849
52158
55654
52818
54890
52917
54390
53009
54014
50223
51690
54623
56515
53836
54568
47867
52589
59002
51937
58610
57039
63474
57420
58829
59959
53509
47268
50736
54768
56508
54056
49093
47308
50316
60264
53381
54909
52646
57242
48068
54364
53263
58348
53476
50850
54672
60657
64158
54390
48754
48396
55886
55651
56289
50139
59268
56135
52366
61520
57476
57894
64816
56786
59056
59325
56365
61025
56370
55838
48902
59500
63560
54463
65457
59119
52856
48938
59334
57442
62522
59720
64640
49859
53165
49718
54842
61025
58145
62813
51344
57643
48647
53597
60195
63688
56544
52636
62785
54170
47076
55300
51604
57269
50166
58687
50913
59625
54553
63549
59466
53534
61716
59585
56139
50253
58348
55066
61645
52953
55880
49330
53034
51558
53972
56793
50884
60103
58068
54203
49227
52506
51519
51076
45187
48875
57599
55334
50519
52309
53725
50912
50995
59767
58841
58052
53531
48586
50991
59362
54874
55613
51052
52419
56943
48672
61529
61753
51218
55304
62276
50222
59449
51296
56844
52460
56614
58690
51407
53319
52688
54277
53462
47695
60636
56705
53805
53273
54155
54321
53728
48843
61807
63134
58541
57009
52587
58902
59439
50178
51206
51460
52651
52450
52565
50297
53816
51801
52240
51880
55900
48395
55896
54924
54377
57594
59315
51058
57790
53141
53103
52824
54850
55522
48242
51177
54180
52895
61269
60873
52828
52514
60039
56612
66314
53780
57144
52416
50092
54669
49739
49942
54484
51830
55191
52083
57914
55429
51382
53680
56245
53294
57805
54400
52738
52963
54670
54142
57069
58864
56648
56696
57099
60642
51509
51694
51944
52621
51669
57427
57623
53566
56625
50124
51332
54011
49780
56942
55090
59983
55912
52945
53439
51112
56268
52837
53778
51900
50629
56365
49442
50208
55222
52899
48944
57476
59528
57377
58756
53151
63197
61672
50315
54440
50741
62776
59210
55726
56589
51887
52094
57174
53313
54287
53435
50572
57905
56297
52112
62398
51878
53529
59492
56652
50587
57465
53205
49976
48982
55041
54229
59686
53954
50094
54722
50965
49636
49541
53430
50674
60864
55250
56052
60372
57306
48859
66947
53976
53179
56839
55740
56330
50006
56216
49074
53968
45339
61137
56786
54156
57951
57907
53383
53433
57208
57763
54897
53629
51440
52459
52153
62879
60220
55886
47942
55651
56673
51951
55303
55270
59724
55682
54880
50910
47744
56452
52809
54123
53174
58342
55824
59516
57343
52431
55824
54397
53661
53435
52941
62278
52451
67175
52972
55718
56469
48656
53811
55545
59884
54562
56818
50913
59324
56802
57289
56234
57279
55912
47761
53703
49810
54476
48722
56699
59608
54397
56767
53507
54672
49954
60132
54541
49415
49052
54068
56871
48674
53459
57322
51955
57209
54368
54609
49085
56326
52450
67794
140337115
