83328
65524
48560
64287
63078
66622
72760
57364
68633
56578
69246
59249
58254
57303
47957
63773
62973
67110
61007
79862
58126
71444
56964
56273
58603
64045
67067
60912
62678
56842
56306
65030
54738
63598
66073
75230
50401
49749
56236
60616
65789
63499
69004
59149
65027
51528
57525
51095
65778
54257
67668
57311
48621
68671
64785
53613
62454
60515
73795
58831
62730
60007
68578
60858
71844
57168
60409
58192
76603
63715
59101
60619
71834
66898
61985
55873
60031
71815
51740
53016
64017
58655
64889
55563
61104
66535
57694
54325
63287
61417
56959
69425
54166
61494
54091
58215
63450
51193
61689
72742
79777
62056
62472
62459
71125
49424
72368
58385
60085
52851
51239
58778
62335
60554
75260
48075
52975
63800
55241
60714
58496
69553
48597
61617
71416
66779
65251
68961
64080
69856
47591
74026
78962
52917
64293
59662
63041
53362
68424
58690
72315
60839
60626
51932
59542
65105
59238
65369
62534
61641
57846
65291
57074
53897
69350
55259
58448
64334
61670
62681
66010
61084
54261
68291
67719
61778
62677
56167
66713
64500
59913
66993
50379
58649
59586
66770
63036
70833
60420
70190
54482
64978
59920
58809
70237
58761
64700
59224
69158
52317
59834
63343
62087
62354
56510
72363
56665
64039
66189
49924
54460
60455
48341
66059
59720
58781
69597
58024
62654
66381
59418
59680
59873
62031
63383
56936
64610
59352
66565
65789
62871
55241
69888
69309
68186
50217
70664
65343
58503
63850
53824
64160
75342
64696
67940
54847
55956
65621
59077
65734
58507
74029
52906
66285
57008
63959
53212
53432
70157
63966
53695
62213
54948
54489
58406
79923
61457
65693
66547
58758
68814
49940
62158
63317
73374
53602
66317
50317
52021
61534
60754
59477
53726
56219
61681
54360
63947
70809
78003
65633
61714
59273
59428
60742
71408
60067
59650
70170
60613
60117
57042
58508
68833
57454
69633
65930
68076
57933
60862
56595
48297
68606
55533
63152
54540
62294
65470
70448
67350
62303
56143
54376
62542
62265
59601
60018
50323
80499
47981
56612
56552
61128
63432
51667
60305
65823
72999
70342
53550
72691
60375
66646
59573
63622
66241
67958
64245
62281
53970
66942
58238
62606
55198
59363
66515
70731
60505
72111
55854
49272
59600
58683
58648
64060
68467
78411
62272
71426
63398
55683
55795
68223
60265
57575
66181
52557
65943
68787
68229
64002
70619
56624
57497
52944
56663
70966
59349
73799
63693
58358
61962
67246
57674
60798
64762
65065
58561
67263
62237
59066
56263
52658
71430
65337
67188
55664
59444
50644
63945
64578
51666
67270
69281
61276
69049
57745
66791
59944
59671
69496
59679
70852
67090
72482
72811
65587
55544
58371
63402
60741
54823
61113
55814
87148
55326
69155
55511
60088
54603
64962
52515
65454
63620
55846
64185
70023
68240
66443
66011
56659
52530
64104
55478
58538
62222
57177
59756
56373
56509
58940
64030
70749
57573
61970
58896
59064
61674
59357
58618
59178
65125
68769
67358
66131
53843
78397
63274
62883
63128
53357
58552
65819
61686
61126
60627
69063
62578
60452
56612
66251
52946
59452
56775
65809
58726
59820
53584
64295
57177
55877
81701
63833
62026
57550
53823
63451
78569
56242
87578
61689
56261
62755
63133
58510
57618
58821
68816
56587
60695
69595
55108
71116
58876
80964
65633
67329
57725
68518
70128
60352
69273
54810
62538
58448
60295
63081
64952
51811
60104
56760
68221
57861
66031
52926
55180
55406
60443
74953
53526
63619
60777
53508
61555
61684
62823
56041
48307
66900
55114
56059
56620
62271
73451
52057
62065
58408
52924
55933
54465
67225
56010
55949
55776
62632
56538
58002
72668
54392
62012
62643
67619
66714
52038
57247
61587
57464
48630
51787
63013
61565
63067
55217
47347
63514
62278
57816
67323
70061
55344
58019
50531
69735
60563
56413
59346
56843
54704
64833
64549
63171
61791
56223
68363
70239
51517
66544
55103
58032
56044
74200
55291
73337
61395
62194
59673
74612
69912
58117
61339
73198
61377
61822
66061
55906
63511
59384
54406
58106
57543
67055
55248
60334
43253
63919
55480
69937
63510
53452
60019
59584
39476183
