69428
61014
73790
59190
69691
58820
63430
54184
74028
57489
58999
57245
60859
54615
73644
65150
72946
57854
62756
57435
60466
62347
73077
71610
51437
57628
54743
67963
75801
50903
63141
65390
61821
54867
75254
67158
60706
67605
57720
64172
58617
58501
59564
66401
56639
55003
63024
59709
62738
50127
66398
79780
56243
55392
57762
66696
86252
62811
70273
56704
58135
66416
65731
57922
56996
69931
57626
65018
60138
62390
62239
53912
62140
64474
60465
60127
59300
60047
67980
54238
64751
64341
60603
75573
56335
61503
70725
65695
63181
52422
70927
68591
61968
62639
49397
59619
81451
56509
80935
63699
51130
70626
58981
55578
64587
63780
55990
58076
60538
54168
64298
59942
45865
55264
64708
63726
62054
67280
59681
79294
65470
60115
81050
62143
60222
80005
57476
61852
62274
67170
54561
52915
63020
78948
62789
53965
64192
68998
55913
60460
63044
65114
52426
55374
54655
61369
50739
59549
57922
52572
62893
57550
59015
59078
78940
58599
66672
56682
62653
60650
48742
66546
57589
56759
56947
62516
61636
71653
62683
64724
67417
61027
67395
63967
71618
71962
60508
72104
61526
57468
65830
63229
63833
62122
64723
85444
67834
60228
68525
76138
65952
64892
76026
50857
69914
63015
60115
72371
59384
70508
60796
54266
65408
62505
57030
51026
72196
67434
58088
55268
65519
63553
60562
53692
49017
76906
68131
61049
60551
75895
53694
61858
60230
60862
53125
61864
73074
69708
64104
64126
54742
55351
51044
53881
67314
62262
62609
69205
57703
60699
45993
63089
53114
65217
81243
59581
64995
63625
56716
55755
71576
54510
62162
73422
58344
56766
67960
62340
48924
77307
70215
65350
65233
63779
51416
62662
59670
54930
61594
66148
71990
78463
51964
50117
61497
66816
61113
63816
69408
67773
51629
74575
44580
66693
63275
58267
62375
64698
62158
69673
79941
60967
64807
54566
63338
67088
51269
61572
69254
65246
51769
69124
52086
59217
67352
50848
64170
73193
62549
62617
59415
69746
63100
75489
48228
73940
56623
66964
65996
58497
89088
56335
60653
63576
59689
63936
65397
52866
61851
58001
65167
60207
51492
70799
55189
68699
56241
65092
66712
61823
57864
69635
73956
61862
76570
73059
53325
67208
52383
65773
61033
59725
61807
69899
59947
60514
45574
70957
62303
59741
53602
56741
62131
57347
79822
59231
73975
71320
64981
56957
64573
58113
65312
63396
58972
57902
67012
65515
69322
52301
60447
43323
63307
63325
68320
52199
54985
71465
61301
66100
60971
53971
57030
66651
53350
60925
65122
60371
71202
67741
57078
61380
53115
70778
53030
56061
60643
63438
69966
46176
58643
60583
60450
68830
57747
61729
62194
63263
55322
59980
54444
59462
65712
56395
76699
60298
54518
61010
62547
69563
67929
73355
61041
63797
55711
72517
60715
60699
54429
64596
61797
47832
63924
53048
83165
51649
68192
52381
65970
56717
63536
58570
63847
57664
55062
60794
69080
54569
58273
77755
70447
52496
55307
70279
49743
76291
55953
66258
54181
72378
49371
57203
70200
53483
56680
51548
52335
70669
75357
65331
60845
63587
56641
60983
59413
56554
57651
55250
56549
61215
56415
60590
60679
67423
57308
62656
71885
52945
62059
90892
58030
75238
56907
70152
56577
57515
67158
62486
68142
54154
70527
59533
62851
64757
61809
54084
62232
57991
58331
61935
56717
62634
58220
67061
57949
61898
64854
75306
69137
55278
52569
79175
70392
60883
61578
69114
50218
60167
61272
56680
51899
51447
66884
71411
59512
73650
60833
58463
56924
74661
57428
64731
62436
58046
74932
58830
65412
56721
53206
52282
55810
62371
62577
71213
61745
60151
52363
69017
58946
69297
62714
58104
53812
65871
61364
57360
76776
57066
63237
59714
79641
61627
54826
54731
56387
57508
59208
66316
56366
62294
53755
60154
60283
63742
52591
69131
65979
62636
60399
65262
59910
65583
58186
61417
73272
56421
68034
73779
60273
59192
57098
64690
79562
62831
59611
65989
58397
56005
50799
68715
67678
70698
55880
63336
71609
62387
47553
66478
64224
57618
53376
59653
53081
72878
53648
62269
69518
58172
66027
52123
39846090
