63011
73211
76753
52040
60531
67701
54958
58796
58245
58339
61502
68029
67158
60067
59491
57011
67237
60194
53569
59045
62297
64034
53015
62488
53364
67190
65070
80041
69302
63922
66576
56888
62986
72802
59841
67459
61652
58544
54516
59331
60716
55230
56179
73458
58050
68888
51052
59308
68095
61084
74235
53937
56289
62412
54778
65402
61309
67383
61101
63459
59530
58942
57512
68415
53832
61745
66157
52898
69918
64397
68795
58201
64168
53823
63201
67727
50437
58120
57204
51967
62401
63001
69054
63175
79425
61368
62277
74640
58380
69962
51547
59402
64048
50577
64294
59665
68727
56482
69343
54550
63112
63450
58844
68759
58456
58030
58714
61634
62003
53358
57378
66182
60611
61658
63776
56578
52591
55181
67519
64535
59533
59961
66900
59587
59142
58916
63401
64822
61894
54813
66257
61313
59599
63372
62984
55254
74075
53503
75692
56249
59456
61465
54976
66453
63450
59825
62989
69042
52232
63068
60090
63784
66401
52786
59522
58336
60461
58900
60791
67474
64023
55246
68159
52092
71098
62415
63293
56070
66085
59493
65853
55467
63890
67895
59701
58521
65212
54652
66299
54945
72933
65767
65399
54519
61126
64633
62658
61906
61005
60454
48771
50324
64071
63538
67081
61704
61258
68421
62851
60007
65144
64368
79798
62364
57281
59036
62590
63144
58869
63801
72855
55012
57210
55879
62926
67398
57742
66474
51220
79620
66217
61292
56053
56510
62205
55693
60738
61403
67244
65607
57161
61678
65911
61049
56129
64258
61930
72173
66716
67884
59048
64027
57503
64185
61570
64507
54162
52965
61060
55851
69746
66367
57541
56070
64567
65988
48536
59497
70396
61998
66513
57417
59156
52291
52115
49785
62579
63504
66176
66352
62874
70979
58558
69290
62370
63760
52404
68289
60404
62269
73797
69983
58266
64076
71111
57381
58198
57454
62152
65693
53107
61155
66001
73886
68960
71463
60347
55878
61528
65622
68714
69656
60277
60156
64079
53642
73356
60090
71346
63020
52401
58847
60943
71713
54641
55279
81086
66077
67252
64218
62762
52861
58116
57126
84593
52456
57597
63022
63382
64112
75956
57684
70000
52130
66447
65709
59240
62200
56250
63868
66505
59607
67175
64021
53877
63408
69099
68689
75700
52250
70977
50374
74664
51492
64453
58898
62660
54715
68200
55049
55138
62721
60838
56664
65233
65080
54816
78384
73631
62965
59721
55381
63929
78180
56928
65397
57713
65047
64175
69472
56036
67689
64562
62334
73747
65676
66784
62458
55707
74741
56067
61801
56856
66850
62839
66659
61233
62615
64082
74893
49161
78707
74221
55970
60658
54011
73046
64504
66733
80871
64774
67943
48295
74196
64783
65821
63351
54885
46450
87163
60328
61779
64039
62567
63961
62282
61149
65115
65663
55808
62105
63780
63951
72589
57635
64555
62915
51713
52738
65502
60932
58250
51531
75039
58856
78690
59610
62333
61320
68755
61720
57943
60048
62999
63985
64663
56348
66208
58288
63010
66560
53315
58351
56611
57547
71594
74716
60580
64487
54169
60775
61459
61624
60699
51736
56016
61100
57631
69835
62379
66198
58040
61226
65200
59329
57663
81090
58491
61596
53879
54079
60635
51728
67599
63814
49571
66992
63967
63590
79778
60165
65203
59054
65726
62212
55308
64260
53488
60232
70295
73722
59535
57930
54527
75599
65464
62612
65408
55517
71317
53181
62823
61669
67498
66589
68713
54314
58406
67776
65222
57835
60984
54768
59161
59903
65006
51508
57277
70455
53620
58204
56873
69776
59814
64124
64898
61710
69577
63255
57151
61397
63143
70715
60802
55514
53702
52225
55125
60660
64886
66325
57364
63727
60114
71399
59098
58449
51681
64082
53559
57262
65992
82720
72106
69065
59010
64408
62327
60274
70356
71330
54409
71902
59615
53596
55258
53915
66477
77802
69902
62498
61872
75720
53724
57029
57440
66464
66694
66379
84746
57390
62336
62806
64056
54317
64612
63330
60948
63734
66752
56179
52817
72722
56785
57868
58128
52843
54122
66826
57270
75062
85519
59440
51980
63573
64548
61636
67190
52438
57041
63414
40364
66649
52082
68888
54828
63535
66453
68992
52383
39845991
