68966
59001
50994
54518
52310
53153
55349
51642
51886
54763
58690
50899
56759
50004
53299
50945
51845
59255
55417
51209
60487
51571
53474
50308
62498
58231
61447
47934
54316
54865
55976
53625
53228
51778
56137
53165
53246
58062
59129
57627
60092
54205
59712
59223
57426
55456
53048
54900
54777
60590
53225
52238
54424
55625
54372
50632
60192
55040
55487
55449
58574
55252
57432
53546
47344
55069
50177
63623
58969
61746
53876
57265
50494
53700
53296
55549
57924
52408
59563
50660
50531
53537
58077
56206
57939
53190
55158
57124
57444
60222
54315
51345
50897
47669
52885
50897
54693
60158
47170
48918
55487
52062
57267
54307
55510
54138
51232
56998
49732
58065
63083
58856
52539
53372
51293
52880
58369
57485
56398
54716
50232
50389
60747
60953
53294
54320
53070
54780
57394
57982
50794
63685
52682
51421
53975
64538
52190
57047
48017
55594
54680
58702
52986
56012
58014
49497
61320
55645
57625
55869
64560
60756
50380
55758
56341
59471
51555
51728
55776
62860
58730
50799
51541
52471
55308
55821
51596
56191
51909
62020
48158
61485
50837
50932
51244
54569
59473
52372
56166
51350
48858
57448
52818
63344
56101
57415
51693
56152
57012
52467
61695
48947
57155
51216
58742
58608
52321
50768
53681
58463
51057
52673
53148
51918
54295
51391
61750
54398
53900
54325
53768
51892
57580
51272
58037
59646
51682
53589
59408
64640
57218
56303
49891
57119
52741
52625
54740
53849
50489
56262
61198
54525
51112
58426
51160
56258
58047
58911
56141
51117
57021
50341
54568
54429
52522
48273
50422
56726
51686
59038
50132
52393
50147
52820
49839
61174
62099
56311
51506
54586
56552
55263
53486
51492
54003
59547
54262
55022
51570
49605
54476
55715
57365
53747
62391
58284
55046
49544
53397
53258
55490
49070
49247
55945
54455
49897
59448
54619
55746
51547
55616
54475
52840
59478
62768
54934
56611
61674
56364
58490
56796
53535
52105
61146
55669
51082
57271
54738
56149
52562
53758
57273
45893
58867
51423
55341
49988
53031
58345
53651
53272
50568
54112
60420
47962
53846
55146
45741
48711
51952
49363
56795
51858
51970
52508
53851
51705
52844
52456
57977
60200
58237
58967
59723
64610
54163
49557
50949
54117
58598
61441
52539
54896
50544
62931
52842
52620
59954
50254
55102
48247
59755
55277
52815
54694
48657
57157
51736
58828
50148
51292
52411
49354
54878
49185
52275
54164
51520
62416
50758
54093
54021
56481
51000
55233
49033
56788
47501
53436
60984
58332
57460
48923
49493
54234
56097
61390
51667
52684
55364
59094
49870
52373
53784
62327
52504
54752
54221
56652
61477
53271
58666
62230
56544
55853
59197
56794
47130
55762
50085
53508
59500
54813
52399
58849
49808
56951
57215
50130
47779
59790
56051
64675
51198
57545
52572
58469
54869
53494
53484
51783
61495
52296
50160
54557
56848
61771
60246
55758
56128
58234
54671
54781
51395
47615
56975
55694
60318
54256
57052
58789
54431
61474
55194
52756
58145
61327
56437
55776
54394
59967
56151
64378
58224
53913
57275
62402
56048
49700
61577
55904
60269
61880
56221
51255
56721
56452
54415
54863
50962
63322
55851
58759
60713
58792
55004
67189
52764
54466
62847
61596
53355
54090
63672
57376
50859
53684
51033
51750
53641
56361
52542
54526
69343
59669
48521
54990
55748
56614
60118
49561
54291
54615
53337
57364
57861
54360
50668
53313
56344
52531
52179
51575
51894
54230
50941
51931
60153
54591
53227
52537
64645
59879
56139
60677
55512
54720
57638
50320
52318
58371
52651
55646
63685
60287
53517
50591
57360
50260
52311
56269
57789
55678
55758
64604
54827
68324
58373
52168
56929
58851
56863
58000
50657
50662
55373
53224
63632
51998
53896
59199
50281
45538
51732
59215
52695
52587
59465
59081
55258
57124
58128
56874
56452
52499
48083
49868
53323
50725
51608
53564
56045
53320
53333
52749
52415
51402
58423
52152
52169
54165
54610
62807
55611
56705
60858
60361
49256
58406
60345
58879
58365
61226
55973
57392
52966
60383
57735
52597
48959
58046
55705
54112
61076
67856
64693
52202
49534
55440
50103
52743
66272
57152
58615
58230
55388
52920
59874
51702
57234
52914
53542
59319
63098
56984
57172
52748
50890
51423
48616
54704
53553
51899
55738
52640
53036
57090
53539
54419
53851
62114
53968
56351
54053
60407
50162
52580
51304
56791
56715
59697
56702
50046
61731
53002
55770
60073
53966
57811
50744
51104
49561
66769
56864
62914
57308
57101
49245
51221
53374
52752
62687
57540
56701
67173
56761
56114
56070
55466
51729
52396
54436
53056
59976
50531
56759
52376
55894
49279
56145
62336
51896
51816
57807
52376
50210
49378
53677
50344
48938
50964
54036
50039
49603
56078
52745
52838
58102
51071
53781
53552
52157
63517
63041
53413
61146
54857
58968
52574
57401
56992
54073
48718
48341
52407
50887
67569
54981
53503
54263
52041
55149
50924
50600
52402
53504
57982
49867
53614
55932
58766
52692
56072
50568
52806
56564
54271
51639
54368
57449
58084
54698
47809
57718
60379
51951
59297
53448
57500
60764
59586
61310
58578
53240
49830
59314
58058
51711
59312
57300
55681
57916
51580
55853
55449
55729
59543
60612
65037
51284
59102
51453
56824
50300
67775
51597
57573
59103
52322
57928
52283
54936
49390
51376
51293
48288
52175
55304
57183
55594
53364
54901
51450
51723
55357
55306
59361
53369
55404
56570
59612
53688
56704
53672
56509
50545
49697
51301
56639
52624
54021
52919
53215
54372
51319
55708
55848
52642
59355
57221
50997
55794
54818
51795
50963
60214
48974
57134
53911
47714
52843
56237
56024
55234
61657
54145
53509
51491
48865
56249
52326
56123
58294
62130
48787
50632
57996
62653
60980
53951
54942
48068
49427
57687
53504
62982
53630
55058
53182
47938
59679
51167
57809
51183
57103
54019
57478
51817
55139
52032
51632
48409
49787
61671
56025
51308
55236
57028
53564
58247
51562
59105
55346
57124
52627
57555
49457
57089
54758
56266
50555
57337
56277
57300
54538
53564
56708
58792
43314
50338
53890
51762
58319
54443
53394
53735
48843
51982
54295
54708
57914
53114
59020
60244
54165
51652
50189
52481
52588
55578
58461
58159
52537
59199
61663
53277
49970
55562
62100
45483
50733
60866
57459
56014
51520
52503
47646
52545
52773
56953
52148
54070
59336
48177
57150
64262
53942
50483
52998
52104
53921
56307
59263
58411
59860
60255
58469
54995
54836
63884
56630
55135
50045
55404
55434
53093
57158
54062
53336
59205
51966
52319
51806
57165
60459
50625
53037
51866
58680
57808
57157
56389
63265
56732
55596
49189
51561
57235
54177
57852
50110
50074
53208
54481
54867
62022
51833
55230
55689
55181
53083
52044
48465
53455
48876
54348
52490
51325
56730
50320
54255
54626
59020
52450
49668
57998
54776
60078
52354
52710
53807
62063
52253
55365
52919
58518
56227
50610
49716
61591
61612
56841
50274
54988
52261
60656
56868
63430
57133
56424
53413
51505
56287
54799
55102
58175
53615
55867
53473
52739
46648
54528
54014
60239
56165
54675
57069
50281
58919
49174
58801
51618
51609
51651
50569
53128
50815
57350
50453
56636
55706
59940
60073
53421
58317
48381
55216
51351
49791
54826
62089
49961
54487
60950
50649
54562
56224
60121
51445
49823
53409
51373
51649
50432
51961
54362
54250
55737
60984
55167
59049
62861
54276
69932
65044
56808
56250
57455
52129
47693
50831
49791
48955
60620
51291
61586
57764
54782
49250
54383
53816
58173
52682
50351
56659
51399
56757
51479
61115
57086
57839
56024
51163
60681
54279
56954
58544
54690
59338
54983
54120
49255
55118
54513
54229
54808
49551
56103
52375
51665
54607
54114
57602
60068
53552
48899
53284
53129
53890
55397
51648
53076
53672
61716
55247
54449
55306
56455
55930
51821
57595
54719
55291
56577
53786
50013
51928
54057
52599
50793
49305
54848
51758
52045
65051
51844
58161
59596
55658
52989
49900
50390
55565
56172
54967
53581
52162
53350
53525
53926
57999
52575
57020
54440
60299
47495
49048
57054
57132
55243
62706
57890
53437
63971
59704
53574
48871
53102
52566
53262
51192
50142
59055
52185
53211
58821
54768
52865
53857
61845
53888
51131
61752
64920
50947
54917
55911
47620
62311
51544
50743
54333
53824
58531
50032
57347
47478
53187
58971
54924
54377
60614
54101
49801
51823
51880
50523
52465
50390
58254
60987
58404
51606
64729
54127
53995
57665
55432
65895
58026
57797
51235
60087
47442
57113
50479
55342
53052
52862
59877
55120
59047
52266
51400
52430
50370
56204
54319
58463
58507
55393
59284
50282
57529
50270
57529
58860
58493
52961
51955
52288
58050
59699
49662
53185
54832
54171
53753
49578
56600
54595
54365
52993
62103
54228
54114
55736
51521
52725
53586
57060
56789
52220
57730
55061
60715
56593
50090
52013
53231
55645
55329
50927
55218
56298
55064
59586
53932
56764
53321
50445
54702
49330
55351
58961
52440
57092
55752
58431
52767
56556
52230
54492
55506
50429
51281
51122
60475
55960
55712
50666
53686
52852
60175
59737
52271
53761
56875
59212
56162
60805
70897
56346
51954
55438
48779
58658
53314
55020
61915
53005
57973
52881
54752
52591
50885
59860
49093
56818
55035
50471
52754
53500
55179
50582
52193
51261
48963
52269
54072
58780
55801
51311
49703
59159
51192
53097
55659
56356
57376
54240
55308
55920
59312
50260
60972
54335
55254
58538
49337
52635
46151
48372
59624
54987
56183
54591
56828
61495
58873
56272
52339
59491
55118
46806
59365
53487
55731
56162
61083
53375
61595
53680
66468
52107
62215
52596
55030
52838
54486
52660
61712
52431
59838
70641
58077
58753
51983
52237
47413
63571
47515
50132
54340
54480
53726
51042
51974
57662
51019
61723
60747
51286
58750
53812
67539
58169
53391
51140
58930
54812
46231
54943
59377
55481
56763
49383
49979
50386
54187
54578
55595
53818
55470
52208
60005
54977
52961
53376
58525
54223
50405
64189
53813
61252
53093
62364
47805
53666
54478
50822
60132
56434
54271
53712
52287
55798
51266
50710
59779
53907
50168
51700
55583
58974
64305
65463
58619
60198
59226
54572
48622
51879
54094
52697
53383
49206
48087
56663
55458
53811
56034
55240
49338
64790
59678
53796
58399
62692
58771
54753
56175
51873
51093
51332
48737
59458
52322
50946
50032
52181
51625
55911
57810
57947
58055
53532
54963
49174
63806
56465
50705
57092
54148
56472
56143
59159
55177
55442
65438
53240
55537
62068
59077
53656
49126
55093
48678
54786
52509
58557
51655
60477
48077
56291
55767
59037
53119
54142
55663
53996
50695
53082
53532
55264
52431
54266
52628
60707
53788
58205
51014
47696
57488
59936
61099
53612
60741
55562
57971
51458
54693
55426
57273
55046
54759
55509
59691
52518
47722
50357
56999
58200
55788
58323
58564
57995
59065
55807
53844
52761
59815
53876
53292
58393
52767
56157
55097
54474
68840
58036
60439
50683
56258
57144
54084
63004
54887
51372
51761
57762
53480
57353
55117
50278
58375
57644
57967
61205
61103
53522
57717
51720
54197
53457
62465
45852
52531
52765
53389
54163
52991
60521
61737
56163
57925
55190
52176
56226
52864
56642
51497
54444
52369
61011
52490
51258
53253
54612
50053
57617
56360
52106
57081
49020
52837
52897
58356
49877
55552
53920
49330
48200
59767
60212
52914
50948
54550
49444
60553
56089
54160
54754
54769
59472
51342
58353
46997
52943
51682
55900
53610
57144
58972
49633
49694
54765
53341
47268
49780
61461
50847
56670
49358
53515
55238
49463
52612
53158
60152
54960
63620
56135
52040
49693
53213
56450
50137
53791
47385
56783
63764
54212
53627
57304
59095
54668
57901
50185
50857
54550
53391
54452
53326
57845
49987
63186
54746
58108
51650
57008
57409
62309
55700
61014
55517
54804
47943
51281
50640
53761
51227
52848
52446
54684
49301
53568
58851
54041
54271
54718
54086
60093
53881
60560
46476
53594
53970
57317
57608
54261
55338
45958
50552
53241
48773
53365
50327
56494
59287
57502
57828
55537
47601
51648
58454
59510
53720
50012
57446
57608
52298
50117
56055
60759
56733
58038
54020
58009
53408
48287
55783
58304
49960
49226
51152
48560
55216
59780
51365
55963
53306
55703
50686
59309
58053
54244
58528
50624
56716
51507
48586
54746
49992
50284
53424
54763
56325
50938
56398
48765
64224
58759
51626
53031
52190
49681
51674
52530
58550
53440
55557
52822
49770
48737
58758
50889
61163
51687
52025
55531
47121
58496
58541
56037
57512
52757
50916
47035
59558
49885
56126
55388
56359
47581
53080
53313
53711
53646
54044
56836
51424
56556
52334
56811
54388
53884
50826
56054
61717
52877
47255
62835
48382
63663
51293
54533
53248
62359
51895
50012
51291
56000
53976
59867
52790
51897
51662
54664
54271
53193
56138
53258
51900
58103
60429
58371
58154
57890
51268
58385
57902
54657
47299
59840
56600
57218
53183
61745
52146
53453
47735
50948
59434
60488
61085
57182
63505
66643
57348
51970
49826
49562
51431
48137
59757
55140
57911
55773
53171
66172
55181
56438
50260
55526
53323
50563
59792
58451
57399
52196
47605
57179
51593
56205
54340
53681
51790
49699
62716
50488
54135
61039
52980
49409
57804
52488
54006
62577
55884
51348
53226
61433
51457
56524
52732
58352
56686
51456
55106
53543
60734
53783
49510
51444
54640
53091
57139
49283
50961
53864
48394
60592
55453
53070
53040
49278
52836
53617
57850
51852
53719
57996
53061
57366
48758
61962
60867
51426
53712
46727
49134
63341
52797
53000
56852
60002
65352
52639
45105
50972
56792
51809
59428
56154
51474
52305
49638
59472
51734
54837
53070
62018
58442
56269
57289
55602
52194
59122
54064
52122
57292
56319
53401
55888
57759
56621
52913
55093
51221
59940
52504
52636
56185
49072
66140
54656
63417
53908
53592
50976
60100
55616
48173
51450
48750
58412
51158
53225
52862
56787
56147
60290
55819
50266
48375
48478
53744
62189
48357
62297
56642
58365
54351
57641
53727
58188
59106
59330
59601
58223
57776
51541
56994
58645
58437
58469
55021
55313
53741
55707
53863
58284
55190
53267
54036
51351
54255
59139
62346
50855
61705
52068
63686
60255
65299
49972
56296
61285
57720
55438
54361
55912
54323
55282
58143
64572
49822
45950
54563
56432
62785
56480
52559
51877
58985
57452
51117
58196
56370
55876
56865
54675
56253
52008
56800
59760
54240
48307
49706
52288
56430
48957
52174
51899
50519
57655
54537
65225
60923
55039
51236
52566
53371
51490
56195
48438
58822
58247
62603
45520
56208
55749
55182
62206
54929
57963
54250
46322
54232
54864
64647
51181
62929
53635
52999
53276
57337
59942
51407
53908
50764
51379
55992
53438
46217
54661
52082
55373
54209
50166
48320
56929
54799
54003
56209
56205
53524
51756
50509
51404
51372
57422
53623
52403
54954
49716
58968
57074
53035
59562
63429
59430
56949
53076
57929
58426
64295
55323
55870
56178
49624
50870
57020
56425
56072
56215
50851
56551
52768
57006
61774
55714
56406
53112
52895
51072
61731
53494
61312
53460
54648
53851
50583
51395
56539
54112
52395
57775
61313
55356
50809
58159
51644
52724
51583
51274
53096
50022
54799
56643
53081
49643
48803
51355
58468
56239
57486
54739
50842
53615
55016
54335
53299
53751
49932
66719
51341
50906
52499
50301
52232
48351
60522
52023
53097
55509
53311
56925
53375
59030
56561
58571
52691
52669
59359
56230
62693
57495
51876
53797
54282
49346
53756
57649
52218
52844
55943
47344
50795
51888
64230
53941
59830
51946
50856
50599
59204
59743
68747
57318
60217
62332
56614
55852
48357
56279
54218
55291
51967
56731
56680
51350
56085
55038
55165
53525
55049
51756
50405
54597
51710
50736
53516
57309
56709
57641
54365
52118
58693
59247
63474
50358
51860
52125
57954
54715
62464
56204
56304
59312
50388
57095
51647
53861
54456
52813
60926
52895
54870
56045
54708
53094
55427
60897
55286
53988
55890
58219
50709
62543
55020
61023
59780
58959
57368
57008
61789
63905
53621
52192
58331
63844
50630
52958
51701
57745
52367
54374
52045
50643
61866
52313
52999
46915
53774
59067
61621
59267
58769
56522
58773
60198
55539
59172
58445
60570
59267
57885
52075
51178
53578
51727
59096
52477
55319
51437
57842
59267
51764
54247
66229
59326
49764
58577
53408
64093
53367
56847
58061
51111
52945
47495
51185
50134
51464
55199
60317
46374
51366
60061
49988
62292
53823
57732
54441
51160
52646
53574
56971
60602
55393
59179
68714
67913
73162
61960
64273
61651
67118
140881832
