111401
92916
136763
115717
98536
106115
112293
84770
144477
108169
120982
116864
103182
107366
100589
124997
123984
95970
95472
81177
83414
79805
109880
118716
103742
119873
99870
109347
105681
102936
111489
119626
111994
98337
106245
115073
122115
93852
98398
120779
135885
93319
86571
100830
107458
103903
84511
99417
104277
122075
120515
117088
98248
95530
113603
116949
90855
129231
117927
95618
112906
128023
98302
95484
96982
91093
114918
111154
109790
89218
99869
125434
104648
105960
94362
88722
134159
135208
78960
78729
121364
129659
111560
119468
91166
131921
113391
92380
107431
122224
125935
119583
109717
113155
110285
125249
136502
86254
91787
107986
125324
102558
103705
103101
127412
105031
121302
104844
126814
102619
109930
102331
94843
141869
115003
105024
87778
98069
90467
115494
105573
85820
93225
90565
134112
105431
93359
120335
121623
95091
103244
107926
87652
100581
92290
98482
123190
117847
115619
104506
133180
99809
78990
83710
87823
82487
115185
81287
111445
88206
107199
127674
120183
102073
90855
119195
84308
85704
108627
114324
113976
110955
117185
102089
100432
97456
92206
117937
106878
119076
97049
101959
104162
103181
112140
107837
103102
106086
96977
79719
99611
101499
84044
79844
108360
103629
120870
86277
113705
85937
132578
128863
87883
113344
86484
84099
106732
93011
97744
115479
107591
110935
119916
94590
94741
101980
93834
96667
84805
94415
83968
105698
110363
109553
137338
93347
96428
99717
110426
94634
96350
114773
118847
137774
96220
92170
119133
108061
103180
105339
103899
110801
129201
101654
100948
101509
102638
96690
103668
94288
82207
108669
101400
110193
126399
98638
131538
129862
114268
95416
126274
114801
99556
126799
112360
100169
120054
146731
110037
94227
99142
120091
100423
104071
105725
129900
107768
89263
99406
87789
94397
79902
143603
103627
116749
94884
106791
93681
91298
90064
85144
106115
101738
109510
104976
88366
103385
141913
91878
112988
93123
122127
106902
134199
142553
106763
128394
136103
85918
106945
106858
105075
108192
115748
110529
127862
93050
113765
108030
123621
78128
83643
101301
100237
96897
126286
89185
114169
103212
82237
34013634
