98676
108179
100909
118728
120571
125616
101206
120984
120625
101609
109565
99023
95495
93590
113042
113626
105378
82346
76652
130649
101876
109741
112689
82188
99118
86963
80704
104309
84871
120129
103442
105369
92075
118235
101149
136642
133239
100156
111720
96107
106867
129457
100813
108092
92211
98341
107027
93058
130696
108760
113182
137512
103568
84012
97907
109205
122591
106874
112040
108024
75785
111801
96378
107606
127533
115961
119327
82590
113225
108996
89958
82579
93202
93376
101464
99155
75261
86984
90840
119101
124410
107660
116347
85038
125491
96863
99761
103026
109873
88800
101213
97934
81866
102323
112021
97741
105918
94241
90974
98830
99902
94826
110227
115130
127116
103634
125079
140253
134572
97266
85634
114434
86632
84995
121203
135661
106563
112956
114588
85522
106106
117799
112185
73725
97840
95841
126216
85858
103125
106612
93371
96287
106008
107956
121702
113870
100790
99037
98178
87207
97422
123474
104862
117443
105795
132885
96559
117120
113116
103679
93804
100437
89081
89808
88970
108624
83239
92641
114298
150469
119708
108162
123808
94872
118475
125044
118110
110284
116731
91411
119244
99021
115022
80013
108312
107125
95130
108912
128446
100332
87686
98263
119912
106103
94231
113429
104159
109626
89162
112454
91128
109640
83094
102464
115970
102723
98214
90338
91431
80407
119813
107772
102668
121882
89648
79031
131201
104407
150488
102340
90722
136254
99220
98742
88801
94227
116976
118358
101657
103877
118288
88755
110589
130912
114827
116073
114574
130263
107152
123171
109781
129601
134834
97987
85726
100604
103801
114662
114506
101772
120558
99068
116845
112790
113576
87588
109620
103620
127013
116046
113359
90468
128305
103214
117674
132395
100031
113138
91396
107110
111803
107555
117865
96777
105723
80003
109501
108029
101743
112159
130738
95587
86562
103157
107544
142510
100516
108692
89969
104351
113405
133066
88173
110754
95569
100781
94885
115367
121863
102642
114884
113864
95022
102152
106123
103969
106158
85610
108367
116938
118376
108928
100972
90760
126906
97297
118607
104214
126109
115797
101880
118781
103555
110392
121617
111454
105297
124720
89378
88402
34020702
