60462
55276
60081
61966
68812
63331
66477
66500
52247
62766
61715
67497
55724
72324
52423
83771
52145
68361
61600
54411
62008
54863
54904
62107
61530
64772
54634
65232
50693
64642
67062
56671
68863
58945
60602
55058
65592
50113
71957
66194
64521
63319
59555
78133
57782
72966
55506
63722
69127
64833
71269
54053
54063
71494
56298
60917
55566
55101
56365
68080
56988
69599
55652
67967
63562
55891
88062
55847
58282
57571
62248
65532
61463
52105
59248
58855
53648
60907
61776
61447
59491
69051
66561
63672
65443
68105
65467
68168
78592
57975
72576
64173
58064
60017
52484
67647
63047
61408
70909
72994
57477
65487
60907
68467
71203
61643
60009
61412
62963
62195
50714
67864
56757
63115
54750
57466
63099
54695
62234
60244
73686
70024
71371
65096
57843
79361
73132
57207
76597
73860
66621
62017
65080
62036
75780
60897
61565
56141
50297
75297
58055
70722
63489
68723
68457
73708
59208
52611
56467
67717
60296
62214
59201
59352
56035
61772
68709
63663
59559
64593
68395
61548
66621
66505
54240
61746
65104
60038
62057
55288
53124
66932
63712
59146
75084
54759
57305
57337
57390
62123
60041
67299
51615
58585
63055
61866
70227
58414
56649
68093
65088
63761
59773
70553
59723
69504
63159
62642
55807
70975
58150
60418
65487
71774
52555
65553
57942
67006
70184
59613
59806
59402
52340
63122
58261
78987
52466
60512
57056
75806
64480
53578
58437
67386
59068
69957
61314
52295
74385
53935
45875
59628
61036
62998
51297
72507
49111
68814
67993
62079
60749
60712
69357
53374
51495
74111
53919
50369
61227
57886
75649
64489
70090
68453
65352
67292
74149
59922
59674
60156
59290
62149
51223
62763
70004
69167
54192
57562
63472
64576
64436
73647
60880
48954
66181
58005
61492
69239
59655
80514
62723
72935
59799
69005
58872
76293
58351
64315
86027
78875
82283
55723
60957
61327
63012
58489
55947
68489
61798
61998
62804
66287
82202
58109
60594
64041
62945
73202
63016
57936
59869
69094
59253
57261
74265
62385
58169
59140
57704
71882
59324
73912
59811
72789
74138
69464
53986
75077
55752
61887
69915
55139
59917
60687
64080
58070
54554
63086
60125
73087
64726
62224
71624
74155
77804
60227
64334
57235
67277
57403
70662
58566
72074
60805
60058
48363
69515
51056
68656
70949
63267
60273
71162
65762
64735
62027
63971
72071
68201
55805
84876
52879
72205
66865
65869
57412
59365
48656
87968
57434
62283
56698
56599
63933
66395
54251
64124
63330
53607
53213
65899
57763
63703
67645
60769
80060
53630
54297
56602
77460
75547
56774
51865
59342
76532
60067
57479
63736
58129
60497
53292
67726
59704
73318
53765
55681
67902
61243
61262
65312
61937
61338
63243
52914
62281
62286
65104
71462
68265
60204
53964
75354
52416
62172
57576
58964
66842
73022
62743
71314
70053
59517
51768
68968
57303
61488
66270
54077
65484
64431
68576
65807
46660
64102
59576
70706
71978
66447
61751
61772
76048
55064
56658
54780
71494
65260
53984
54584
55662
55066
63453
48605
64629
59797
55403
60286
66808
70341
65623
60805
65203
63961
73875
58919
62097
70926
53707
62592
60071
57064
68432
54512
56134
59544
71254
55054
65528
72583
59720
61096
63003
60320
60306
62419
51766
54021
60450
58238
61617
57250
58078
71569
63577
54989
61078
62658
64582
89812
49380
64039
53937
73063
67496
64290
62695
56395
55077
76623
59002
56227
65541
60560
54797
85891
58924
62819
61209
69964
57919
63621
52238
67367
57243
69304
57029
60281
66267
65895
77369
55613
67863
65844
58233
72188
66036
62396
72439
57444
54621
63457
72153
70618
55660
55810
62434
45859
62020
48624
61578
56153
53932
55250
60130
51833
64887
55670
57676
58395
63920
71137
69060
60841
50296
58761
76137
58220
64872
61278
62793
72731
60129
77774
52233
78194
62731
62902
61258
63259
65904
67709
56507
57893
60178
72247
53510
59770
72515
60116
77553
56902
58734
64417
53017
61850
53444
67394
55527
62236
65178
58539
55945
66180
47062
58179
62984
62851
61002
56662
71722
67192
53870
54455
54643
61105
54619
55550
49803
49870
55589
53006
40058226
