132831
103858
126150
110746
108003
116650
99338
111423
107082
102604
101170
90575
93551
119811
99591
88398
112387
98217
109411
106812
99159
100598
109230
108990
88066
92464
96055
95218
127158
103896
121581
135505
106837
124347
119044
103910
84996
101907
91006
104837
89959
87090
102951
116501
113870
94761
99013
99788
137769
89172
95287
92059
99733
100728
125666
80386
121682
105527
122021
90066
105747
96935
89026
104336
110881
104290
102337
107497
92075
79033
100156
102877
110693
109887
117052
99709
100081
107384
87068
91725
96072
93021
118403
111768
131817
95539
89427
120005
115660
124852
107824
96727
90937
94673
94544
128899
97276
101923
88931
121579
107687
112115
98184
105478
96329
112656
110503
130061
119323
87997
105443
123600
106837
115844
99412
90365
127606
108923
102542
118908
94888
120611
108244
86960
128457
105127
104511
105069
94484
120111
85033
94792
96388
109763
131809
116697
80984
141203
95491
113500
96376
104150
88307
117061
81722
92000
106776
103958
117961
114953
112786
101603
82512
116346
121420
78046
123681
101833
104713
102111
91287
123517
126469
118470
90289
107157
116320
104442
111007
91995
104690
113980
104678
104061
107107
95392
104328
91998
90908
120358
108734
104380
88153
101510
101934
107548
118275
137244
89952
99854
122572
87601
109848
106865
114945
107370
109113
136004
139841
121311
119040
111569
106392
122243
106687
111733
95562
92191
117303
119588
88879
108614
115356
116836
113811
107167
112226
106232
85072
88565
95954
119147
88161
104102
101125
110982
77967
91912
89763
123773
93446
119186
100919
101719
124874
101149
87894
96194
88952
100557
107662
142748
84292
83487
119802
107367
111725
102253
105538
115875
112583
116487
90237
103813
102829
90735
128968
127148
92300
105254
108060
108091
79637
118129
94452
104584
104800
112249
118659
82344
121976
112312
85248
81155
99026
112305
95898
117871
105765
111019
103488
103965
106524
101984
100236
107973
102938
130175
103235
118197
102298
102244
85761
91079
94950
95429
108944
113559
101053
102382
97624
97313
87600
134985
128535
98195
87625
121232
121745
111518
87490
93667
95354
100576
107958
94111
100216
109968
128949
103431
33741895
