77005
61826
56467
61105
57480
57673
75791
50538
61223
57363
51552
60235
55458
76299
55835
50320
75133
58128
59417
60962
65355
71567
47392
67916
63075
65001
63976
66225
58399
73629
67711
56574
66006
62423
66425
59537
59437
61868
69301
57540
60288
68346
62284
74164
60282
61321
65666
57514
59526
63687
51702
77832
64825
56182
53752
63967
61621
57735
50814
61188
70190
67325
60942
60571
54947
68025
73239
72525
72170
64069
58181
56558
50910
63514
57084
68631
49672
49561
56088
66475
67308
50973
78584
57095
87058
64415
69269
54850
62901
63611
58242
65168
60773
75603
54100
64516
67664
62725
63461
60378
62885
58824
63014
63798
65803
63141
58482
70829
68321
50627
56869
63599
66108
71824
60786
54815
61134
52374
75107
63464
53399
68427
59118
53800
58471
74587
56454
54913
50789
71304
57276
62235
61916
57520
49605
63693
72162
49204
81202
62426
56537
59437
66121
55362
72332
54261
64710
62298
57500
53244
54872
60899
65888
68473
67249
67375
68155
62118
65255
66112
70056
69854
57443
68172
57827
59580
59351
69974
83427
57754
58854
50867
51206
67129
57156
61279
63221
66096
57585
53361
57421
68014
71552
50691
58102
76161
65193
53788
58006
55302
67543
57317
69601
56176
78010
50441
63937
54475
64777
56387
60360
71794
56674
73840
77668
61774
68139
67705
76809
57119
68609
66313
67081
55327
61162
58087
56431
71862
62048
58868
61780
59760
58568
69333
62977
67991
79824
77334
64036
59989
48943
56111
65808
87835
55602
61528
53848
74828
65407
57751
60301
63858
75302
55019
70394
58690
60928
60822
57964
64403
51871
71621
65703
59776
67584
59898
63675
54310
59625
62086
55583
71782
62017
58296
57350
58134
67616
62036
64244
61289
63288
55104
57984
58353
59802
49114
65360
68423
57739
72785
60281
66631
61104
67710
62874
65763
69029
60631
62987
63760
75470
57415
53158
53134
60411
58753
71374
62148
52590
53851
56319
73763
62557
51360
64612
76734
63597
62488
54428
65844
61391
67801
67597
54282
63672
67239
50440
70137
62064
64105
63491
52329
59489
51403
56786
61709
69011
57280
56065
57047
75496
69534
62990
60430
60982
74738
59071
67496
55603
62412
58760
67980
53974
69092
48458
54780
56215
58603
66325
51121
58457
75638
69795
61061
62945
49976
68590
54384
55288
66083
55146
61348
69896
56636
48509
52933
52563
65011
65705
64418
71489
47988
52705
60002
58826
50460
73062
55849
73170
69903
56804
57861
56562
68967
59045
54831
59363
57953
61672
74713
58070
59550
57216
68444
62109
74603
61287
60813
63797
85395
55651
65170
51638
60460
60565
65538
69582
67423
56151
74329
54731
56818
61981
58992
65878
58332
55198
68729
65072
48471
83044
53736
66338
57343
60308
64181
61412
63312
62226
45465
74133
64114
80196
57414
64738
71448
68903
62503
58346
60781
59098
65633
55260
60582
59079
63835
59916
66337
54311
60205
62539
62551
51847
64898
61434
60628
62833
69711
61638
56345
89427
65258
61323
72233
51271
56528
70721
66570
53072
69731
60606
65099
59002
57081
56860
73506
53676
68404
51288
51500
74151
56501
55952
62654
61228
76623
61863
56924
56751
69655
50511
60013
56728
57038
67136
61689
57581
53894
61077
59890
62243
59646
64014
63663
56965
50211
56054
56319
90483
55571
68313
78712
63870
60117
65466
53322
60855
58427
60528
67718
61250
61007
70917
55783
66346
55056
61430
64757
54004
59124
68868
60587
54640
59719
55615
40892
62116
58997
51834
55671
63554
57265
58418
54898
71514
60416
59536
56171
66357
71738
53120
53632
59519
59544
65474
54979
55938
63896
53282
70079
59623
59557
77805
57455
59389
68749
55870
58892
66723
54712
62898
58005
67534
63531
56414
66435
65933
64331
61918
79478
63535
59092
53950
70609
60147
52337
58525
66862
63773
61212
49561
74461
62812
61280
65695
50096
60244
68301
61151
72452
67726
70508
55749
62862
84193
61565
64139
69806
53914
59946
54172
58323
72766
58269
64757
61106
62022
62642
65801
61506
60144
65414
55323
64392
57505
57499
55451
63439
57687
62065
53975
65743
58605
61260
65825
59493
54386
54685
52300
65277
39699312
