74309
58608
62350
65030
58177
62226
59047
61750
58513
63902
59373
55719
58127
59122
63540
69656
58529
59537
54907
64517
54617
57023
59010
63977
61459
69419
60154
61712
60369
65987
60078
61765
55801
74742
69102
62225
61561
70075
66541
56954
63132
58748
59359
60765
60748
60807
60622
53895
55133
57361
57535
59413
57173
65882
55163
56297
65058
57312
56179
58813
65664
60063
64728
61691
57592
56329
54656
62461
60233
58826
57763
58768
62029
58581
62215
67251
50400
59843
56348
65605
54416
62192
57538
62859
58324
62678
59850
59969
65446
56164
62425
69529
57941
69089
61190
59954
67988
54237
61357
68385
63540
69540
60045
57346
59941
60769
54843
61216
54755
57526
69708
66255
57309
57553
57852
55018
58196
58775
62862
61062
61958
65523
61710
63139
63266
57481
58961
59825
63448
57722
60836
61653
57444
55359
71315
57383
59153
55693
58768
65193
57400
63259
57732
68823
60496
58918
58466
62486
65748
61150
64652
58326
64989
66300
57922
68066
60030
58734
62861
62111
64788
58180
59367
55800
61933
68703
69253
61538
65862
64499
62266
62049
63926
61215
53608
58078
58252
61996
57213
70420
61485
59014
58877
65307
56350
64607
60344
61275
52445
64869
56668
65700
68159
64115
58480
56724
63896
57753
65288
64901
56867
57299
62841
61094
56216
67773
63359
54440
64545
63630
64264
62688
58767
57125
55531
60710
65706
68378
65940
65112
62810
56279
62469
60233
61162
53014
58656
59162
58827
68683
67080
69159
61021
59364
64813
68405
67379
58417
63896
62532
63535
73539
65020
59976
62875
55250
69680
51428
62714
64834
58462
59776
65360
64489
55571
62877
60082
62003
57500
55349
57920
52285
58080
64129
59160
60156
65511
57234
58565
57250
67164
62583
54967
57720
59023
60028
57862
64833
62618
64100
54242
61911
61044
59996
58926
55245
58417
62570
57769
57549
62157
59406
56882
55139
59180
59053
60981
58149
65683
55170
60960
61022
60245
59497
57228
70397
62467
70275
60393
63178
64178
62348
61982
56526
60298
57441
63516
58084
59779
58021
64195
65161
58864
62072
61782
54398
58800
63444
61210
65244
58129
63256
68129
60118
63694
62805
59275
58397
62587
59672
54421
58730
67349
67993
56822
62032
66632
63969
63015
66610
52952
55804
60729
60701
59473
56898
61487
64088
62009
62925
61897
67464
61336
58935
49832
62849
63540
65430
58746
60447
67512
61968
56009
57697
60361
65504
55388
68186
60668
60522
55604
62061
59610
64501
52408
64163
58020
56273
55138
64998
58514
62081
64958
65820
65518
62065
63165
57052
67658
63308
60544
54425
65500
61621
59650
52758
67871
64035
67018
57855
55855
58839
61104
51869
63324
52221
65080
55594
57755
58566
51737
53389
58228
64058
64158
62302
60124
58921
61311
56139
59758
57448
60764
52780
61571
62025
59806
53994
61745
61717
59111
59351
61796
60789
58189
57130
59167
58570
61259
58051
55975
63834
51752
59682
54464
56135
56373
62855
56597
57146
57262
63300
69621
68283
61985
69371
57330
58382
63608
65714
57587
61842
62834
60348
54190
66019
57731
56792
61212
63092
64323
57842
59266
62116
66160
56158
60048
52878
60742
55852
62077
69522
62128
68218
59086
61149
62122
62594
61742
57406
63504
58396
61278
55836
56214
61145
64726
54779
59613
63022
63825
60569
61472
60661
60850
60943
70159
62658
57299
59904
62642
56240
66916
59961
61093
65495
61393
63218
65159
62238
55286
56676
61725
55002
59282
60823
61070
57308
64776
57543
55820
70245
57343
57307
59556
64779
62338
71633
58839
64399
54282
64438
59588
65863
64134
65096
57959
64134
60291
65524
69215
66321
65548
62010
62595
63441
59732
62374
59859
60934
62428
53679
62004
67659
69094
56637
63366
63393
59648
63916
59354
56262
53677
60838
67402
56876
56904
63966
57834
56184
56429
61324
59587
63585
62064
62438
67492
61982
56767
60600
66135
63486
59165
56683
58701
58047
60159
61967
54259
64299
64699
59961
61352
66440
61111
63489
62385
58991
60701
59029
64266
55373
57101
52166
60876
60035
58823
63203
58282
69090
57837
57332
60100
69009
59727
54645
67290
68746
53011
70324
68685
59704
55447
57562
53650
64932
54744
59148
60844
58265
58900
66386
59334
62223
62799
64060
61127
59255
62180
59758
52414
61514
67727
68432
61088
61631
61929
62370
62477
56104
63018
61714
63191
62309
60776
63495
70396
63180
55972
56950
67518
57951
56693
68181
66657
70050
61373
61215
62061
63334
59838
62863
63546
58818
63921
69346
61149
65334
57458
63497
55783
56520
54127
55447
63054
56753
59820
62428
63374
58261
61329
53394
61144
55882
59022
65949
60705
63891
63998
60980
59688
67719
70144
61320
60335
58926
63692
62127
63826
62918
58217
62053
61211
66588
64967
59698
56228
68981
57186
62481
68117
63461
55996
57926
66863
67280
64926
60508
66977
64413
66906
52696
60510
63430
65211
57138
60783
58314
61881
59494
66826
66055
56881
63062
61490
65488
57663
58074
58084
56593
55920
64851
62899
58780
57168
59360
56562
64996
58736
57857
57346
59183
55028
61316
54952
58875
61790
61268
58299
52578
66168
60833
61871
55459
60983
58181
61262
56419
62613
59826
70313
56878
59996
61450
69010
59957
67946
64500
61653
63276
68642
53818
62389
53832
63551
54276
62919
63121
63038
60226
63966
60128
57958
64025
53676
63298
63005
50770
61359
54824
58278
60912
57579
57286
66930
67185
59259
59727
55566
65333
54399
61157
58817
63400
61526
59348
64463
61512
55420
56400
60373
54649
61164
52608
59463
61151
59177
57437
63231
55107
66272
60836
63739
61943
63304
59723
55677
59035
63396
69808
65196
59316
59452
56425
63840
63810
60170
68896
59792
62925
51194
56901
62153
54992
61008
61866
58198
59789
62461
62258
60209
71830
62498
51209
63683
55164
60557
57084
59184
61271
62416
63715
65198
55257
58767
64066
58011
53881
58783
64381
64118
66462
56199
64334
59912
64163
68621
61098
67377
66815
59854
58669
66479
63821
63843
63567
56002
65482
57646
58829
56178
59259
69472
49716
64884
58231
65836
53563
60645
57529
67993
59729
58570
51546
62750
56529
59936
66619
63164
62988
58929
73579
64431
59233
63708
58688
63885
55633
67509
58355
58489
57067
65524
64054
59663
57429
60124
56321
65103
66181
58602
63039
55908
60322
59218
63634
60831
68498
55547
62252
59182
61517
65076
62772
58826
65265
59989
58814
63749
62829
64079
59015
58121
61900
60612
59318
56907
58764
56573
66783
59526
65977
55769
63531
64648
66073
57464
61964
64830
63775
58402
61231
59607
58694
59743
58886
58646
60898
63923
60627
55878
62242
58246
66049
60557
57078
67200
66889
61324
57951
60280
60066
56577
61764
62705
63168
62406
67154
59632
61093
64591
66144
65448
64309
61321
59977
57106
56404
57914
63115
64623
62266
64204
60096
54340
58220
59974
60696
52479
61557
64131
56787
59988
58860
66309
64312
56541
62878
60925
55262
62664
59751
59412
61116
58004
65460
64166
65793
70627
58493
63898
62445
65151
65472
66165
61071
63803
60050
60070
62957
65699
65217
65729
62993
62314
58894
50258
63426
62571
58530
58949
61362
56810
66244
62466
67845
58619
59100
57409
61109
60640
64975
62543
60805
58206
58976
59784
61081
57750
55572
55356
64767
62511
59478
69307
57186
68200
66698
60309
65689
60731
64159
59734
58096
68014
57472
58978
61538
61328
57966
66042
64531
64300
56512
64916
59347
66611
66584
56073
58995
64310
64544
64315
63750
75271
61415
60890
59143
56581
59087
58297
57658
64111
66995
64671
59550
59836
49723
68843
56475
59802
50230
58335
58171
62475
56882
54712
61413
60403
59699
59407
62888
58837
66532
60391
55846
62714
56865
58331
58637
64590
61726
52825
61989
59186
53448
62432
58265
53819
63282
56697
61044
58169
55418
65313
60735
63335
56806
65021
56219
61274
62094
68069
61204
69509
61530
59193
61374
62555
56724
62324
54872
52348
63854
66669
57838
63033
62544
68704
57475
61320
60695
54910
64456
59070
62735
64447
62281
59720
61542
64146
58054
59505
57567
54261
57997
57225
63743
61014
62294
61959
59172
66046
60767
63639
62155
60857
65467
57153
57691
56647
63073
58529
54604
56655
58991
63420
55126
65075
60857
68173
59748
54803
64879
64013
56927
69943
63248
61381
56111
61216
56386
73093
58525
59162
58655
66436
57845
61336
62007
61926
63652
60828
61623
57039
53976
61205
59594
62893
55065
61701
60499
63197
60687
62406
66636
60489
63380
62945
63211
63917
59985
63020
51701
54336
56046
66626
62829
64993
61059
59961
59152
55562
56834
64524
61132
64581
63425
61735
63183
63586
66758
62359
62371
63957
59456
59580
63368
60772
57412
57667
61480
57606
59652
61432
61733
52532
56948
61241
66835
54065
61315
59781
69783
56837
57405
70203
65691
55151
57106
62875
57503
75402
62074
60574
67177
59278
56131
58070
58277
55595
62835
58729
59729
65005
61210
56373
60827
58339
65339
61623
54789
71215
57251
60972
63204
60949
58976
64615
59932
57054
60079
59481
55380
59444
57621
62200
62895
58655
63585
63643
74665
60583
60392
59286
55903
55812
70554
62340
63084
66114
63563
64289
61723
62300
61914
58163
64369
63009
60606
63293
59333
59486
58838
63384
58971
56049
56505
61480
56998
57623
61688
60132
59491
58586
59615
61980
53216
61487
59060
64873
61080
64947
64538
58391
60110
66445
60250
58477
58193
67446
59846
58884
63181
60449
63881
61513
70602
64521
62888
64410
70204
57806
60133
61158
58485
61136
59706
63232
58292
56332
57150
60260
61827
54599
56941
59861
61091
61583
65122
55007
63426
62704
63049
53612
64867
60573
65384
62008
64592
68046
67322
62800
63405
59808
59160
65968
66477
62864
58675
57113
66485
56470
63424
59417
55744
62411
59421
63334
60780
59661
58264
58908
63776
51978
64393
66291
66132
61483
56219
56836
53498
52985
60708
61304
58408
61457
59858
66961
57238
63046
68135
55170
51613
66030
62742
61469
58075
59167
59059
59067
66058
63726
56106
71677
63767
65347
53268
65953
58678
60056
59823
60594
67640
66279
58612
59084
59769
58429
56244
58913
65690
61781
57380
57851
59921
61000
62652
60909
54224
60640
59110
57573
64383
58600
62474
60955
63585
57805
60236
58360
57098
58741
61431
54436
61355
56950
62376
58721
63927
56832
58351
55797
57245
62013
62843
56943
67068
65548
57425
63853
61965
66513
69884
70043
55762
55214
58855
63885
56299
54027
60727
64751
60924
60072
59821
60221
60514
57296
60829
65655
57600
63951
58631
61830
65350
66956
64606
62407
63543
64989
58339
62712
62988
65672
56075
59538
60722
65093
67336
66013
53793
66994
60669
61941
65140
59858
61763
59626
63905
65101
61226
58628
66164
60034
56849
63907
56637
59508
61634
65478
55737
60980
58205
66849
66524
55761
63782
62509
64672
63507
56785
60370
61513
61896
65188
65057
63000
58811
61368
55397
61393
58400
59413
62991
64626
64244
62614
63973
73661
56306
61509
59351
66731
60376
67396
61531
62744
58020
59528
54765
59472
55406
70757
59288
59297
65661
62629
55056
59431
67273
61776
61164
61673
60527
64242
69249
55804
55151
64721
61019
70405
66772
57429
56115
65696
66489
61892
66781
59247
62300
58332
58446
63132
59896
68617
58585
58102
62625
63097
62104
70017
54148
60334
60655
58888
54896
65747
61178
55585
68537
64116
58788
62812
65972
57196
61339
56034
61472
55988
63340
62756
70507
58713
63455
63935
60094
62482
58306
62932
60496
57879
63001
62809
66694
56872
58373
56172
62955
59401
61144
59801
65269
61680
58493
52531
66094
58521
66466
63038
64743
60768
64148
63809
56160
55743
53962
64022
65353
60666
58353
58859
50117
60714
60736
60732
52241
58507
58284
60405
59491
55282
71026
62193
55461
57196
63071
71074
60045
60206
52384
56592
64422
64889
67145
61147
61675
59763
63464
66210
60218
57997
63182
63612
62492
59693
57043
59086
61223
58225
63348
62721
66034
60377
60180
58279
65040
62484
57590
54923
67448
57546
64583
57391
65470
55273
60365
60440
58080
61999
59622
69616
61246
62163
68667
63484
61562
67151
65061
63029
61925
60973
61124
60625
61197
61490
60107
55582
65095
60201
66467
68128
68575
56796
56644
60781
72425
60023
66177
60136
57715
56847
58852
58626
58809
57399
60876
62403
60922
66275
61741
60913
62021
60422
62339
63349
63877
60517
61271
65569
59493
60786
61273
62035
63223
58122
59927
59100
62804
62045
62201
64495
61007
64728
56478
57977
63870
60623
54453
60935
55239
57651
69833
61488
59879
65916
60306
62632
61628
61804
57562
65668
63964
59042
70985
60007
63765
60285
57606
57815
59498
64762
62408
67700
62159
52562
58450
62876
67550
56967
67569
62751
56255
62623
64362
68522
59375
65542
60155
60388
61841
60784
60375
59987
64153
59761
70973
58152
61372
58827
63147
63851
54607
59437
56488
61802
60778
64517
56230
63183
52973
69743
59017
67440
67366
61986
60341
63329
65082
60502
63379
57361
60181
63616
56751
58593
65325
61043
64540
56170
56939
60192
55262
57178
63165
66122
60909
61276
60558
59522
56135
66701
58030
67330
63031
61272
56223
64087
65651
65938
60939
62997
63297
59731
65072
59548
55933
65305
63659
64549
60088
61450
53349
60693
59188
53654
67252
55710
58019
61846
69774
63154
61456
61597
56970
64718
62706
58161
60660
60921
57700
57155
72150
60064
68113
49435
61166
53796
64267
66466
62672
66130
64816
61172
58975
66985
63381
64216
60200
62389
65018
60610
64054
61536
67887
58031
63504
57464
61866
54770
61899
55804
61580
57738
57016
56080
62830
59438
59673
62571
60765
64393
60605
69744
60402
62755
64367
62428
64805
68246
58753
61138
58581
61368
60485
56323
62526
63066
69904
58788
60192
56222
60910
58881
56574
63401
61264
59379
60478
58145
64264
68918
57918
63919
63624
60428
57096
65286
60594
56851
61164
67829
64566
70281
57576
57432
63611
60022
61452
59845
54196
61042
63178
61945
62370
68683
62429
57286
62045
57911
61345
60316
59356
64575
57987
63444
60000
55104
63705
62427
52518
67409
68860
64946
62168
57948
57645
61283
54216
63527
68013
62125
65375
64848
61959
57735
63880
65018
58088
63065
55661
61437
65507
65417
63667
59274
62589
57260
66688
56989
65784
59828
57646
57097
58827
53708
65028
64422
60643
60157
62123
65857
59033
60341
63461
64320
57945
59053
59124
52839
52438
64656
69551
63158
62014
58646
54367
64144
60372
57211
59702
61258
57315
60950
57770
65273
62597
61703
62107
62065
55642
69548
60524
61831
65416
71155
63352
64718
61532
60526
60933
59357
55399
62071
54724
64357
61093
65120
63343
63614
53929
62550
61415
63809
55381
61063
62360
64333
60563
63505
65335
64220
57994
57161
57584
60875
57861
54187
65018
61255
62730
56424
62873
63639
64135
61033
66113
58783
61161
57391
66559
56038
63435
64419
56851
62911
65745
58901
71668
57281
56488
64063
64723
57424
60459
59370
63004
63685
59624
62673
58076
65824
64700
64181
59851
68182
63455
67646
64825
61955
56784
65509
60776
58150
70639
64074
65215
60556
64940
53611
63065
60732
60990
64450
64609
61374
64598
59039
66384
58764
58668
63031
61061
62141
61423
61345
62882
59022
67367
64383
61986
61020
64388
67805
68196
66400
65358
64619
61267
63134
65430
52880
56993
61119
63565
63778
56690
68458
69620
53379
61815
62097
67157
63329
65953
54241
64396
62070
69431
55734
59167
63606
62783
63043
62093
62012
69835
57297
64430
61029
59514
59857
66353
66432
65463
55023
60636
64470
59501
61335
60979
62576
62795
60148
66644
67989
63702
63193
57608
60271
69338
57979
64264
62655
62169
60650
62322
67055
66922
58397
68948
59722
63142
54013
68481
55445
62026
65396
68441
65013
61005
61653
63354
56722
61229
60019
60225
63043
69154
63018
64567
62108
63730
54775
61822
59654
62406
71309
65840
69706
59360
63967
65542
55088
61672
57859
66651
59980
63912
60570
60102
60693
65749
55899
65155
58361
60657
63675
61265
65969
63071
55079
68615
61366
71064
55086
63357
59427
66531
57324
56250
64267
53805
58427
64649
61473
61855
61594
57819
61917
69627
56873
57612
53675
57934
58642
60791
63325
59023
61706
60896
60612
66486
63147
61469
63310
56017
59388
53099
59111
54620
54131
61901
60228
59395
60391
63859
60868
64250
66506
62055
59787
56102
56343
58479
57240
66417
64504
57293
57767
65768
57229
59655
61298
54761
60795
58516
57847
60794
63804
62366
60890
65610
64065
58336
63229
62182
61489
54442
60782
67403
61947
66755
61142
59671
62855
68025
63176
66538
63181
63523
55388
67901
58462
70290
61976
59990
56822
60204
69206
65724
63109
58491
58321
58162
61448
58421
56981
65689
59368
65501
69270
62895
62122
59208
58247
63490
60168
61485
56030
59527
62895
59615
68063
68923
62389
60855
65717
62537
64965
66873
64629
61043
62007
58736
66686
68931
66735
63418
60415
62354
63349
64934
62374
58446
58771
64012
58885
63696
62458
64384
64538
64793
54907
68719
63283
61725
62730
63083
61942
60027
59813
63046
57891
59292
55642
60504
65875
55388
62488
61736
57378
62235
64216
62643
63868
56971
62103
54660
55593
55030
67108
59285
63509
66276
60719
58977
69285
58309
66010
55742
56068
64205
58623
63817
66445
60870
62825
58566
67510
64934
63475
68574
63772
63848
60304
55228
63011
63018
66606
59467
57099
57942
61507
61490
63964
56393
61599
64202
63981
67899
61238
67308
61361
66677
64850
57636
60717
56616
59062
62189
55640
69051
61902
57470
70227
57273
58615
67007
66842
56852
66344
59981
60508
62481
59211
62064
65407
56017
59016
62780
69231
69066
58355
61030
62390
61298
56268
63089
58613
66296
63759
54463
67670
65752
58090
62568
61474
61321
57717
65896
61097
62514
68535
62255
63429
63073
59531
73063
64958
64020
62757
66128
61555
65888
70999
58284
60008
62768
73132
62575
58041
61167
65332
70677
62462
63042
64588
66010
55316
60012
59518
65046
58051
60081
68723
70415
65219
56175
63497
62169
60664
62681
59573
60200
57214
64606
61613
66134
64014
60587
66242
52123
59803
63566
61583
57579
64689
57368
61218
58177
55264
64590
53502
52464
56077
59709
61280
54942
57769
57368
60598
62135
58691
67048
58024
61061
58192
66143
59543
57518
61813
62437
55690
53839
62720
65811
59529
63673
61642
58598
64313
59769
64747
61746
60652
54780
59662
60943
55128
61217
65962
59355
63331
60751
53388
53746
59506
56995
63566
63059
55623
61545
64411
58635
60890
64403
57022
63243
61916
70351
59530
60931
54992
61423
54256
61044
67002
63950
60932
62551
57286
58613
60538
61264
63347
61658
63116
57734
65207
62374
58627
65354
60308
56886
61667
57646
58507
62950
60814
55001
61541
61644
64179
53683
66074
59524
57760
64634
62631
59683
60515
70451
56002
61271
63182
73405
66676
63830
61668
55780
63118
54394
61878
63775
59405
62378
62764
59804
64886
58265
60168
65726
59585
55096
64519
64278
62275
52657
60876
56776
64265
67484
65633
65896
63619
63358
58880
56674
64483
62700
61473
54060
59514
55496
54840
66758
65017
64650
64620
65451
61920
61334
63271
63028
61305
62479
68378
56077
61291
58522
57922
59543
62678
62472
59262
58155
57097
64061
64641
63895
56711
58719
60746
60158
57531
63323
62439
63349
60732
52903
56127
53191
66017
57749
60258
65786
58175
62334
62756
56684
60389
60509
64661
65062
66729
59797
66564
57846
68161
63709
58861
59615
59492
59937
61716
57375
65544
58116
62539
65313
60803
58023
60124
60768
63558
57852
60529
58891
57942
63793
56467
61810
62373
64079
56310
61200
59852
57971
58067
63646
56883
57095
63705
60226
58278
60224
54963
64622
59254
62505
65250
56998
60064
61634
65197
60608
62591
59037
63896
59471
62062
61941
59511
56048
58318
61931
58371
63568
51542
63112
66624
60922
63345
54727
58911
56764
59216
60405
63669
64496
64931
63985
60158
58232
57607
65034
62642
57529
57428
58774
62280
58558
58510
54912
60903
57823
67775
57307
60295
67437
65923
57812
58670
58366
71259
59042
65875
59932
55927
56483
59217
65584
55926
60828
65414
65194
61934
67199
61293
67362
63493
69444
65324
64449
51983
59955
61379
53003
61821
60730
59985
66800
57621
69129
54866
61152
67814
69431
60358
59451
67556
56146
57761
59163
61075
67191
57139
67879
60894
61475
70154
62589
60117
62101
59473
65712
59903
64513
58388
63908
59987
59028
62611
59255
53023
61778
51520
63968
65688
60009
60424
57346
59672
62142
58454
65000
62644
58121
63113
63142
61262
55319
70209
60201
66918
67362
63818
55092
62598
59208
56527
61386
58947
60688
64634
60268
56635
58924
61841
62049
60946
57511
64561
56420
59378
57635
60835
57008
64895
59150
58314
60634
60066
58144
64724
65588
66257
61379
67945
60153
61418
57557
59555
59219
60049
59957
55758
62141
61083
61527
61544
65237
64183
62910
55444
57910
64385
67264
58627
63737
60304
68832
61763
58447
59536
68534
55388
60083
60184
61688
55633
64784
63020
63225
59581
60863
65899
57848
60978
52887
56959
61216
60448
62501
57434
59099
64703
60602
64562
58253
59553
58541
60151
60591
57110
60236
68032
61932
64629
55346
60433
65677
66296
60985
63026
69365
69059
60542
60102
64105
59876
61068
54112
57905
63823
61233
59943
64778
58903
56727
55736
61018
62575
58734
62185
57631
55593
55841
59097
59549
53771
68333
60681
69319
62859
60078
60882
62367
62984
61208
67261
62021
65321
58042
59051
62363
66208
66331
55468
63296
60533
59107
55681
64335
60322
61267
55744
56149
58894
63790
61218
62875
63194
60132
61440
60486
56190
54890
66970
62082
63105
59475
62175
65745
65691
62063
58515
64423
65549
62626
55521
68631
64821
57479
55689
56855
57539
58498
62074
59194
63365
55528
65786
60946
61638
58570
66137
65625
63784
67820
61489
62564
67934
64292
56793
62316
66639
59507
61507
57518
61301
58475
64634
54696
55579
66841
63007
53702
59897
68286
55807
61588
67028
56696
65209
62548
71677
57941
60721
62618
59174
61980
65976
60435
63068
64894
57561
57287
65568
60522
63906
59556
59250
62187
63973
60662
64920
60783
66621
66208
59250
58898
61142
62297
61804
61548
53518
58067
61876
55487
60078
64897
70673
61531
63801
59633
61429
59067
63590
61756
59922
52514
55677
56822
62924
61612
64457
66631
62526
60685
66918
59297
58462
58387
56256
57000
59907
56330
58803
64177
61398
60555
57917
61085
61792
63559
63275
65507
64032
62966
59496
57438
62474
65888
57981
56843
65839
63801
63520
67030
56317
55444
59473
63629
63133
57200
61985
56758
61110
53502
61307
65849
55630
59302
63835
53344
62980
64351
55976
61056
62017
64887
58500
60608
64704
67125
62858
66020
63486
62124
56545
69665
67327
60619
55153
60464
63633
63548
58667
58997
64010
65044
70856
63518
68484
61085
59623
61452
59269
68677
65618
61775
57919
64723
65134
54843
58570
65536
58220
68703
51334
61667
64456
61904
55567
69371
62340
56733
63985
63159
59598
64216
54544
67224
63021
63268
60847
58666
56367
62642
59562
61588
64912
60384
58856
61469
61475
62566
57367
66442
62766
59544
58824
61470
57915
67282
62341
65528
57548
60254
56973
64921
62330
65646
59412
55833
54990
62462
57962
62936
62638
56477
62139
64813
58081
58612
70538
52928
56903
58676
62355
60114
64549
62967
60165
59997
61950
60439
60078
60430
59305
60523
61545
59422
65511
61088
58916
58638
57558
61154
54017
69058
69076
64319
56845
54940
63791
60051
64050
58107
60036
59544
59002
68656
58615
58606
61215
54778
63296
58007
54504
55729
56517
61978
61998
61544
60087
60173
60996
58138
59338
56505
61865
59784
67067
59675
63424
68152
59037
62444
62549
60310
58330
64703
56616
57129
63905
61250
57906
61121
64765
62445
68539
59617
61713
59164
58787
61653
64675
60955
59862
57001
63396
63818
63544
51603
68832
63679
54458
56991
56868
57673
61326
60287
64498
62267
60735
60607
59530
65345
60283
58533
67618
61822
62833
56650
61700
65187
61242
56203
57623
67313
56813
66058
57190
59382
62095
60384
60225
54496
58086
59502
59692
72829
55482
74500
65058
60228
52666
68279
57332
55874
59398
58759
65193
57593
65587
68904
61113
57527
68498
63336
59912
67026
64417
57988
61239
57899
59726
59962
51023
50188
69023
59086
62153
57857
61966
59447
63520
72474
58795
56340
61658
69418
64339
69319
67406
57065
64223
60990
60521
63290
65253
61058
65890
53180
63146
56824
57886
64435
61429
58503
73654
72268
68842
57463
63084
63835
60813
56717
68811
58146
72139
58928
58741
60498
65306
63132
68810
59022
70534
62996
66831
63893
67168
54567
60705
55717
64046
60478
65157
56488
59910
60259
65050
58457
57781
56396
63317
60870
64869
57576
65664
55792
68372
61539
58417
61746
64581
56058
57226
67147
60080
59973
60690
64956
62924
65501
56451
61302
65600
69184
62542
53478
70894
60461
60331
62117
62285
61848
60243
63148
59845
62215
64521
66906
65791
69628
58705
62108
65121
56243
55989
62038
65501
61016
65532
62918
61054
56393
63443
55600
67514
61888
55362
68498
59559
68083
66167
61806
57154
57730
54944
57154
66902
52740
60214
69313
60960
61446
53502
65605
56685
62932
60183
64801
58035
54016
54865
57124
61842
63341
58231
60443
67117
61682
62019
62010
62486
61822
70873
70075
57510
56356
57120
56429
60358
62477
64387
54786
54278
70349
60361
56225
62538
61933
65201
60793
57208
64629
62681
60999
64040
61812
63649
65909
68889
56798
65294
55229
60273
67410
63086
59626
59934
58684
58549
64835
60998
55597
63272
65362
66373
66011
63813
52192
60356
55800
67936
59178
63599
56217
56618
60307
63552
64871
62873
60761
57479
60614
56749
61110
63934
62031
58267
59330
63177
69115
61734
56764
62827
57277
59894
53050
58962
62709
65326
61396
57621
60928
62289
62605
66803
54350
66971
60932
61339
63859
54608
56286
61008
65137
50336
57862
57491
61963
59597
53555
63983
60886
60841
66206
56020
60683
58805
55796
65995
57332
57934
58256
57526
57946
59854
52814
61588
59987
57948
62025
64940
62271
59000
67075
58101
70332
58704
70369
60164
64368
58808
58338
64514
59997
62109
66509
70463
64284
59644
64460
61802
65679
58420
58225
66074
60510
58910
67134
54700
66439
65596
55478
60756
61743
66017
55436
60350
64332
60126
62114
69887
63626
63828
54434
61935
65877
56609
61020
55064
66377
63951
60116
55379
59568
64935
56177
61095
64261
57041
60559
60169
63308
53104
60621
60587
53830
67807
57851
65702
63766
63868
61151
62794
61870
58282
59832
55202
60034
65635
61140
64242
55370
60521
65747
59137
61817
59792
66416
68463
60459
54143
60694
62260
72415
64718
63959
55523
64464
65165
59054
56763
56738
65382
63120
60335
60119
67121
68550
72947
66890
61546
61493
57878
60086
59690
61102
61011
57142
62319
60018
57499
55753
58854
60853
59178
64793
60708
65198
65113
67821
60170
63717
57818
62098
55461
62509
62186
63700
56498
58795
56585
61890
66032
67840
69649
58682
58056
54228
64170
65209
56799
63252
52455
61958
65181
57779
60278
59400
63553
60497
60875
65622
60096
68283
56089
57308
55612
59651
59364
59659
55844
64614
61176
53938
62112
60893
61714
67049
60755
63187
60545
66784
60505
57484
64262
61385
50260
59607
70511
59036
63120
57342
66609
62542
64195
55355
69001
62700
62881
61170
53704
60684
68324
59635
56439
57626
57282
66993
61766
59277
62075
62702
63360
59679
57303
61603
67278
61593
58829
60855
61717
59702
61146
56635
63051
62541
52350
57083
60441
66443
62624
60971
59497
64862
57527
58687
60319
70199
65020
53457
62101
60122
60210
62897
57783
60398
58130
66913
60753
64897
60013
71770
59922
69049
59792
67082
63795
58976
58667
60056
61095
65671
63419
60185
58015
65248
62721
60775
63041
69270
63871
67139
61574
57030
62448
61494
62656
57896
60468
56455
58415
64834
61625
60439
64543
63668
61777
62957
64039
65986
55242
60008
61135
66568
54511
62199
58580
57224
56555
58869
58973
58847
62677
57290
61300
60312
56282
58569
66188
59991
60827
61285
63800
55587
63706
59920
63713
60499
58591
59481
53884
60832
57402
60452
57551
60185
64175
67129
54906
54716
60057
58144
61569
61657
56000
60184
61214
65045
54156
61845
65424
64871
58953
62061
58742
63272
62461
62902
62624
61575
59443
49757
58713
60448
57689
60479
61047
59976
57201
58553
65002
56245
58958
64418
63552
60584
60401
60070
63200
57772
68333
60365
65558
66632
67112
56445
60431
60791
71782
68915
63188
61988
66292
58776
64832
57533
67145
66723
54623
58236
63586
59672
60690
65977
63842
62656
64842
65979
60319
59642
66594
62397
65861
63846
66664
57037
61483
64713
57876
60297
62078
63719
68223
61830
59362
55174
62657
61728
57227
64500
60266
58696
58510
59329
61589
65040
62654
65123
59977
55412
65180
59296
63124
52748
63200
56645
66864
60290
58170
63313
59108
58758
57006
63297
59045
57394
62967
57191
58773
59519
63898
66814
53813
60225
65220
62788
56048
63355
61373
61437
66532
58986
65489
65180
57124
58935
65284
67361
60840
63459
63613
67192
55939
59134
59578
58414
58440
53869
56852
52087
62910
58952
60545
55811
58820
53768
62154
57159
68246
59299
61964
59966
55844
61152
55571
63393
55019
59401
61722
65219
67331
61131
60093
65965
56038
66859
61049
61344
63906
62198
60904
63537
67168
65707
70426
61059
66717
59733
65504
67795
66397
60287
62327
58566
58365
62858
66640
54906
60304
64333
61406
59285
61828
60660
63734
65871
59571
60237
62608
58033
64240
65164
61663
65249
55714
62604
60449
58819
63507
61924
55148
61782
61009
68882
68245
52763
59296
63212
62698
61760
61900
63861
64070
64628
57270
58423
63674
62668
66265
62639
62454
69200
62183
53501
63036
61730
57299
61622
58286
64500
65985
62552
62308
61713
56389
60697
66893
65821
64587
60986
63316
58617
63249
61787
64902
64031
60572
63802
61941
63483
59697
57740
57159
59989
60287
58121
59557
59767
69067
60664
67485
65542
55560
66251
60141
63690
59189
57580
58913
64140
58267
59937
59058
52778
62347
67165
62626
60510
67813
61268
60767
55173
65954
57001
63343
68225
58655
61794
61304
61958
58885
57241
56899
56034
60309
62950
59241
64848
58416
58103
65548
59246
62892
61500
63921
65045
65052
62390
60752
55250
59087
63181
56497
64787
61058
62437
66971
64822
65044
66050
64374
59346
62202
68581
63766
61910
58628
58328
63670
67377
67575
61843
58862
59658
64400
61842
64906
64153
59057
55015
63249
66028
64492
59860
64975
59257
61881
62776
66426
68463
63437
59455
63469
59475
64142
61105
64491
60586
68015
63012
61227
62343
60745
61152
62221
61934
65475
59731
63698
65004
63726
62605
56931
59959
65205
62058
60386
62352
60696
60823
64159
64561
66008
61588
61275
64559
61060
61909
60803
59253
61381
65769
59110
60083
61035
61673
64248
57166
58239
56723
60723
59019
61786
62967
61069
67514
63410
63023
59510
65940
57137
62248
62377
64155
58004
64091
62441
72750
59050
62028
55746
71287
52857
61452
66211
68463
61139
60308
55557
60031
56580
54466
56310
64771
53391
58774
62358
58572
59767
62626
63060
64201
66140
58803
63999
63794
61231
64453
61669
58786
61671
60933
58526
59185
65321
63941
61192
58311
67339
62478
63792
66775
60741
57162
70357
56934
63491
57823
66509
56487
60230
65779
64434
58848
63197
79238
63185
60470
61312
64564
69990
58062
62632
65055
58999
53237
62353
65051
64261
59348
61239
62968
54172
65198
54301
68297
61018
65917
55880
60749
57860
63149
56672
59853
64997
65997
60781
61082
60574
61546
56580
60948
69527
63044
64093
58101
54376
58138
59151
61007
57408
67077
63019
68199
58239
54459
58400
61135
68245
61727
61381
62770
58462
62426
68628
65845
64070
61797
62043
58264
57171
56977
64206
56570
62566
66942
63093
59053
59546
64076
54064
54307
58868
62332
56382
63675
60358
66691
65446
58275
60598
64067
64655
60556
55543
69198
56280
65275
61324
57957
61374
57925
55392
57738
63401
61202
66027
57441
61864
66631
64341
55549
62052
61046
57478
60384
56880
57351
56403
59389
62164
68012
62351
61472
61551
54464
59583
57411
64760
60284
65950
57523
65889
65751
63024
59355
64587
51845
62747
62354
58626
57514
59515
62409
61071
60530
61573
59297
61884
58027
53280
56983
61348
68478
61568
67695
64383
58816
57558
64476
60209
61147
59748
60845
61582
56529
65075
56919
59978
63229
62687
66076
60822
61871
66397
60229
55507
57399
68918
64069
66679
66461
65111
62763
56852
52467
63345
59862
57416
62704
58345
66065
59338
59938
63978
59473
64026
52008
63679
58198
64670
62150
64604
59519
66586
64811
59486
57720
59170
59211
59438
67282
57789
51234
65069
60341
65884
56840
57213
60595
58465
71943
58841
57256
60918
64355
71288
66517
56889
58319
65266
60592
57600
59877
57727
60619
53960
61795
64458
59637
59136
63252
68047
59687
66414
54762
68409
60801
63650
67557
64511
61633
59325
61087
60761
56255
64153
64674
57779
68676
67181
52108
59767
65862
68573
63793
61000
58496
56421
56200
64138
313786566
