70321
57263
57006
67469
70763
48925
60486
68576
52374
67775
58666
56076
73192
56085
51966
73903
70436
65644
51857
62301
62997
59514
64533
65390
59323
51960
52567
71111
58979
61716
75040
88726
58884
62459
74841
56955
65300
65302
61428
61441
64000
72053
60947
52200
63315
58295
65669
58344
58611
69726
51355
66861
47444
72957
54585
75147
66732
57428
72703
61430
63551
64505
62788
56814
62975
60131
57479
79101
63556
60844
73285
69695
57014
67167
65079
60633
59130
70604
68256
68552
65098
70235
64407
56744
62062
50765
73246
59858
59578
60276
63250
59727
66967
68958
53378
65956
60869
61039
69588
69253
55303
62493
60628
56205
66447
46764
59108
64233
57341
61895
59876
72325
50314
63219
64408
61390
67696
55617
57732
61825
58974
65858
58654
57685
74363
66312
63662
57282
47588
58300
68790
61433
61881
64462
52769
62967
61254
58130
66031
63834
63732
64295
69047
54867
53937
69134
64978
54176
63225
73314
56461
52418
62509
59308
64212
75001
53862
67967
56595
69433
56323
68676
64375
65742
59337
57417
55080
68354
48896
56333
70465
60142
60336
64103
60494
64988
59212
73694
65718
63473
56828
69767
54125
59546
61935
71762
61530
63771
63590
62867
61009
63781
59889
56362
57816
58873
50382
53428
66880
58142
63106
61142
63934
65251
59892
58576
56000
59920
58836
65848
55380
68968
61254
64627
64526
64597
55357
67120
64969
58657
57033
56822
61220
58080
62262
55929
58350
58057
55354
69189
56450
62600
57256
63937
64503
55894
58523
54903
82586
71666
61039
62068
72076
63963
54224
50890
55884
56176
61912
59487
71257
71693
57263
64246
60426
56597
69061
69464
56074
58309
70535
55406
72794
61469
59242
57736
59660
57666
73957
62326
60834
56447
71136
62837
64772
62063
68576
56616
58824
64918
62124
61662
64100
67060
54604
79080
59550
55958
55956
59346
59152
65908
67335
78658
63800
66251
59153
64312
52191
70670
80770
60739
56360
65610
56225
58908
55533
59052
61179
58529
84427
51456
70266
52429
52811
66059
57157
60615
62306
61197
61927
74203
66500
58979
78818
59635
66895
67819
59931
51824
54259
64783
62531
60559
61883
57114
49117
64638
63325
57678
61403
54150
77207
60554
59331
66990
55826
47354
60120
58368
56313
56725
58384
65036
56471
50692
57393
59338
68990
62974
67804
57567
55952
56041
54810
72523
64152
49291
53028
54501
69499
58662
67881
67410
64429
62784
61866
62395
66586
66945
57452
61936
63475
63241
63399
72192
59083
55503
55346
62448
62728
74230
62419
58031
69075
58998
57512
62608
59366
65995
61148
56334
67126
71363
54250
68870
65153
55044
68229
57781
63875
56188
63310
70368
61553
67776
62496
58466
65956
58868
54373
67558
61005
64221
71855
71403
54678
67416
57734
62677
52346
55487
58806
56482
64731
54218
60016
64306
50729
69277
77435
51295
61233
58952
66038
61269
54740
67447
65040
67056
58116
63542
57944
71555
56677
57908
58317
66335
60091
50810
70500
72140
79754
67761
55325
73693
60161
60417
66831
60628
66058
59927
58975
54582
57092
61113
51033
54409
59247
58758
63680
64117
60246
52031
64193
59529
68910
68040
55933
56847
82310
60452
56322
61965
57815
72000
62323
55280
67412
65022
54471
75505
61978
67087
63295
59660
69031
57306
67217
54112
86113
77785
55142
65869
55355
66111
65229
64027
55440
53775
60773
59738
66510
57852
50338
72057
62405
68662
68948
53593
54598
62284
58610
60833
69765
65041
58835
56877
69034
63319
53985
65469
59443
57819
63178
71138
63738
68560
75543
66140
66069
67508
66824
65141
64976
68774
61537
65992
64448
70330
61642
51523
63543
58444
67105
56916
58763
63862
61136
56348
68784
62357
55577
50589
58460
53463
71964
55857
70904
70927
68950
61224
58931
57233
59211
58926
53501
59796
57059
58134
70997
61574
61632
64387
60818
51170
56312
70066
83417
53882
53993
61121
59551
59169
81405
63520
62941
59712
68456
57535
64317
57257
60672
69386
63451
63330
62924
53785
74154
60171
67182
58586
68676
60370
63413
53807
61471
59987
87116
62884
63087
63223
51536
68029
60014
68527
58940
55234
66081
69276
39821888
