79589
56821
69121
61640
59882
56999
59478
63557
64791
66362
63486
52859
57998
58715
55420
68545
61295
68741
61345
61764
63941
66055
70254
53083
57607
65044
61660
65274
61620
69238
68571
45791
57233
57489
59338
69790
54428
76746
61842
63723
51859
66482
63403
65349
62139
53524
56891
62454
73366
55246
66671
59904
67157
60338
59574
58171
53489
59184
65484
65308
59798
59799
64595
53769
76979
69383
57835
70690
64472
78879
57130
57971
64704
54719
56998
63135
63253
67671
54991
54798
61035
59498
55541
80989
63466
78484
70585
63492
68803
54135
54972
64814
56257
60259
51240
60475
76401
49256
67768
76268
50008
57236
58794
62313
65474
56545
59794
65387
58708
65465
55149
61440
56333
66864
68360
61435
69953
47059
70424
59810
53513
68641
67644
60685
65009
51271
66180
66025
85207
61049
50967
70150
67823
78414
59009
60042
57102
51515
62135
61400
55769
59409
64178
55832
70445
55565
66424
66264
59813
72799
67075
69639
51086
56566
73415
60527
69275
62292
54153
66055
61645
58762
53267
65984
60759
59314
63722
54324
61626
71924
62771
68421
63003
54820
72537
55028
50928
61863
52644
61662
59327
68118
58319
57934
68328
52101
70850
52889
51875
65966
63090
69783
62664
85606
85908
58873
49371
64530
58283
62447
66107
63954
59379
56522
72331
62111
63109
62714
72829
59675
68359
58790
57630
54049
58844
51991
50935
67893
60002
68556
61142
72115
60307
71910
72667
54770
63591
65144
68017
62406
64019
55934
71663
65839
68285
64652
67422
61430
52171
55730
66041
57830
60025
68860
61399
68356
62535
61502
51737
59367
56128
55322
52622
59116
63512
53169
62512
56813
55876
55703
69389
56011
64027
53646
50667
55542
64470
57765
66278
65074
59751
61645
70571
53998
71413
54247
66711
60351
64898
52390
62111
57724
55315
60397
68862
55354
69670
63149
58615
67344
65991
72840
52721
77477
60942
65143
58301
59451
60665
70409
55165
50766
65869
54534
60775
60999
57254
62559
68522
63593
57881
55174
68453
63479
58756
62821
67168
50479
75762
55952
56482
78020
55793
69579
72026
56565
52459
50075
58260
60073
60464
48229
68783
68176
65667
64180
73309
73522
75478
60605
74439
63518
69992
50253
50751
52832
67233
72442
52467
68318
52785
61015
65748
62756
49120
71951
52506
58057
60055
63884
59946
55780
72232
60156
53844
58354
60129
58256
62224
56904
50078
65384
55999
59458
60900
61199
64749
55931
47659
64724
61963
64985
60490
62791
57504
73332
75122
65202
57004
61401
53579
61206
59138
51708
65420
77313
66554
57258
71436
54629
50684
70682
60305
68286
61006
62995
58164
53613
63830
63252
61902
73474
68556
65063
60045
65209
61833
61743
66236
57264
59481
57061
68792
60203
55225
63873
54217
57927
71632
55180
58124
78858
59703
77579
51975
61311
74532
61868
64840
59655
68745
57681
60640
68827
60842
65894
74641
63580
59453
60677
54983
67901
55838
58802
60236
63603
67676
58549
60518
57162
59698
68889
74984
71144
71329
57397
66678
61441
59349
57661
61203
55083
48141
66565
52565
62637
73973
57957
62488
56464
49167
63616
59072
58650
68979
62599
68231
77382
57314
61875
59422
61316
66131
54989
68445
63747
56661
52772
66820
46544
77518
81647
63321
69521
60145
57997
74690
68972
62250
72925
62136
57237
57905
52512
57947
58816
68832
61780
66973
57709
58222
58188
72377
59097
65772
59994
60954
65910
74564
73634
55040
58205
63058
62022
62636
66951
56120
54772
55750
56326
57102
62640
66781
49397
60294
58966
56428
61624
58964
62653
57245
53165
55414
67290
63698
52381
62846
56282
65730
68088
49778
62364
58275
70806
63579
55770
64384
59597
55060
51764
64430
54353
61394
50654
61666
59371
67248
56106
60869
53096
58646
71396
77044
69405
54852
57596
64112
59287
60652
65506
60671
81597
60892
60858
56838
71399
54875
67435
54786
58041
61471
61440
64129
66847
59421
70186
66200
58375
62961
61639
66558
75442
66383
51431
53606
55434
53236
70845
69062
51737
67138
68445
51790
58398
80880
63864
60514
63107
63680
60022
67562
72607
44962
65084
66615
59459
61271
53579
52714
55654
39676544
