59402
50506
53063
45903
56547
49712
47057
50442
52696
50064
60859
57410
52649
47840
52668
52638
51104
49804
51779
50717
53333
51240
45296
48809
50803
49405
46428
54205
47211
47236
43733
50117
55767
52687
58252
43315
53478
47953
51667
49508
46973
55241
52758
51237
49623
46720
49347
50603
60218
48249
43066
43637
47483
48643
44323
46899
53084
46156
44905
51571
46661
54005
52635
51532
54257
42269
52163
59216
55849
58731
63592
47879
44875
53482
42248
47913
50695
55018
49634
49051
50144
47486
48264
47666
48708
51193
47013
54898
51693
46905
52567
55185
53582
51221
50176
49612
45412
52229
54159
52813
43346
53267
46619
52215
53907
56225
55554
47832
62053
58440
51426
48037
49983
47628
56129
47095
58128
59468
55700
49183
51103
43194
47786
61871
53294
43596
46206
49646
56232
51019
51866
50034
51594
58112
52820
53894
49759
56926
51167
55667
47393
51025
49370
47272
51830
52509
61383
50755
47584
47963
49736
52641
44319
54167
50254
44556
46310
50079
42406
48430
52029
52388
50993
46321
51150
47202
55727
51084
56473
56312
51868
52344
50263
51051
49802
52312
43801
45660
47656
49968
45009
48215
55882
58082
45196
47913
48856
54052
51142
47784
46777
49133
51048
51487
52238
47043
47574
52337
47836
53771
54450
43357
53575
45756
52931
49370
44783
51956
45772
49718
49800
52556
48846
44975
58308
50733
52964
49442
46460
44523
51402
46678
49644
56209
61442
52735
51983
52812
49516
55024
57865
52694
48500
50981
47988
51801
53524
51136
49742
48170
46045
54134
49969
59425
50357
48906
51629
57388
48123
57345
47451
48249
43145
50806
50887
47560
46640
47805
57999
47173
48699
50310
54059
54401
44136
56901
50485
48991
55453
44676
52896
47320
51649
51989
49769
58495
50799
48415
59358
54886
44562
52560
46269
49578
51181
48206
42273
47918
50340
43626
51298
48231
46866
55661
48122
46659
49000
47927
47674
45291
46123
51050
49003
51236
49703
56494
49813
55834
62331
56153
53703
48834
49800
57676
49240
49764
53576
53239
55548
60674
52146
47805
52325
46889
49592
47126
49394
51002
50808
51386
51059
49374
45701
47625
54799
46874
49466
51355
46812
46946
54504
49158
50607
48815
48647
50890
51272
49728
51863
49966
48871
48019
50311
52111
48903
49413
55947
49762
54743
52789
52753
45947
47557
52064
55847
54395
49451
56265
45316
50800
49198
50726
50610
52791
55636
49060
55779
49124
48701
46813
55815
55033
49267
44191
49123
44086
50463
50317
49370
48814
52589
49656
47945
52916
56216
54938
52529
60011
51471
45484
46822
49585
50152
55389
46347
48446
48663
48640
56396
50363
60921
52494
47605
51356
50004
54782
50687
46264
54687
58440
58640
50294
45583
48989
61682
54959
63643
59651
60216
52866
51065
47459
57137
51901
55047
53821
52292
53574
46992
52200
58062
51910
56079
51342
49380
49574
52086
47574
46203
55949
53043
49242
51177
48939
48378
49879
54096
54924
50432
49646
47488
50041
47981
51144
52310
53278
55179
50615
50996
46650
51755
53229
57825
50683
48892
51247
51988
66159
50262
46797
48979
53613
47966
48980
47988
55563
55091
51206
51510
43839
49510
50352
46825
50405
51642
50775
42992
57975
56555
47454
50826
54606
50410
51720
56647
46096
45076
53074
50256
46608
56724
46917
57079
55243
58143
51418
47037
45056
48381
55474
50010
52286
49643
50145
57071
54008
63411
47315
49785
43838
53095
48793
48136
47652
51101
61721
45565
52827
49785
56057
46527
54890
45132
47056
47138
45722
48468
49058
47725
49219
51005
50673
50645
49877
53638
51132
54047
45554
49924
57598
44358
48697
55079
44593
46505
42700
49332
47637
48979
53868
53750
53587
45617
50231
46841
47322
45849
47397
48796
44017
52580
45444
51310
49677
50413
53026
53892
48484
49601
51575
51224
46617
58127
59076
52811
48319
55090
51757
50567
52733
55814
59296
52912
50058
53467
48219
45349
49085
56437
51016
54293
51622
49217
50997
55321
46467
49702
51612
48550
58879
55711
46886
44904
46858
49015
44245
50866
47202
51026
50628
41648
48133
51823
58845
48199
45626
49493
50568
46774
53841
60251
51801
47516
47174
48356
55142
53120
47805
57424
59948
59522
62810
49965
46387
44942
51671
54154
46621
47547
50697
53858
48086
47791
45049
50393
48547
46661
53156
45290
52872
50405
46473
48466
48863
55030
48077
45683
50169
43782
55972
57542
49649
48411
55712
50442
52841
44556
48241
46063
47784
49653
48061
50403
47131
51227
54916
43605
46291
55823
49429
50466
54379
44833
51788
51211
47871
53875
66847
54521
49982
52486
50313
49206
46014
45907
47799
52706
45576
45528
51265
64099
45142
51785
47402
50909
55237
49489
54376
46118
45801
53935
45338
45085
49834
53196
51650
55823
47479
50151
44879
52441
48512
49733
53665
51176
47821
47469
54548
53982
54640
51158
44601
48844
51753
51230
47363
52048
54216
42057
50965
53022
49805
42703
49560
48319
53780
47673
46950
51934
51827
62190
41532
49404
47159
46456
49284
45992
52280
63595
53045
51655
49822
49979
47167
52900
53827
45253
57624
50470
52451
47894
43676
48757
49629
53429
51923
55285
48589
47265
48647
46848
50699
52986
56397
48175
42423
56413
65328
49220
50962
49114
46873
51108
48524
49669
45905
49809
52536
49473
50061
49578
50169
49055
44643
52957
51848
57739
50211
46893
51970
48165
53704
42769
49370
50857
47613
52313
54814
52036
51336
53778
48403
54849
54231
49480
44584
56910
45595
48582
53767
50365
49473
47547
51222
48707
49513
48309
54058
62529
60296
53496
51623
52981
51503
49286
46787
51252
44422
48474
58459
62670
46516
47098
53444
47393
48903
55264
51638
54379
52903
44575
47155
54314
44132
48091
57032
47995
51277
50144
46381
59511
54434
52532
47773
45101
50819
47771
49124
54942
47850
50463
49748
51564
60652
47287
54598
61967
53547
48291
49493
55970
56897
43530
53928
47184
52690
59139
55397
48895
53941
47954
57368
52207
47247
49791
49674
58225
47124
41740
46856
46786
60270
47931
57144
54144
43560
53285
61358
53628
49261
52331
55964
49189
53094
49002
45267
58247
50816
48647
44701
43607
54479
51486
57039
48527
45027
49104
54859
52405
50578
51006
56603
44390
56267
47452
52261
55879
46011
49249
49308
48794
57315
48850
52441
48852
41228
56328
48022
50882
55391
57824
44505
50781
48725
58473
50465
54731
47890
53343
49315
47983
48465
46725
46761
47229
49447
45770
47008
53861
52202
53659
45695
47704
55329
49392
50129
51265
55203
47499
56783
48756
48573
53132
48637
52917
56622
45847
47290
49234
55100
55919
56597
53782
54955
49702
50116
44979
46154
46726
55533
57538
44469
47323
47732
46208
49251
44696
50875
50124
49051
46328
45616
53472
46250
46611
50069
55485
44844
47015
50053
45925
50257
49207
48404
52831
56867
59669
62655
58718
53602
41783
62520
51803
51669
58398
47824
48128
48307
53357
48907
52751
55911
51959
49519
49023
52467
44703
61091
69415
55981
44547
50493
51721
43213
53803
43884
46812
58222
51034
43326
49702
61984
48151
49859
50435
50716
51412
46399
57121
50182
45291
54968
44164
51747
50240
49199
48003
48217
52256
46862
48754
47423
53389
51053
46406
50488
53933
50063
43304
48262
46068
52120
43722
49596
53498
60040
50212
47293
44509
54343
54739
51691
45967
48530
44077
53852
46177
49784
45904
50258
50419
52452
52344
51647
47893
45403
51376
51816
50229
53774
48694
52480
50999
47710
59924
56232
50389
46465
48785
52523
48963
53156
47588
53449
49009
47683
54417
53273
48455
47089
52363
46247
48183
54110
52172
44355
47964
49543
44533
50040
49775
52168
47771
46095
49374
48268
58646
50174
48475
53080
50455
50820
49051
54291
57270
50088
49459
45659
44651
63346
47320
48482
50973
48735
57916
47905
53670
49737
50001
55385
52742
54622
47269
60056
48420
46741
45897
43514
49771
49412
56399
49976
46889
48988
51171
54447
44224
45411
49913
42300
47180
53181
44505
52850
51775
56699
46619
42092
53113
58498
57260
45983
45209
51551
51866
52924
54625
50372
54651
51328
60020
48551
44612
54351
48514
55496
49176
58570
57914
49499
51557
50703
48481
48654
55525
54383
48477
53659
50377
57250
49043
45766
47627
52556
59804
63306
61918
64062
65916
62034
65064664
