123094
151521
123778
129069
99595
107957
81015
103097
92011
105913
95504
101749
111185
98114
91886
119495
95716
90590
95406
100745
115734
126215
93044
113859
91488
127215
116912
100610
115825
113219
81140
115931
105001
94144
135629
100661
122662
105607
113309
94790
94619
106564
95492
122994
134306
120516
112003
104616
109873
93977
123809
113187
109188
106689
94033
113350
113405
111621
108174
106220
101222
88451
113679
112378
116363
101874
91822
88688
118774
93782
108967
97967
100546
97341
113982
101988
138575
100059
97540
93116
119728
126087
103860
110563
158175
106092
115879
85610
119863
101757
126139
100767
110814
83886
121537
117670
105990
108859
113131
103226
105834
115591
105031
135344
101687
116235
102732
84294
141054
111728
84064
110805
116185
117720
107720
110099
118931
109582
114338
116160
87939
85115
108141
104602
110084
85715
108668
99629
129670
102166
124574
113094
105835
114329
87970
107203
114308
92254
112057
103304
129536
79035
108316
102265
103046
135822
101981
99828
91658
111179
92694
92392
94411
109120
116320
92939
115939
106482
135385
101952
104220
111592
125073
110676
117257
109528
121404
107157
146694
128397
89489
122564
73644
94820
98774
111838
103648
103364
119587
112621
114113
92483
110231
98118
99935
101412
109821
96514
77863
94118
103922
117455
107601
118356
100348
95712
111330
100166
116654
122740
106474
108440
112339
100088
109327
94143
81705
124803
88096
108477
88614
111094
114050
106386
121174
104709
111371
116551
89760
120241
125494
84645
87799
140062
116546
93588
79181
126823
114674
107242
72548
112670
107337
114742
118832
110917
124531
129525
105017
107125
111948
109024
107487
134674
79948
100203
117317
102036
105728
95147
96271
121358
94018
102125
132362
119335
111421
93617
93910
115781
104836
135141
108316
105515
94227
87043
94232
98771
111896
82897
108854
112687
122568
119132
96918
109141
110313
91064
98996
105069
93060
102031
90058
112378
111547
112416
93301
78707
118319
86567
137276
109282
116706
118330
103869
89195
133210
107060
127764
110083
96338
91908
100808
132770
81358
140608
90228
157695
104437
105410
108632
108556
107735
100022
100275
92029
106968
50634
57009
65817
34244010
