112558
118001
90363
101218
106098
132351
106233
111125
109294
107895
103855
129917
94022
106261
110422
97023
135220
90926
138296
125061
91561
105516
130555
94481
99314
124257
102901
97468
118646
122608
131838
113351
86212
94915
104774
89476
82319
94074
133960
94514
108560
101564
111499
100835
133913
129157
86509
94490
109605
114059
98383
108218
99682
116107
117253
113572
103749
100288
117112
114109
110837
120063
110142
115443
99649
83708
96641
96827
117227
134686
138468
127723
100045
107458
101782
96921
85936
88473
106258
126692
117382
112798
95714
110293
113852
119463
105700
105411
100010
136625
119568
98009
101332
113400
101648
90971
100013
132585
121019
114972
106358
121349
110131
108952
94075
107116
93237
106412
93191
108037
115693
113523
96056
98660
107185
109867
113141
74180
88988
103173
89471
113436
96066
111116
121281
128637
116369
119805
96126
107444
91192
109079
120831
94712
74267
109037
104937
141589
110964
101755
83700
99538
102404
79248
116807
95331
103224
118406
95705
120053
125278
108344
100438
82077
117397
98344
125164
109289
99647
100977
98827
109291
116189
82828
91926
95909
126659
118037
110178
92366
96001
83438
90619
92211
100165
115553
118593
129083
78789
116422
93973
110231
95709
113470
112057
104049
102658
126089
109327
108996
119942
120242
97921
91341
97438
83773
101692
93210
117480
136984
88572
137820
113913
91864
120202
101110
113860
94541
103788
97271
117769
123157
96618
107633
110802
97524
98028
99636
116791
121651
83910
113389
83898
70251
110294
107249
88545
127898
115497
102279
94640
111682
105031
99321
94208
108509
89428
118964
107513
111462
90331
118891
102944
83782
104125
108977
133964
106609
81222
103849
116679
105622
112396
111264
97719
98013
107432
91758
117766
105983
108987
104335
113994
121556
101066
120434
114160
125279
121798
115497
92670
108816
117935
119752
131967
92873
134458
105110
121290
102099
100872
109615
91646
106867
104291
122341
105792
81465
94476
114296
101646
83300
111102
91162
113898
89927
110085
119381
121067
78716
109715
99382
97629
100973
142712
93942
89591
101032
108171
81787
124207
92307
97299
105506
143786
101079
120470
86944
108469
68456
34097084
