130682
126768
104458
109901
102340
103962
105355
147829
89345
81884
106232
95315
94757
76923
105759
98247
122356
99000
107282
100397
100984
117974
95509
117287
99948
90677
126599
99332
94683
103162
113758
106982
103541
113081
109725
103652
119844
100448
105511
91218
112371
89366
99578
91750
109540
123812
115863
100878
100481
121348
96357
112578
122300
131322
112649
106664
130790
119605
94795
121474
99795
136398
101207
108036
86616
132108
92084
111673
101190
100014
117245
110485
83248
125038
96439
95628
103149
108352
131887
100232
110370
112767
92062
118132
122101
132259
82258
114677
95447
100328
113302
92140
94572
85123
97634
104611
106199
117192
96955
119920
102707
103994
112033
103884
107980
108129
108506
86949
102885
95365
102621
85252
112007
88756
101296
108779
111625
132006
115563
109042
109911
104229
109298
107680
111537
140152
105357
90594
104106
119823
116079
120155
131329
122585
107722
119471
116552
109709
107815
110072
126626
121202
113167
112436
116270
115759
119389
91285
119968
103134
89103
97419
108597
102103
112109
96565
104747
128130
94376
102884
105980
120277
126009
109401
106666
89276
114608
84854
122981
103106
109474
101141
104199
95421
99486
91292
91588
100125
96593
85078
116944
112284
95670
96665
108337
97901
114410
105889
131799
83553
137029
102946
113017
96871
111445
118192
93098
101954
107137
118683
100829
116907
97277
81589
115748
95982
110244
116377
110360
107566
100912
122283
105262
116495
133967
135293
96888
109732
95933
108871
121891
102008
94276
116479
88894
102484
104222
97468
108048
111564
102470
116242
91572
103923
85343
115220
94534
109692
132851
128588
90994
97296
120771
153284
87540
108320
113502
97238
101043
107992
99210
103776
104285
114954
108625
106244
96965
98884
96847
91256
110949
106746
121754
98259
82767
107402
106896
98932
113394
78357
118710
117717
105717
102529
108250
107999
94182
81139
107371
89275
109365
121728
122706
100575
91438
110552
124666
103157
103881
93311
114039
133777
85060
111218
109685
105283
137071
87003
97167
129558
102985
109496
118077
79505
112751
93726
107107
100834
91431
94945
104609
107419
129058
108515
107105
108158
107604
90187
63732
114178
34151621
