148037
125275
108905
112680
102866
89123
95880
103056
86525
114838
109790
92287
125140
129975
125968
92599
108602
85798
98444
93097
111796
96073
117157
104788
82947
107251
116560
89498
99933
106633
120727
88472
90726
94487
103483
117260
86956
84432
112237
127797
110502
102854
107143
115762
130928
97278
85666
97583
107410
83548
118178
109024
108110
86510
111555
124416
102224
87909
109384
119279
80670
103558
108487
113756
99316
109022
98883
117374
100343
110753
109682
123124
118357
91936
116739
83176
135054
144576
99364
99253
123315
130047
83789
113565
84052
96739
89449
112380
89825
96464
87219
88082
90459
105661
95842
75477
85577
108586
100111
73393
120921
112652
96946
129160
142826
100876
109301
103465
111330
95170
79864
108857
106240
111288
124679
108551
109904
109801
114350
121860
98045
115251
113501
95652
88284
112487
88781
106849
107128
109976
100030
100966
97186
111207
83268
93910
93225
109246
122680
98951
109559
122449
106128
88935
108662
89103
100264
102613
87332
114469
115512
108949
92878
106062
125448
97274
114588
103037
120047
100148
104810
92975
108957
100181
86643
111113
105469
90178
130606
102087
84110
128769
112983
98759
113237
93316
100457
82854
161664
116167
110608
109549
105871
120355
97358
110354
128904
122772
78294
81868
116562
138727
115729
142637
119315
88318
112870
116125
109313
112460
114195
106974
116854
99625
103869
87773
91549
105453
110947
100393
92251
88157
94065
112732
100480
79735
81371
108152
82044
107846
120884
133735
98436
116431
120937
106442
117289
103870
68858
88567
101854
90072
103224
96633
112237
117470
107587
111541
114228
114244
101722
107538
118127
91957
93606
90301
98529
104290
96423
109687
108459
116698
108897
92248
102120
100000
96570
105767
102544
108809
127327
125669
82507
101664
110325
84975
92491
109542
107261
98614
112115
125820
101675
79715
101434
89416
88663
89862
135697
116402
93864
109981
90821
105147
116325
97770
100227
79997
99038
104462
110328
89730
115549
96425
101810
127868
129784
112031
86013
114967
114951
85623
120323
106379
94798
135272
119593
131745
110495
104003
122010
91996
83958
96236
99531
98112
154693
102474
122793
89242
33689095
