55113
49497
51894
46468
43485
49335
48353
52447
44313
48913
48950
56490
45483
51934
47014
55246
44195
51674
59521
55769
49392
43386
54444
52578
46357
57705
49117
47234
45450
45379
68135
54562
51658
47947
48854
50196
51119
52062
44480
53495
44699
55834
50834
53280
52597
48591
46393
47849
47306
54822
53641
49154
51576
52749
55077
52703
46490
59232
45079
53722
46384
58449
48446
52775
48787
40221
51483
50332
49905
57158
54580
52719
45523
59563
42492
51154
49892
50184
53697
54906
52755
52568
50761
46744
51812
50767
50793
59447
53560
54036
61869
50734
47869
47838
47180
47610
48987
47460
46496
46613
51752
52924
50892
57111
51946
45181
50231
42071
53921
49754
47074
48698
50550
52117
48527
42470
53559
49238
53585
42053
53505
51352
49846
54504
48702
50776
51165
50426
48262
46151
48201
54730
49698
50217
54387
46717
52594
51280
55843
51381
65459
47361
52052
50640
46287
54346
45116
52767
55699
49525
50504
48404
48394
50769
49070
60956
42296
50108
47664
50392
51318
49029
54888
48451
53005
48731
50341
58896
54273
53278
48183
46561
51915
45988
46471
57800
50993
53167
58531
46134
51439
51602
62056
52139
49895
48335
55670
51107
51180
46116
54076
50975
44758
52402
52879
45593
44473
53496
53176
52738
51874
50778
50906
48797
55992
46117
54479
51665
56315
49543
45153
51897
50702
48308
53073
54088
48753
50246
47293
47773
55284
50298
44037
49789
55678
52387
46650
48594
53926
52620
59279
52329
46401
46244
50163
49889
56475
51778
51223
48396
51820
47648
51096
48740
50280
46162
55137
49393
50338
48106
48255
55054
49531
53987
47395
47289
45123
50334
54901
45925
46674
46854
47194
50919
52408
50126
61868
48088
53253
47656
48055
46504
53980
53517
42778
43784
58469
61715
56115
48766
53732
54618
49371
48593
53230
53622
51736
47037
47245
49017
47109
50245
43555
50753
53670
55309
52715
49351
46525
48261
50628
58068
57314
40747
48221
54754
55797
47752
60219
46893
50194
52614
49245
48162
61963
52823
55170
51588
50116
51880
47695
52433
52176
47237
59531
47199
47858
46466
49803
56722
43407
48840
54741
49716
47535
49782
46705
48864
47639
48350
58240
53944
49699
50842
50447
45701
55487
46354
54931
47990
53100
55105
49284
44362
47819
47752
51636
51840
46887
50856
48482
49336
54885
46462
49297
51300
54258
54717
51526
48526
49631
54137
44576
48980
47389
45383
46856
56025
50099
56125
51314
56911
51860
53264
47925
52285
54521
49739
38889
52422
42062
46597
42961
45649
55806
43153
50315
49362
49608
47813
49625
51699
53812
52977
51062
45840
50662
56123
47016
50239
46746
46120
48615
51224
56853
58374
55941
65734
54208
49203
54668
55928
46070
43187
53440
53497
46161
54103
49724
59021
44781
45771
51982
51407
48750
51244
52057
42092
47773
50503
50226
50649
56512
73009
51452
61571
54059
45320
48563
49199
43977
50687
47785
51812
56222
48867
45063
47055
52730
50509
47960
47430
46673
50925
46870
44727
54355
57803
49973
50664
49740
50068
45269
46762
49418
52029
52865
49311
46581
50783
55441
54423
46918
50455
51257
53521
46032
50086
46795
52006
66401
47313
45373
48687
48389
45709
58872
53128
56764
46970
45391
62123
57055
50247
49032
56386
47962
56191
52535
51667
56707
50349
51586
49799
47257
51463
52661
46720
45180
51089
47175
44857
49754
43547
49576
53360
51767
47848
51951
50405
53282
53297
52593
46167
49077
50638
48043
51920
52482
59025
45378
50614
50380
46385
45403
49424
50278
50677
51310
51917
45629
48074
48799
54840
45300
47147
46653
52891
52252
48191
50757
47379
52530
47472
42987
49255
53959
56617
54756
48733
46219
48798
45467
56479
57163
53882
49223
49049
51346
53271
48012
52873
52644
49509
55761
47612
47055
45515
47901
46483
46773
44918
54405
47957
54815
53370
50092
50884
51245
42048
52885
48756
53527
54768
47527
54520
45402
56670
49694
45212
54221
55256
47258
49592
53286
47816
50422
60888
45076
48531
52573
46822
48906
50210
52589
47683
55057
61005
53781
49308
50443
48431
45851
47462
54638
53589
53998
46872
46294
55918
43937
48682
45859
52635
56858
50078
47024
55279
52099
52774
48212
51685
51072
51844
55603
46557
57365
42850
52504
54093
46161
54372
48550
52815
48731
51556
50955
47667
51230
48971
51065
57243
50245
47837
49461
44831
52300
47067
53408
49797
44300
55350
56468
48425
49586
49612
52663
46529
53734
52501
47135
50618
47048
52532
47553
44683
52687
48374
52959
48799
44895
53555
46024
50135
50598
50947
47783
45003
55516
50542
48381
56715
46619
49939
50657
48136
53748
52515
58026
49125
52713
50594
49299
49250
56392
56578
50461
47234
49152
50478
54675
47939
41621
55591
43725
49467
61468
44505
48695
45210
48069
45974
55069
50850
50410
50089
49378
43636
53808
58161
55427
54134
47452
48531
50308
50362
45839
52273
57418
56384
60635
55457
46433
53279
47234
55534
56839
51006
49800
52125
47834
55859
53989
53491
50714
48773
43810
55684
53539
53713
60908
51971
46260
55102
56621
59178
50842
54030
57482
55497
53172
51859
48147
48752
50941
41690
52579
52817
58601
55266
49188
51246
55666
54496
48727
43392
46781
56444
57114
51266
55150
48017
50802
46185
47209
54991
46789
49996
48357
55769
48183
50247
50007
43233
45490
59879
50663
58627
54107
45960
51078
45661
50741
46063
51571
49229
48899
52774
52471
46620
53813
47574
51250
53396
49862
51478
43563
54837
50338
49396
48546
44624
45776
58689
54659
48567
49259
48660
44641
45279
53100
47834
48142
45027
47410
48957
48113
47615
51317
49569
48673
45164
59974
54339
41837
52092
52070
53167
42718
55025
54386
47743
53898
48791
49929
54086
51536
49344
50958
49133
56495
50493
52929
49457
46203
51181
45297
46592
53029
49205
49343
50400
53003
52131
44405
51862
49277
48842
53803
47324
59765
43464
55063
46830
47108
49760
49840
46971
57465
49516
46426
53473
50937
54479
47024
50933
62148
54782
45561
52393
51655
45983
52750
50519
59733
49565
54983
65947
50195
53866
52065
49831
52894
53163
49170
43754
58656
51215
59603
52299
44165
51286
42193
52280
57568
50375
54147
46269
49337
43910
48944
55160
44983
48985
53707
50313
49658
46458
53491
51136
44065
47676
52774
44745
47537
55615
46043
47034
54195
54377
48467
56872
47051
50071
54771
46714
53748
49301
50997
49457
43301
44437
47441
44636
49140
48491
51388
45809
49041
49244
45441
46560
48576
48830
50464
47049
45827
47273
45996
53685
54070
43903
54443
42540
58353
47012
47728
51961
59989
54320
43152
46636
54532
45793
48693
54602
54339
63296
55815
51478
47676
54141
50447
48764
48906
45868
55264
50157
48421
55417
51349
51353
45990
47746
50623
50589
49682
51078
44815
55858
56452
52086
46953
44890
49263
47832
46283
52228
47831
56445
49902
48346
52049
45456
49037
50798
46548
51496
47898
54585
56409
46681
47980
51784
49953
48110
52729
50749
49960
55635
45649
54476
59114
46702
45333
47147
50822
47420
52908
51676
52810
47317
49186
50720
48821
46645
59522
48712
49937
49662
54776
50578
53528
54486
57044
53847
51698
47118
53075
47643
44673
48244
52659
50309
49685
43932
45714
47374
49870
51214
52993
55255
56411
51124
51208
44078
53035
50496
59991
60801
52422
45976
45753
51517
53995
48786
48363
48108
52714
49646
55348
45232
45320
48400
62844
51615
45299
47415
53424
47631
46674
48936
51106
44960
43866
55648
50845
53504
53883
41163
52839
49724
56167
61706
54748
49812
48998
50100
49281
50996
55757
43883
50612
49706
50745
46925
48430
48878
48796
45437
42451
51399
49756
48040
48043
46897
50426
43138
53922
47189
57543
47804
47074
53049
47157
51637
49079
53092
48711
50696
47490
46710
50391
55066
56033
49903
51124
49151
50280
49903
54781
51406
46815
56957
48392
52574
52110
48981
47115
53860
50961
48180
51606
48156
51474
50664
57285
44710
45534
48178
52198
53653
50319
43949
46293
46258
54060
50049
46509
46719
47578
49146
47245
55276
61326
54246
48227
53918
50477
46307
49676
49452
41461
50394
51918
59174
48316
52070
47445
48977
53401
50015
52344
52127
44271
54238
50477
51752
43206
47226
48586
53828
46454
58523
43059
51527
46167
49909
57509
51001
64736930
