100043
111178
89081
107083
82803
110286
92887
116057
94216
128901
129817
104205
134529
90746
84535
108262
128185
108409
104722
130745
123491
112453
106433
115285
120121
119178
75730
115063
89573
100948
96490
111249
108473
97851
112826
108772
103341
111354
97201
114415
98129
100334
120200
111089
104936
95077
91837
125250
116283
103736
137041
112411
129334
104137
99167
95383
98784
115021
76840
120458
109277
117402
128305
117737
100358
140196
105400
80625
89805
117061
110217
99537
120512
96553
103169
113008
92050
84475
107494
82370
88722
93851
110632
120713
105835
100589
123274
106534
84797
113632
164545
140608
123773
106375
101698
137028
99117
100483
86222
101155
106084
101690
101130
97826
89829
123363
91408
102200
89329
139291
117055
119995
81296
110653
115974
94137
99745
110858
105235
111735
95157
75475
95220
93796
136455
129683
109321
140268
89692
100597
96047
129940
86392
86766
114972
103716
104849
134256
104616
85431
107477
104362
120352
100791
111133
102282
100239
101008
116741
126840
101272
90320
115467
121957
138651
110631
114409
110760
101207
81967
102379
103985
88894
106265
104370
108719
106642
89594
125541
102288
98422
105222
91345
112178
100627
78700
107049
111704
83077
88711
123198
107000
137257
131731
106150
100563
124473
88584
107591
107480
108993
122268
76910
98763
108107
123442
107230
115619
92318
99239
102431
118082
115797
85854
105606
107686
101740
130120
126596
104340
110058
109679
115350
110932
98345
111244
99672
102992
108687
88772
114835
100999
118860
155628
91894
91518
121320
99325
117025
110227
117440
79235
114095
102666
106876
109988
116865
87513
90922
117899
103052
99958
95830
106421
125865
95229
79791
97051
103377
117674
86447
86577
88233
114862
129840
106530
104561
119847
92252
144655
82356
130946
96935
101721
101170
113890
91852
99423
127606
132421
109338
104039
88950
121957
106439
119330
94747
85802
105690
97943
84885
87203
82311
109914
90565
105713
90409
129271
127606
78105
95021
82657
109142
96727
107093
94686
91724
112243
107482
119846
83614
98742
87134
131322
111370
121473
99516
119803
118209
95682
116146
98886
129840
101741
88450
109090
109100
105300
85220
99768
34022223
