56730
54057
47434
47296
50955
45074
47726
45802
45699
55068
50176
51390
48281
51116
48382
43390
54284
48081
44716
55338
53293
44949
49116
49253
56030
49177
49401
48584
45177
47871
48282
58170
49269
50726
59749
47260
44187
49365
52614
47354
47292
49225
52317
51045
48038
55818
51285
43205
47092
51539
49024
52723
56476
51120
42255
50219
45709
46847
47542
51415
54306
50416
44929
53768
50529
42583
52186
45818
61041
56660
51657
50088
50530
51714
48721
49892
44047
49621
44556
51780
59825
59492
58988
47430
49200
51987
44910
43983
44444
48273
50736
55473
48453
45102
55523
54371
43762
53200
53269
45383
46438
55780
51392
51791
47895
51554
50825
50976
48499
53777
50224
58419
48593
51441
51169
54653
52379
46346
51203
60444
44973
58517
49461
51573
52328
50907
47537
50995
55283
46511
48964
48141
49383
51494
47985
55066
52129
46052
52400
48162
52981
51214
50257
54640
44997
53248
43789
56403
47242
50095
50630
47561
45585
52608
43012
51580
47080
49779
56169
48289
57184
46841
50747
51290
52769
52755
51337
54983
44704
54314
58975
52890
55962
50589
53151
46405
48765
48939
52527
42409
59362
57771
47426
47865
59684
56944
44607
49023
51354
44950
46472
54065
50952
47349
54656
46045
43233
57737
45236
52041
50584
47160
57256
50746
49966
49690
44936
50244
45553
48763
51644
46911
51058
48380
61189
45739
50252
62946
46897
49829
46373
49626
47275
50427
50323
47626
50689
59212
60706
50495
43096
48128
53423
57878
55193
49910
46683
55569
45270
52915
55921
58632
49911
50623
48667
44193
53535
55896
52545
49829
44123
53260
52146
54596
48468
47546
50921
47113
54475
58990
57055
50223
55560
55242
47735
49305
52859
45689
44608
52361
46021
53501
52278
51934
52672
57234
46014
46048
55117
49223
50366
50060
63256
51794
42831
53925
47157
49649
48265
48261
53033
53849
49149
44866
43978
48974
47211
50738
47518
50380
45886
45541
44524
56161
50380
50430
49782
55213
54154
53839
48902
51104
48802
58493
47311
53985
57314
54258
52513
51296
46524
51475
49117
54010
48504
44262
46499
53270
47791
50202
49245
48611
55404
49565
51483
49682
57964
52077
48837
45377
52056
51335
55084
49797
51886
51533
45978
53662
54213
51418
50028
54249
46957
53360
47756
41570
48734
51961
55184
52724
54509
52058
51535
45481
44426
56855
56500
55076
50704
51014
49984
51638
49173
48492
51848
47890
49950
52746
51085
51938
49944
52843
51856
46998
53543
52552
47824
44896
57426
46438
48191
44284
48869
50340
48453
47149
45946
46412
42694
54301
46454
55576
45399
44053
53147
53848
47659
52750
41143
51676
50778
59039
47755
55122
48857
48304
47620
49265
57438
53582
48749
48328
54896
49572
58535
51369
52347
47128
51697
52935
66059
55202
54407
44863
47627
55989
57250
47804
54345
49725
47860
48132
56356
48468
51508
65762
51174
46803
54517
52502
47540
45774
48912
46020
54479
64123
47877
52515
52694
46443
42801
48416
47223
52693
43220
50274
45666
45905
50930
52600
54975
48301
47462
54546
44869
50748
53083
53443
48645
46765
47822
46377
58642
49110
47873
59016
48822
48270
49153
50836
53359
56357
78934
47878
49233
47505
45251
55705
50491
43270
58203
48910
56965
43307
65442
43419
46808
54248
50013
55541
47785
54566
43941
51452
46950
54941
50586
52980
51090
47605
48005
44944
52390
50564
48487
43508
50956
49649
56349
48053
50389
58421
59576
51193
51079
54141
49610
54840
51381
47681
61062
46042
49348
58114
52454
52710
51154
42879
52967
46138
51088
49133
51052
51318
55026
48989
55906
47535
44115
46269
44427
49340
52281
48006
49873
50197
52117
43307
48689
52499
51003
54517
47291
53094
50506
47611
55558
50084
47914
53334
47080
50185
45657
50800
46104
50067
47270
47455
46152
54152
48519
59226
53482
54024
55213
47933
50665
52381
56418
45725
52242
54317
44965
50656
59675
48277
58877
43257
54512
49724
53919
48387
54661
58882
49521
51803
42880
45711
50924
48064
51221
51873
49706
54424
53048
48506
49018
46779
45885
50660
55033
50179
48371
49673
51301
55308
44559
50431
55350
52474
51737
46453
44485
45435
48036
49019
48367
47815
52078
55173
56023
49220
50544
42735
67685
52116
53844
50683
47121
48626
50555
53496
53374
54172
46553
54179
48206
56110
47790
50772
51099
51544
56168
44390
47814
58290
51179
45352
47099
49460
47655
50221
57309
51428
46115
48987
42306
48469
52080
53604
45315
52298
48187
48705
41678
57068
45821
51005
50848
50130
47271
46152
47416
47780
48463
44204
53871
48001
46839
48597
48745
51910
43622
61440
55003
52964
47097
54775
44291
42272
54006
52029
55529
50258
48646
51373
45524
49507
45611
55049
46419
47287
47997
46407
49990
51969
44852
48368
46697
54330
49010
47153
45546
50640
49446
56525
47578
51536
47466
51328
48273
51635
52538
48383
43638
55715
47443
52432
46142
54560
56864
49685
52148
49403
58147
60411
50940
49191
53359
47319
55013
52569
49700
54089
46833
52162
53925
52337
47358
50502
59104
47426
62207
56601
47224
53917
48613
46901
48655
47226
46169
49805
51557
48814
49372
47487
51401
48038
50016
49170
47370
52967
56206
46488
55075
54822
49443
51564
50107
53908
46257
59996
49543
48538
55919
50120
51573
50146
43398
49916
44805
46877
44783
47904
49762
46722
49637
44924
44328
54849
49385
45883
55027
51073
46650
49484
50964
52523
54183
48008
47302
49999
50509
54584
48917
49259
45763
48982
50419
50183
45812
51649
51733
50671
53179
44226
44591
51143
50935
49514
51021
48843
54208
48300
49729
57209
44229
48946
46601
42952
50510
44345
50081
55081
45261
52196
60450
64631
47191
53266
46098
54404
49294
50802
55795
61351
55183
45411
49579
46223
51271
61165
53790
48238
47994
45846
43311
47010
49650
47257
47665
49387
51499
51401
49155
53267
45990
58109
45035
45556
52704
50527
48317
50334
59427
45515
47949
55929
49025
51805
54155
50539
47131
53062
50612
49943
54952
47698
58212
52489
52732
50975
50781
54263
50021
50430
51327
57334
49138
48763
48343
47428
47175
51471
56525
52960
44781
49238
52825
54130
53497
46628
46793
52983
48451
51379
56947
46884
56398
56129
47784
48553
45781
47992
49965
45674
57387
54073
53643
44004
48374
50190
53194
49724
49807
47880
44311
46200
53720
58181
47889
44963
48798
54260
43616
65960
46682
49742
57327
48119
61458
58096
51254
46471
45698
52298
51622
51368
49306
43655
47622
50921
46381
48965
47573
54016
45878
45608
49401
44593
51118
48867
53817
49819
49841
50748
52051
50777
55240
45179
46885
50920
54438
49887
44551
49728
51189
49678
45720
53548
51809
48578
53177
51693
46498
51715
53211
46947
47954
43776
50036
54516
50706
50614
50661
58042
48504
45188
47748
48638
51554
52988
59144
51296
56381
44414
47280
47391
52448
46687
53096
49195
51892
49356
43417
45901
48123
50026
45429
57357
49301
47072
48400
59845
52281
50667
51417
44599
51667
49117
48569
51263
51680
56449
59467
61852
54582
48495
50345
53982
46396
51794
43586
51544
52082
52478
45931
54123
46920
51881
55003
51597
54370
45091
49843
50402
47399
50782
45510
55214
50518
42271
51561
47747
54340
51072
47979
48062
49495
54488
56421
56056
44241
56924
53288
51372
47040
52588
49327
46690
57098
54639
51335
54378
48330
45974
49689
54068
48940
52362
46638
49646
42772
48432
47312
46200
49994
44232
57171
58134
48521
51319
47192
48827
54351
45970
48789
43845
59557
49934
52049
53779
44022
51919
44875
48115
49487
49038
45386
53006
48156
52764
49207
56220
49251
48664
49531
48695
48778
47477
48251
48937
52042
48220
42865
43433
50105
50617
49307
61496
52956
49101
45564
52441
51936
45365
51596
55951
45032
45621
51046
49549
50938
47786
47634
49947
45490
63611
55234
55339
47244
46679
46458
49127
52498
54302
51081
50714
51001
47815
52374
62476
51397
47141
55209
51093
52624
49515
47600
51419
54093
45951
45487
53840
50576
49650
52789
47655
55133
45993
56665
48172
45339
52165
54795
46627
57096
57496
48109
46282
56097
51997
46983
47421
46348
46299
51652
44155
49773
50019
48060
49588
44110
49411
47544
52924
45392
54025
50116
59999
51253
45843
46745
48623
47975
44408
57740
44845
48950
47507
64605867
