145121
95489
93207
97430
108354
104549
103952
129934
107542
111631
124747
93854
107903
126340
114326
94811
117987
112663
93681
113217
114130
86197
90870
109196
106696
110863
106387
122684
105974
112069
130238
81745
131602
91826
110788
107497
113271
80264
86634
101033
105813
121696
109118
93009
101443
102384
111303
101522
118030
118694
93026
83410
101965
111664
98720
125150
105672
102163
92288
142373
110308
105384
104881
109986
114102
103793
102437
128178
102674
91763
112622
104590
125746
101841
98761
104495
127105
112873
125003
129093
80888
84976
109188
147785
105312
114906
88245
108625
100165
83425
123514
112009
110158
89548
110591
122735
115405
105204
123125
147362
99658
122058
100761
96142
73318
94021
123033
105837
140518
122234
91823
119584
151691
80017
116067
102531
121540
104961
96630
117202
99953
112164
90885
113778
77228
109687
81146
102214
99652
79468
116281
105523
111824
97290
87469
100143
89852
85886
89825
99613
109161
95430
117310
114288
96138
84728
99744
117480
103582
98348
125687
111545
113963
133296
88360
98874
79532
108857
108597
108462
93266
81089
96361
94004
109242
93256
108049
102702
114325
111973
94793
117853
114105
103584
101963
92683
88258
94728
96014
110849
103583
117254
100055
94057
106560
107544
97902
95511
100435
89028
120442
123309
87378
94949
99398
99281
149338
104495
136175
104717
83759
112828
99153
87131
117409
114651
108636
83112
107918
140855
96574
114807
103019
107194
107038
110527
97543
112785
96590
106248
84817
124018
89016
107694
86018
156302
107201
109854
110606
95032
136183
95139
93710
91554
98592
108994
116345
95010
126621
126822
85849
98244
129445
93442
100510
107792
106776
109909
99282
119501
120072
105967
122661
109592
104539
95293
95592
90269
105466
112870
103370
113154
116271
103500
110670
103552
113503
100691
86647
114023
88913
145251
102056
88429
118760
129306
112623
127307
125326
123183
110715
108416
101862
115334
115336
78893
122118
116137
94710
94728
124003
100316
95601
109496
126626
96933
144335
89283
94995
89230
138649
97925
110332
86808
122714
91538
104227
100841
93557
104809
88129
102386
129229
135574
139912
140228
92962
78330
76227
84619
34083317
