133998
99369
87123
131676
114819
119489
104698
123129
116567
104952
88422
141359
110704
101528
116837
129998
89722
107898
103342
103838
90452
100784
115208
99930
118501
125346
111369
118209
118633
97504
101692
110623
106997
129811
95929
104382
100119
112503
95218
122993
130120
130484
114484
66747
113253
127693
90941
87817
112462
92625
130135
105302
112222
96661
127566
106162
87971
144383
98297
112896
83510
106297
139066
87694
96933
97316
106625
106170
113600
109085
91295
108575
108740
110503
110959
125021
109158
127271
123759
98839
104882
121318
71025
88224
105819
96628
111060
111122
101949
99369
126573
120816
113994
115636
109648
101763
90254
100431
108730
102829
99886
97015
94565
138069
120700
164340
111788
118385
114761
127644
100345
97642
110564
108939
107323
108320
91063
94387
92313
134698
90166
114569
88486
104229
106283
99410
90516
111154
103974
131795
113514
99542
107644
92406
120079
100593
124149
125657
131138
122998
126530
95026
107099
86396
92584
97113
105420
106417
93553
105899
121628
127203
100217
116439
89247
108570
102977
96053
121124
103599
100019
105421
100639
125802
114395
97552
129356
131205
125968
100494
97650
131838
79823
108565
104811
104887
99411
111862
119017
109240
90141
104317
100665
110844
113778
103467
99437
101380
75645
103789
95574
85648
90885
102375
105658
104292
109511
88330
121412
103137
99876
114852
84794
103789
113109
98042
94145
91852
97535
87161
112268
111234
107911
117438
120143
134101
114699
114310
118584
102487
121291
103539
110198
94397
87673
97250
117706
109315
88397
112791
133843
88039
97949
85553
110701
100901
123979
103127
103354
89407
93472
87032
98814
112834
111297
103111
101620
106869
122808
115198
86653
111444
101600
113398
110093
124792
109349
106108
102317
129196
98713
109283
122139
84927
105751
116570
100573
100727
113398
142452
83575
129998
89726
114372
104456
113300
70553
101243
115641
98449
110052
95125
83400
130355
125961
106157
86938
102574
115165
107425
100454
110159
107058
111562
124480
77977
102636
97231
90693
108028
123603
122409
75496
119175
101592
101470
118125
101242
92974
109394
88571
88590
109581
98201
90240
94682
90143
117687
85828
52763
34135548
