114387
97377
115167
111411
127866
97837
99669
109046
126762
122650
105975
102166
97891
102395
108200
104329
101878
110431
85073
97510
91044
107873
109127
109580
112768
115806
113093
97069
94989
109404
96360
97503
89776
121679
113262
109971
112308
130837
101622
102147
120838
103901
104488
122192
130997
96116
93418
120457
101285
106264
122472
117280
136319
104208
88594
118824
107986
109928
86628
94923
114399
93565
104057
78335
107148
84714
133190
106851
103635
108686
113304
123173
132418
64997
95848
92266
98785
115417
93746
100732
110563
97862
110022
107858
93104
106538
113543
107159
102474
118616
128204
99360
103189
94767
107283
100832
119864
106444
94613
125007
101987
111197
110405
103163
78036
91569
149962
125822
102293
130104
104175
89487
114988
78518
107199
138433
111615
91791
127341
89701
112640
117448
94755
83708
93583
113475
106287
96558
123008
115937
90410
111043
105759
109441
107307
99826
91949
97653
90276
92102
114013
97557
101082
64990
116053
99379
111662
114446
100716
101012
90116
94876
106433
103523
76990
111517
112423
95335
128303
117566
105351
105357
114423
94622
116010
116575
100069
91463
104653
125649
118793
129107
80617
109981
110105
96774
118245
73503
112780
117940
108910
81482
108488
96407
85763
102746
135637
122215
99404
108505
103843
91914
113093
112285
119809
103994
113409
114843
104119
124593
111998
125778
89140
107710
101008
105872
87536
88599
107359
103101
104366
100503
99264
97687
102082
122035
88485
123808
98609
119258
106202
103792
85568
100038
96394
99886
108334
107360
117808
115902
119785
90113
121158
121260
98135
94528
106620
93658
99992
111073
114398
114154
103885
122310
97165
91060
102492
114863
88492
137265
98616
110040
100036
118729
98802
96204
99192
94447
97671
101439
92174
104624
93143
106473
100184
100190
102845
112563
97598
122019
123114
86720
99460
137007
113610
93128
116877
104847
122489
128335
126801
97341
91592
112518
91984
98190
120069
96242
125942
110474
104906
108540
87264
80279
125915
79377
126715
100595
92781
90153
79139
98169
90839
98307
112545
102738
89784
105963
102508
102599
111864
105570
99231
109724
115087
99525
110290
100643
89325
122432
33790767
