157547
122603
87957
104961
91690
83695
128350
105076
96845
103552
106378
107387
120804
116005
117454
114108
104214
116056
97821
105313
105013
116498
121954
127750
106892
111398
107311
114922
95436
110384
97389
99299
118131
109448
140440
90003
94743
111248
92948
82151
92619
121312
134244
100932
86676
109258
90219
110907
120093
120296
96641
115499
90956
120623
91826
114923
116552
103086
111938
122352
114378
81073
120043
116184
117964
79852
108984
95958
118078
95232
110429
104710
112929
111540
87297
119025
95354
101614
101482
100908
123410
101065
91040
107525
75660
102180
91507
100882
99997
90768
113949
95703
127320
107607
97312
117326
124705
100465
113179
104733
103916
84137
112819
98158
105321
123001
104595
113398
103694
129132
87029
124850
113793
102556
98677
93254
107532
80252
121014
90541
79977
116908
101305
96395
99145
112202
124329
110189
111301
102793
111658
110337
107476
80422
122235
97770
99002
104080
121778
94427
138474
101153
90891
103286
109657
89179
99025
112087
90419
129559
127547
117297
96922
95292
105753
120109
95837
73399
96066
113405
122184
113610
90497
109355
81856
117952
86671
108390
114653
127938
139104
111147
89133
92916
115000
128177
144519
104871
96624
127166
128607
95143
97849
99186
99228
114716
92004
112138
114658
95390
94756
102673
99744
97660
114792
111093
96631
95166
109521
113936
102073
100424
101427
94114
100093
107090
106762
118296
98247
115578
107221
121397
112696
103555
88571
105602
99471
81615
105913
107353
117335
118947
123579
94325
115049
110980
93765
92707
109938
114579
114973
87938
88238
95994
109698
96702
108455
125959
131382
115945
89663
118249
76267
107918
105126
105765
85253
104914
103233
97751
113420
93776
130680
92833
121764
110583
124522
90378
98527
115880
123069
105832
106036
98452
122029
108941
116408
112689
101014
122026
96153
110510
90128
92407
128279
96968
132038
97152
103965
106896
123082
101067
95150
110042
107773
114020
101717
109280
125669
90489
103384
107513
103997
129561
88725
96252
99730
104247
133780
97507
112254
113338
95253
93691
82686
123721
105199
88094
97441
121319
112455
140305
103921
123960
132160
111959
107835
111456
94162
76198
34096774
