57230
50494
51691
48902
59606
49677
49568
62380
50685
56214
49133
52556
48796
55936
57336
50527
57728
47431
56073
54890
47189
58912
52972
60253
57285
56276
49296
62677
55520
55213
54321
56812
52403
57735
56875
60497
66959
54422
58376
48589
53282
51722
48544
61131
54312
57317
52672
46731
62082
58723
58918
50521
52343
54082
55150
56486
52497
58410
51431
49144
52513
50445
56272
54799
49485
49447
53261
55312
59800
53479
52501
59312
54471
50755
48628
56296
62005
50561
55844
59252
55299
55575
58690
53109
53998
51766
51648
58997
50757
55495
47872
54743
55168
51446
60555
56093
53027
59827
55819
52631
50934
56415
49957
57263
56161
54277
54754
51148
52295
50623
49412
56131
54211
53595
50927
51372
55709
55724
51825
58753
50940
56940
60004
51298
57537
51595
56214
47517
53684
53834
62498
53511
58097
54961
55543
53709
55762
46173
53571
50006
56258
53123
63828
56131
59300
53238
51228
54408
57833
56817
54412
58630
48660
51569
54511
57928
60673
55068
62509
53247
58508
47783
63996
52422
58858
56561
48511
63927
53646
58538
48012
54615
55597
58391
55792
61819
62111
57624
56347
52144
50244
57387
59965
56177
51382
51943
52861
52355
50218
59369
60843
49570
52286
50671
56078
48843
52656
48544
51651
49773
56583
50123
56226
56835
56333
49823
55270
54789
58682
47195
53042
58972
50473
53043
52124
52431
62970
54027
53258
51820
64281
60413
56562
59011
55916
53367
55164
58529
54675
59480
49391
50292
49115
53516
52136
51087
60369
55904
55259
59278
56958
54482
60954
48346
55997
50907
56997
49178
47601
50035
59363
52251
53767
56819
59657
56589
54029
57321
58659
57474
55006
51031
56441
61694
47517
51790
53494
53830
51076
51496
49135
60997
60840
53991
63222
55756
53861
57053
58798
58811
45860
61001
52803
52966
49377
58471
49049
53164
49849
51641
54318
51423
49098
52808
56424
53346
55008
54878
54929
62859
60152
56139
52115
56614
62611
53165
52538
56450
52634
47852
52178
66101
57971
62207
55544
52055
50254
57798
57679
61819
56914
51726
66683
61142
59351
47414
51167
51953
48035
55225
52187
55177
56215
54579
59554
51787
49003
48743
57331
68503
63149
56292
59886
57840
52976
54045
56127
56583
49552
55388
55246
54639
62090
52351
52971
52477
52391
56286
51714
55567
58867
53794
57171
58438
50418
57008
51826
58768
54557
52870
65097
56334
54948
47516
56615
54371
52980
53374
49906
54593
48050
57541
52809
51939
50710
50267
52834
65063
61754
56028
59367
54832
58400
53035
58839
51617
50812
56364
56390
57974
52335
59349
47958
53482
49398
59526
61471
58708
53292
57674
52571
59560
57272
56875
55835
56316
51557
52135
50052
50828
59552
50774
52803
51383
58128
50863
50267
56785
49540
51169
53916
56677
55648
55544
50573
54371
49866
56436
53403
51441
51572
55122
49428
48709
49813
58523
55955
59909
54722
54076
62192
50117
58308
50745
51483
55380
46887
62814
46092
59356
48869
53603
53101
49928
54927
49230
50077
57714
56652
54183
52422
56025
50998
55127
58041
50522
52542
58653
53154
51316
53475
52165
57207
52990
52962
52689
50877
55107
56443
56145
56335
57093
51551
51046
51706
52674
63926
55413
56720
54991
52994
66943
57004
50949
52834
52936
58981
54613
52122
53484
53973
59825
57716
50052
62079
64830
65745
53661
55308
53530
64737
54165
57128
54882
52604
52550
51597
53664
51539
50937
48269
58609
60926
51422
57037
52126
49270
57441
53477
54096
53426
46673
60140
53008
53338
54934
60000
52607
57262
54516
57657
52305
68705
53630
57445
54049
56162
52374
47531
54786
52305
59325
56295
60609
53644
50017
49825
57662
64291
54640
50466
58495
53011
50827
47884
59154
65439
54958
52884
48566
54905
59104
50018
58960
53220
47964
52000
60659
53953
61965
56151
62918
52906
59486
62583
51347
55610
59616
58866
60956
61042
53357
51294
50555
54041
57562
53291
54173
54592
51670
48987
56635
51681
56884
53477
59657
56070
57903
53686
53759
55225
57292
63680
48369
54640
59738
57910
60462
57933
60962
54863
56823
49163
54087
51021
56072
52252
53977
51707
51738
51088
52944
54448
61917
49469
57467
59757
50278
50786
49673
57571
55509
53207
50937
54603
49402
51388
53698
53756
56751
51372
54695
49021
52262
50868
48903
56055
48813
56647
55973
56443
61070
50921
62944
53408
56098
52137
53547
54251
55892
54771
56982
55407
52988
58256
57117
53496
65209
62465
51202
51028
56984
56006
58798
46679
49701
50613
48239
61148
53686
56345
59462
47788
56451
47703
55034
51653
55867
49214
51812
57930
52157
56551
54573
49194
57303
55610
59176
47819
58043
50533
52842
52554
49097
49830
54482
56190
51230
58108
51377
55684
55562
50910
52675
53486
53581
53592
51879
57021
51580
48332
52806
65254
55113
56284
53139
53739
51013
55849
53427
48381
48236
55590
53815
55249
49775
61919
55326
51007
52970
47633
68491
61748
57687
50235
54126
54688
49139
51110
53007
48759
54238
53508
55481
50358
59494
54486
52017
48598
56119
54787
56107
51044
53395
50598
55470
56281
61161
52425
60394
55354
52041
50703
50516
50237
56496
55668
61771
62020
62039
68302
56556
52991
50868
55831
49629
55410
51419
50804
52642
60729
57340
59338
51288
55468
55528
55116
49718
51203
55503
62663
51494
57180
54390
53683
63032
50458
56597
49532
52800
52514
51333
56820
53235
61176
52130
52916
52422
51536
52778
56816
67139
50815
55058
47853
55733
54560
53391
50820
53851
56564
53014
53205
49304
48342
52835
50062
57926
57184
54984
50453
62861
54592
58680
53121
54401
56321
46272
56339
51137
47939
54484
51769
59045
55890
58568
53420
58742
52031
56432
55884
53151
56998
51963
53613
55710
53868
60880
51715
55572
50062
53322
52598
52257
58424
55533
52709
45685
49374
57772
59026
56287
59402
60237
49917
57464
57488
48815
53657
58789
55001
55875
55520
49542
61270
50788
50823
48755
51800
50959
52617
60722
53967
51046
52275
54851
57378
62783
52114
58036
50586
57014
54650
53825
62055
54653
60792
51320
51953
57414
55074
56671
55479
60093
49550
50883
53365
59255
53304
50850
56856
53361
53172
49171
57580
53528
55734
56467
58223
49362
55439
51637
59572
49653
51214
56969
52077
57286
47626
56390
61226
56194
54296
50128
52078
46716
51212
48836
54169
53853
54141
58690
52533
54851
50736
58263
45933
55593
54708
51816
52858
53487
54147
60102
56866
51868
51175
50615
50980
50445
56651
58468
58911
49128
53075
52187
59540
61651
56416
52900
54174
60384
58436
50600
56061
54430
59389
50113
57130
57478
55433
54678
54383
53342
51179
55130
57117
53353
56532
54151
52951
56051
55348
48444
52206
53978
54387
51640
54271
49937
50072
62185
53976
58179
52976
62872
57627
58189
53483
53866
50485
54525
55276
46857
50003
60631
51988
51808
56360
54368
54420
53065
58751
56696
62827
51895
56344
58806
58763
52955
52208
56283
61072
51561
54726
55880
56136
60230
50310
49700
58900
47963
54084
50630
54029
59185
49606
50763
44738
55906
57374
54811
54996
56457
55360
54162
51176
54561
56033
55498
57228
59058
51551
49767
51751
55828
57681
59011
54207
47286
58775
49357
49133
49288
52337
54930
51346
55686
50606
59329
62760
60107
54760
50143
54428
51414
59623
49708
53865
54835
57782
49460
57884
54614
47627
62880
57804
47551
61477
51644
57334
52820
53629
47836
51845
56329
50811
48045
55990
59070
61717
71954
52283
58141
51048
49655
52251
56179
59773
57178
58347
50502
55884
58082
60977
54222
58600
52698
55172
52346
58138
57993
48772
59494
53387
61529
57339
48781
50640
48214
57746
50318
50202
59417
47294
53702
56769
55957
48708
55913
52313
52142
57362
50181
52135
56059
55418
57614
47585
54654
52743
54783
58795
51918
58790
57622
54185
50298
54733
53201
53102
55880
49094
59446
55933
55326
53899
57612
58195
60549
56179
46077
54516
50409
56229
51834
58295
46830
50953
54740
57678
58503
57107
53851
48356
55020
56147
50479
50041
55128
51383
50824
57316
51484
56434
55543
48764
55104
52423
55592
56177
59681
55875
59606
53664
58079
61000
59655
56120
55998
52166
51213
61172
51239
51290
52473
50992
51974
59638
56202
54268
47240
55328
52039
58956
51436
60830
53730
49317
54939
56827
51662
54363
51548
56763
55321
61399
52344
54858
55012
52536
59406
56017
50799
52037
52161
56519
60082
49064
51162
49933
49182
49799
55356
54186
56422
61434
53124
55485
58076
58931
59630
54828
49821
56686
57109
63661
60607
51449
54358
50902
51917
52556
51639
54458
53395
55789
51869
60234
50880
55079
48934
61930
49713
57942
55741
51931
51017
56412
59860
56375
54730
52538
58477
58922
56979
54312
54148
55165
59329
52759
57717
54700
49824
59102
56586
60063
53555
49567
48924
53725
57248
55735
57627
49196
56269
58506
53063
56183
57933
56208
55274
49815
55916
51014
57834
51481
52300
52672
52560
57465
62704
51037
53011
60893
52356
60466
54023
46108
53310
51611
61394
58354
56003
54218
58855
54460
58327
57726
54253
57859
50167
49851
62305
60658
52390
49545
55872
52693
53547
56856
56601
52282
49229
56341
54066
59435
52619
57779
52798
53095
53792
57153
57000
51070
60600
57156
53224
56698
55604
63433
51087
53008
46819
56093
55626
55728
52997
56539
55932
50309
62016
51038
57212
54545
49931
53979
57612
54409
54425
53349
54452
56653
55355
56637
50822
59001
53720
58197
56382
51895
54818
56417
49844
55238
51039
54261
56914
52247
53081
57518
50151
60014
54089
57385
55435
63955
59659
53213
60110
50333
53462
51622
55273
55323
46315
52695
52482
56805
52224
50698
54771
53578
58723
53628
54207
54192
57119
60794
52220
54329
58103
64415
68053
63670
47129
50843
54675
51805
58986
51556
50546
59109
54886
54064
57888
65456
57127
54510
60624
56026
59699
54877
60109
65226
53814
60376
50367
53603
65645
62436
54894
50954
54199
50201
60494
57724
55111
55951
59434
53769
53490
56618
57193
56607
51551
54943
57508
53093
56336
53373
59629
60733
56332
56761
49974
48610
52015
53328
58047
50521
62304
54334
52474
58112
56975
58407
49726
51718
55860
53877
54582
52437
54886
57211
54328
61148
49511
59579
58980
56466
54105
56283
57478
50395
59340
52148
50402
48975
58163
63482
48239
49476
57991
51405
56069
66808
57755
59181
55110
51432
60611
57591
61553
58606
57211
53963
58687
46735
53101
56709
49859
55855
52917
54340
50386
53200
60858
56157
51284
57341
57436
56069
56457
52403
56387
60424
53311
53208
56054
50837
55339
54314
54781
52195
52359
51123
54642
53303
58562
54050
50419
49507
60197
66440
55751
56054
58618
50302
50351
58593
53457
50403
54594
53586
56422
56479
53753
50018
51799
54810
53897
52744
51636
52686
49962
58149
51396
54228
54950
63820
56941
47621
55311
59572
53004
51271
52817
54198
60875
54691
54258
52238
50667
47185
57364
51595
57627
55506
53757
55030
54582
57272
47007
51439
60616
52050
59832
55863
54201
50958
51867
56346
57783
49648
58975
56502
58792
57413
55277
54154
53403
53831
53506
53891
55142
52225
52282
53959
55472
54983
58696
55930
62645
55360
53506
57988
61625
56481
55209
56009
58146
56148
62317
59114
54403
54062
52636
51195
55555
55292
49381
59610
57505
52757
52004
49936
50330
51861
52033
49135
55984
58136
45455
60942
56342
63121
59298
51953
49807
46602
52413
54083
54289
54823
55532
56792
56915
57374
58327
54601
51909
53434
51587
51432
49395
48887
60136
50244
58777
57738
60941
52502
63366
50037
47737
53719
53442
50757
56543
56151
54494
53264
50396
47054
63383
55961
60259
56340
50734
53410
49287
55300
54381
58259
52808
55246
56677
49806
67370
62671
55498
57218
57832
57408
55645
56080
53251
52954
52080
54359
55411
52683
52374
54028
52772
54482
49608
57483
51889
49637
61819
56558
54933
51902
56705
47989
52486
50598
59138
51654
56424
51687
48994
48566
57753
59280
53591
49871
53729
57338
54018
57301
56286
54575
50808
52566
62944
49499
59228
55379
55925
56817
54565
53322
55589
59307
52897
62502
59541
53918
55922
57308
50019
50966
61077
52119
58924
55743
64204
53575
52055
56761
53568
56220
51511
53131
51482
60692
53371
51849
52128
52562
63544
58217
60262
59740
59222
53559
50159
51654
52800
50474
57583
58044
63645
59054
57107
59512
54590
49976
56819
50428
49695
51766
59308
50906
47993
54958
55236
57179
53105
61442
48836
52003
52595
52285
55250
55065
55197
58050
58768
49321
55829
54734
48707
57563
49035
57330
50213
52996
52794
61229
54839
52157
56081
55181
49568
58070
51227
50303
55161
48601
53836
55357
57956
54350
50971
57673
58593
53424
60177
57360
53418
50294
49130
53563
54149
55018
50155
53759
54041
54343
52602
53467
45262
50374
56545
51093
54295
52818
51648
53469
54094
53830
57385
57417
54710
52316
54412
56989
59910
56502
57107
50054
46335
59840
51016
54090
55389
54094
55944
57159
59613
57486
49215
56556
56782
51340
53366
54770
52279
58901
48645
48422
60548
57721
58153
55111
53687
55869
51695
53085
54822
51540
54524
57046
46625
66270
53032
51164
53522
54044
56540
49333
56629
54468
48697
47987
56968
60644
58217
58777
51284
56301
51450
53775
59032
47331
54384
51093
49796
50343
48247
52578
55445
55489
54819
53015
53319
60449
59513
63080
56857
54331
49425
50014
48758
57706
48123
56249
52878
56330
50987
52421
60139
47710
50548
55916
53687
56268
52190
53062
50763
56479
54695
56531
53819
49223
52550
58393
56944
52490
51088
56101
54814
57433
51574
54648
53875
61852
56276
54435
53259
63716
59119
58722
54673
50481
54771
52502
59103
56179
57209
51501
51136
52818
54888
56235
57207
69122
55425
49262
59466
53674
54827
55433
56737
54922
53333
55711
57560
52110
51461
56675
58028
52638
56002
57955
54028
49420
50656
55919
52734
53828
53631
49221
55624
54280
51932
55674
53293
53606
49497
47302
57639
58935
55461
56077
50376
51342
55245
58010
46138
50211
53225
59884
54252
58519
56993
57207
60149
55747
64490
54772
59925
56370
58047
52188
54084
52831
52516
58061
47178
55232
57295
60628
58887
56731
59407
56598
56664
59389
54958
55012
51942
60953
62482
60901
57767
56923
54542
56828
59431
58217
55689
62348
54835
53935
55857
54973
57693
51713
64480
56217
57526
51587
57270
49304
58268
59178
51384
49799
51095
55775
54274
56532
57326
62524
52680
51740
55660
46702
53903
59342
57376
54098
51447
58632
55727
61354
51533
49595
54238
55717
53146
50776
54987
58189
52140
48459
60997
48498
49852
56869
51917
49635
56643
63409
50443
44125
50069
53792
56673
54313
53532
58214
53422
53444
61177
55925
55470
52323
60210
50870
56293
51906
57921
58437
51875
50421
54408
55382
59380
58647
53926
52197
55907
56791
50726
60169
57335
54244
55689
60661
60857
53303
50675
49805
63454
47832
54174
57291
54549
56526
61064
53388
56128
64849
57226
57121
52112
67307
52714
54088
58955
59912
55438
55641
51975
59478
53911
55660
51133
49354
51247
55943
49125
57454
52133
48441
53202
54494
51420
54558
60597
49215
55691
54268
48670
56291
57198
56232
59785
55097
52431
55913
57509
65777
63221
54561
53507
58284
58282
47240
55933
52331
58266
59258
55238
62290
54309
59433
53748
54786
56228
49690
57254
56501
53510
49053
59335
56457
55321
56344
54674
55657
50186
51763
51773
46888
61248
55652
54282
57687
52168
48340
50415
59914
56505
52352
51405
55629
58614
51701
49812
51495
51257
61849
53185
58623
55040
49147
53985
57153
52328
49561
52982
55589
53241
56043
58151
55733
55630
63512
62994
62366
54278
49356
54124
53423
51238
50738
58507
47240
52188
57365
58785
47291
58826
50633
58207
50161
58530
51210
53599
51591
54598
58880
49146
55116
52420
53997
53687
47533
55912
61620
54087
52855
54303
53175
51483
58452
54251
62117
56464
59855
57171
59546
50949
53257
54839
54015
59079
65750
57246
57876
55888
48000
53168
54889
47701
57862
54246
53475
51307
58466
57100
55133
54623
60390
59472
52656
50700
50838
54593
56812
56907
62493
50577
54930
48548
52160
53840
55909
49234
52132
51898
55858
47239
55810
55737
57571
60750
57313
52009
57159
50768
51777
53403
49366
55391
55108
51461
58075
53125
60132
50539
54337
50866
54428
58696
51523
54841
53678
57318
47968
60301
55797
52275
47394
49545
68959
53150
52056
54308
54330
50561
49108
56129
52174
54618
60178
47288
51188
50625
53120
55692
56039
49067
61206
48346
50728
47646
56886
55901
51425
52589
46810
50676
140082026
