111126
107725
89845
110117
96198
121605
110642
101897
121658
76568
99141
124193
141092
113901
115851
104510
97871
104628
119789
112261
124569
97087
123374
93652
118462
114020
104686
133764
95026
111803
93554
132256
133325
107393
112414
114549
108454
115270
112646
117191
131806
92611
105368
116247
120478
82874
101242
111424
131729
110281
107268
85642
101332
107168
110136
102965
127504
110957
108568
133991
104901
118420
88639
101810
114200
108168
136537
110155
110824
93066
91847
117142
115105
87388
124560
102214
104675
110478
90780
126758
101633
117131
110311
107065
99067
101261
108391
94133
84339
94663
106836
109578
114593
94862
98544
99855
115679
87351
113022
101735
127475
97436
114731
99726
106025
78907
92017
85253
90117
87609
124829
82615
93626
106066
99707
98914
119382
109423
106319
112208
117846
87667
130015
95918
116358
128564
104209
98283
132672
124654
104888
115067
129886
112050
110420
112864
103470
110777
97403
110334
127187
98606
103202
107536
119824
101816
127200
100127
99136
100436
119077
114376
123123
96134
135755
102243
87045
99796
116048
109704
105308
109005
91882
90306
101302
90199
110466
97081
96829
121644
112767
85638
79981
96276
127317
112056
92000
115683
92080
138058
102762
110188
118143
128011
95839
102734
83144
107804
125413
83006
107093
116666
94086
88595
102091
97809
107426
107070
118714
76254
115342
97522
98675
100477
90376
97847
90954
144739
98257
100793
108623
110887
93132
85398
130485
109239
108346
96160
120738
123034
92657
113467
97110
83831
128018
87443
99461
130234
124830
101963
159135
110103
103256
100777
125540
144221
114586
103992
129015
122064
107613
105078
97329
100095
101529
105977
101679
134921
83887
90475
91237
112625
100664
77992
113601
80060
106166
108579
108556
101021
88479
89050
135820
91212
118300
121337
125409
94933
114127
107270
115539
89839
98362
101722
114498
96895
118109
110354
94383
103081
98342
103315
104641
90531
100339
94256
116449
119512
103510
93784
108987
94521
93420
116312
104813
105705
91377
104625
98258
100211
112767
104016
116583
103545
107681
94252
91162
114998
111667
100464
96170
75207
139386
106105
79007
132062
108893
76879
87705
89177
34105411
