115399
89516
126671
109890
105268
95067
141474
102287
101502
76135
115738
125992
99162
115826
125314
102331
85990
116717
94249
106977
96956
109229
119268
114181
142534
100642
98941
107106
113696
72922
103168
104338
104408
107026
117040
128292
98501
76718
124009
98940
114404
166607
116903
112327
81630
102420
111454
95133
124215
116894
129860
88780
101751
114660
106568
99024
105966
107317
104317
122529
106012
122599
122332
112776
90535
97977
100714
102580
113150
118318
92831
87078
101808
93482
125734
117207
92811
111525
127788
108080
100460
113852
112962
101779
93271
97825
96964
110237
121600
107373
123778
109127
95185
135132
101869
129357
94461
85901
113980
101904
97674
107733
112264
86908
103844
105490
122135
105427
97625
100436
119040
86674
102086
103954
98163
108840
131876
133569
88604
83557
121231
96350
97610
124394
108114
101814
99998
130179
105849
110011
100536
99435
123772
83545
129678
118567
113358
109483
104711
106283
115249
117352
102861
115134
121196
88648
88985
116147
95479
96734
114150
102470
160826
139583
96531
113890
113866
94702
100156
113649
88681
110864
112424
92659
104279
118631
91701
108914
104727
119691
125453
126809
79982
118203
93616
89672
106148
100676
108903
92930
84001
93981
113712
125112
97215
119023
85196
95397
104605
114323
91812
109669
84241
111432
111895
102161
100345
101302
103934
87236
79059
106864
96135
97382
114839
112076
104832
99508
125702
114185
115097
106257
112967
112324
109401
101397
96377
101952
119858
94909
116406
125596
101806
95563
91380
99393
130101
107779
112462
79982
115332
131838
99446
104051
111858
102364
95130
86066
103730
85944
127600
98677
133584
115004
113274
92159
105986
81816
101322
122291
111563
104539
109634
90963
108783
95293
101464
104686
78721
94654
111312
92814
122422
98631
102183
96539
110800
94298
138049
101919
146120
106117
96166
118357
80791
106505
123505
104788
135126
129690
99850
99333
98006
99503
126847
92593
123154
118807
86590
104050
102491
101189
89246
158639
104760
144041
105336
105371
124644
78346
108075
112353
106801
100476
109657
86782
80924
114244
114287
137091
122725
100726
108650
96892
108060
108141
100632
100591
75818
46173
34151900
