123081
136285
124595
103050
114045
104350
112626
97757
110753
107139
74965
104369
98472
116143
132234
104744
102992
115300
90200
109113
102717
122901
107735
110941
107744
97373
89414
115484
84472
107688
106808
101976
98212
115023
115958
100473
101402
94202
125850
94969
115577
109036
86898
80429
124092
116700
110728
117141
112038
111258
90032
105394
85148
117524
92763
104586
83314
109816
108136
95576
108222
90268
106161
118982
76876
125461
103733
97608
97031
102348
136157
87093
141379
113811
115704
86538
103147
103433
106894
110446
107405
107463
108994
131910
104199
119881
102579
123721
122082
97254
111317
106983
112763
86574
93281
125220
118471
84995
100478
106414
102473
91217
94648
122482
93539
128896
91866
112257
86549
115365
95891
99128
103867
80398
95378
115928
102301
133099
102194
99814
109817
92365
104658
81825
119874
101699
99609
95953
109916
96846
101466
101830
96583
105285
98880
92966
101478
92006
107615
89252
104829
89210
86856
116899
100948
105824
111830
115434
107106
118815
91469
89336
101331
123923
82580
117699
108915
124417
101109
100655
104284
94662
89639
83877
92266
115576
94471
105601
94920
88601
106408
95089
106623
107114
105798
122254
89294
122878
72995
90333
85459
97457
95575
93612
98321
110847
86686
89823
106512
97908
104084
91347
90540
121596
99704
105849
96659
120598
128470
105732
108459
89560
103070
135140
113111
107675
85913
97719
107661
101898
110068
105495
80901
101906
114898
110162
85250
96908
100250
102861
91487
124253
106101
86028
70213
100038
85486
101311
128424
93878
125306
97773
109761
132144
96561
119496
115926
86668
94270
97313
100489
114418
83347
117315
144527
106107
110462
92525
98125
107644
107241
95769
100813
119646
105396
103076
141432
124050
95896
107843
103701
103550
112585
87851
132110
101041
128381
104766
125032
105708
104463
96063
88600
123260
122682
112124
105127
99818
105544
102971
104715
114988
86609
107759
88237
102936
109649
112290
97644
131165
91650
83573
117969
91094
126089
119321
100273
108250
119867
120348
102193
87961
95925
102767
88145
109153
124665
104434
102879
84840
92349
111274
99705
115307
94390
116843
100534
97048
125609
75935
33468099
