60436
51538
46801
48982
45242
48528
48634
45630
55026
43354
47215
47839
48779
47935
52850
47470
57638
48279
47922
52668
47007
52548
48148
54309
55140
41531
50091
46544
51939
55731
56704
56378
53409
45442
53398
50908
50539
51305
45436
48857
53595
47363
53845
57388
46644
43401
53434
49879
52426
45892
51605
48086
42344
49087
53313
47289
53748
45839
53893
55751
51019
47841
49055
58721
52285
58591
47694
45274
51489
47038
50464
48495
45768
52628
45082
53259
52793
64307
55067
51408
56639
58413
46249
51730
52246
47082
43472
47068
51222
56244
55724
46530
53456
47776
44288
53143
48313
49491
46639
51589
48755
48184
48574
47843
50565
54412
49196
58478
63330
53857
41787
47295
51486
54397
45997
52786
46403
55975
54167
51259
44955
49667
52710
51657
58856
53620
47558
54650
45690
51510
47983
46814
53719
53747
45986
47814
53858
51411
48551
46341
42720
47312
53219
44129
49421
46637
49189
54760
47216
46632
50481
45018
50924
44492
48669
54702
48891
52574
45361
53787
54757
46136
48943
53088
45985
52853
59352
47417
49343
56261
52139
54793
48342
45480
55777
45258
50892
46787
53399
57953
46230
46827
58478
56524
58336
44212
51261
50028
56338
51099
48304
54607
47268
41825
53534
49476
52639
50289
49631
52087
46511
54306
52099
48469
54163
52775
48274
52734
50367
53127
50484
47808
52025
58973
56650
44517
45300
45502
50176
49707
47805
49497
44868
53886
55176
46694
52245
48162
44263
48342
53818
54640
48039
54520
50222
44336
47649
48914
49397
46257
48435
46031
49795
51328
51991
58742
51308
43312
58330
48528
55652
53430
48248
54507
45294
52275
49537
55193
52464
59986
56858
48741
45565
53008
53422
48445
48493
48386
47222
57233
46001
51532
46338
49612
51621
48461
47505
51874
53417
43527
55153
64261
46398
47903
50358
50173
51684
55024
45956
49561
40508
48813
47234
49618
47186
53582
46578
49507
48858
48977
48732
51394
49825
49499
59941
45588
52346
51139
54228
56919
53534
45924
54182
53118
49805
55316
48763
56021
53468
51377
53440
54592
45145
49749
44724
55512
48250
51207
50892
46839
54025
57239
54279
47138
47865
49657
48678
50010
46594
46253
49223
55663
55779
51996
44301
53754
42494
59728
47062
47294
49800
44782
48412
50213
45065
49917
58751
46945
54991
49877
60987
45552
54149
46310
53344
44672
52222
48594
45227
50142
42640
53308
47628
55503
46650
53804
45760
54232
45505
47243
51009
61096
53303
47880
43755
54751
55676
54789
53654
46351
54020
44464
54320
53922
55348
46964
46821
59480
48953
58395
43946
52895
47071
54668
54189
46187
45456
47208
45435
59884
56265
45114
47970
51904
50125
48818
49280
52668
46416
55926
54645
59103
44387
44691
60108
57261
58444
49503
49626
51000
45198
47815
53568
55752
54680
45962
52979
48815
53027
53166
58007
53242
59905
57467
43699
50098
47830
47696
54275
45086
50058
48100
50239
46694
49683
52980
51756
48455
53646
41927
52334
46578
48758
45988
46314
51348
50514
47535
53732
50966
52566
46545
47402
54124
50692
48150
57077
50562
50062
51498
59490
52304
53071
56138
45986
53690
47418
50257
45866
64827
46950
48512
55608
51127
52862
49833
42764
54622
53775
54572
49157
57696
63343
45617
49229
54255
63209
48314
48504
45614
52419
48674
56748
43928
52977
47329
46167
55724
51157
54777
45584
50485
50605
48598
53340
50275
47897
53432
55988
57578
48925
50698
44928
56430
50460
47991
59064
62792
46430
52871
60376
52423
45067
49727
48752
49652
50388
48313
45821
55170
40294
54547
50264
49455
46870
49654
49969
45426
52178
43028
53104
48129
49466
55198
50131
46162
50205
51793
47282
54215
52772
45041
53557
60001
46535
49381
53961
45366
55882
45665
54043
47895
46761
50795
46818
49841
45714
49202
46503
45446
48594
51758
49943
54342
46428
47733
48125
51168
49001
56490
52433
51939
50836
53258
49403
46251
47868
46961
49520
53202
44411
49366
48544
49316
52387
49643
46245
58322
54894
50892
52345
51091
48380
55825
47932
48696
53108
46293
42125
49297
46305
46200
56504
49297
51417
46357
51256
50049
48398
45720
43525
50528
47003
52559
45102
47528
50019
50792
49339
45544
46287
50048
52072
48013
52591
62152
52593
45944
51854
50193
48559
46546
49942
49394
54906
51433
49191
46911
48084
45536
52991
53599
51712
52774
51551
42842
47727
49957
45224
48883
44314
52394
55099
56331
47572
44863
48813
49346
49850
53251
48913
47814
46212
51044
46526
49834
45914
44063
48890
52263
43917
46872
48101
42415
43977
52908
44008
49644
51532
47857
48637
57798
48551
59576
60059
50654
44136
51298
50895
55041
46077
44275
52973
49900
54695
48857
53511
55660
54594
47177
49949
44891
45942
57939
46280
50458
49255
50464
51383
53401
49736
51743
50945
55813
50905
45189
45993
44955
55013
53876
46745
45762
49605
47979
47975
52190
48619
57351
53406
52110
45111
53044
48109
48806
57890
44772
55303
47667
46212
50111
46290
54986
48064
48029
52649
50649
47525
47659
46333
45540
54071
48729
50194
52463
49086
53817
44896
51630
50596
47007
54819
54672
48542
42986
64904
45456
51239
49445
51588
50493
49838
44623
50504
52633
47998
56053
47039
50637
46216
54988
47650
64537
50744
45557
50911
48475
45569
49589
47084
54184
46309
44984
53553
46441
49447
46253
43768
52886
43243
51258
50589
51613
55753
45371
57312
43215
45507
47038
51065
50770
45501
44357
53364
50247
46134
48259
46531
55901
51026
49951
46642
52236
50218
52251
42627
47079
49128
49076
46704
47311
49591
53132
53242
48005
62046
57313
56784
53665
45701
49368
52494
44996
55357
51202
49124
50663
68156
61038
50677
50376
46484
53855
52513
51514
55295
59349
51691
46964
51176
46261
43907
54694
48095
49556
51952
48966
54206
47664
54509
49536
44898
52615
52435
51941
44473
59278
56731
51682
42718
45780
51440
47956
50610
53874
49578
55739
55229
48675
52765
46630
47677
49062
57554
50571
53027
54189
48765
47428
46280
53669
52726
45228
47048
58405
43626
47933
57162
54808
54544
55879
55396
44239
53922
56154
46677
47198
52666
51477
45344
46531
54414
57903
48481
48645
51050
49514
45604
53440
45993
51873
50966
48370
53203
48172
48567
47896
44980
60094
50531
46758
45601
51116
45562
49572
50665
48135
53585
50234
48701
64161
51947
45434
49821
58707
52848
47398
51235
56012
48603
53345
50821
54653
49857
57088
50701
46599
52614
45316
50832
46943
44436
46380
56780
47358
58703
44532
47179
48325
49575
46529
41781
44008
62664
54889
49812
46379
45485
52916
52874
47748
53377
51440
46463
48554
55270
52596
57928
54129
45341
51175
57172
46761
47517
56130
48228
48486
55864
45611
48387
53545
52182
51066
50396
42769
50907
44030
53059
43523
51511
63941
46992
53050
53041
47491
53708
54054
54024
48113
52048
44731
45212
56344
54008
52666
50125
52643
49998
43879
63790
50067
52841
65847
56211
45985
46804
46865
48681
47160
51458
47728
49389
46268
45991
59155
67274
50167
51622
50831
50082
52599
51618
44346
47587
50364
48996
48276
47828
46842
55546
56177
49762
53842
42854
62080
49397
48814
47670
59085
42830
42032
52596
49319
46915
48988
53813
46292
45899
48155
60058
45755
49208
46965
44696
54428
44842
47324
55826
43976
52174
51999
52839
59116
52106
50124
45024
51405
52374
47296
45773
49067
48601
50652
49227
45115
50977
51678
58395
48459
46888
57142
48126
43641
51163
47627
55450
55846
45417
46226
48865
48344
45977
48474
42143
53967
43223
42438
57794
47952
49006
49799
49529
44122
49168
63812
56132
45437
46731
43613
47982
48603
53664
47637
45595
47400
41767
47835
53620
51581
57899
49118
46360
52345
46808
46309
55966
56789
61698
50433
50234
44085
54837
56100
49926
51945
47599
50556
63728
46952
52874
43953
50219
52056
48299
49447
54027
52856
48235
54588
56228
52296
50335
46974
60460
55532
50783
47412
46419
52319
52834
47715
48401
50582
59257
43654
46194
49103
46173
51804
52811
46217
51599
42497
54083
51604
47390
55970
49088
52238
50560
55349
60560
45292
50963
53043
51427
45187
50889
56064
55571
48726
43292
45219
53286
48153
56387
43909
43939
53485
48358
47243
45883
46487
51883
47864
56555
69883
51908
52142
44002
47823
64566147
