115116
91390
85040
100374
100108
106072
95603
100605
110172
120468
101455
108199
89782
116141
108570
101455
110288
101326
107184
77969
112426
96604
124133
93956
94916
110219
91862
103351
96335
100062
109011
121221
100348
102002
97311
101944
111836
104096
118320
116696
127974
97233
89056
120352
99270
112892
129432
95048
123783
112061
94130
72846
99250
91856
90757
119340
100314
110881
109652
95059
99524
95551
95509
92788
101788
106871
84438
91308
109686
101196
135911
100335
110291
92305
94234
121424
101130
103822
101914
98835
104759
109852
94181
124058
103984
103532
91507
88339
120129
101419
86336
99916
116665
114551
90799
92099
88095
102676
87257
108925
125267
98356
85766
99216
127846
120924
105084
108009
81261
95200
121256
150835
86678
134282
97556
91904
94660
99212
121516
115862
91985
87653
102839
102551
99363
93686
113578
114361
101160
106845
100060
114266
112358
109141
107590
103628
90383
120402
100436
139041
90813
89819
109970
106420
113158
83957
88781
106386
100587
104306
111639
98430
93983
102624
109936
105802
93986
103989
118504
104161
108766
74566
126329
90451
116566
97407
126297
123896
146393
119596
113924
93679
103175
128485
110605
125272
111672
104264
118877
96271
102601
101952
96988
96808
109188
121034
107083
112420
118299
92616
97284
108151
109189
134402
103429
73346
123304
119304
122378
95561
93602
66902
100732
106798
115679
90382
90959
86514
96496
105368
120595
97232
87848
109025
81545
114555
99797
119492
89733
112356
97819
119485
98525
122816
94808
98829
102607
100744
110250
90917
105842
82078
107408
108688
103480
101368
112608
120764
103368
121833
84137
96423
116500
94129
101158
99229
93633
115736
102776
87013
110819
116188
97297
90487
118357
111253
117923
86254
107295
96421
103816
101123
100395
116030
107744
106085
102989
93721
117038
105975
112831
95677
96261
103524
107215
120793
94418
116568
131268
103915
111100
113952
113352
85998
135194
101860
109156
99855
106234
109409
87472
122619
114784
117686
134708
89324
113623
105668
96905
126422
118481
115036
135845
138157
123687
127482
110722
83082
94664
111595
117502
126040
93355
132954
97784
115190
130721
118201
104778
100488
33765532
