117390
97990
97543
108204
86619
82352
109978
94965
96200
87067
75725
98067
74251
98106
99991
137425
138207
133308
94703
109285
97891
105775
91198
77724
119897
136906
108572
96430
118255
134874
113863
101315
92881
97633
139579
87907
93818
127029
114710
121287
104536
124738
103024
116150
104441
91570
88700
109582
118255
103242
100005
100934
112902
110698
129351
109035
111481
103808
121986
117574
76253
117993
121081
105438
115450
124231
121073
109377
116425
124917
97580
103544
141210
116474
122136
109109
94421
112912
68492
123722
123696
87638
86098
102135
79673
118943
94817
117554
87768
129344
99911
97805
124618
105798
92883
112872
103399
74541
108477
108086
92968
88414
102725
82689
107137
111108
95873
110294
105066
93055
119942
120136
181985
104088
117981
81989
118619
111021
123705
108864
102750
115032
106444
108986
111440
91801
108569
84357
119057
113118
131983
91835
108452
95554
111232
127920
81294
103584
126076
88184
110818
116062
140435
110960
112447
126956
102917
103449
96081
114750
110788
110036
104691
102977
95542
87931
101009
115707
109204
84932
127818
128001
110792
121428
141827
111782
90486
123930
82747
115522
118921
109797
96003
119426
109280
123509
105671
130922
109820
118234
117506
116122
108375
111332
115291
98827
112580
122151
110954
121531
107228
83762
120724
113174
111919
101578
98166
126847
117905
117479
91526
110175
110748
96326
91539
110157
99898
100789
107525
91596
108482
106252
96832
103194
119291
122116
116001
74086
91740
97018
110652
122623
88112
103205
109522
87692
109813
95562
93941
114459
106118
108336
103893
111352
109150
97537
99407
116698
125752
105107
114286
92198
106709
99268
113335
100433
109357
112379
134871
121590
110680
128298
108310
95648
99052
83668
102737
126697
128310
142164
91575
142171
113019
100091
107743
101385
119927
102749
94377
107844
95611
114264
106833
101769
104829
94157
111403
119424
110531
108611
127302
91188
117758
103850
105643
109641
99828
98289
123553
107416
109027
124109
85553
99497
108217
91357
84105
96286
103725
115444
110320
104827
90228
122371
100590
92036
113423
117132
120881
134439
110061
104314
100100
117647
83545
88288
67482
61417
56074
59862
34266562
