66711
67348
63281
56840
60676
68611
49387
76818
52621
66777
63771
59743
67444
56024
54864
68912
62832
60048
60641
60074
53830
82650
61584
63465
51900
62663
69261
65015
55811
65650
56057
55906
66514
75555
71773
74410
56808
62125
71038
62009
51833
64361
65716
64577
53982
62836
57960
79162
68483
59032
56089
58665
69126
54290
59000
66710
53340
63250
58763
63032
63912
59370
63987
62163
59066
68103
62364
68922
63733
57021
63343
64026
53999
69484
60376
58692
60960
63407
54517
59797
70194
65196
56212
57478
62709
64536
63746
67572
59278
71227
53877
69501
57718
58345
71271
55573
57940
59646
51803
64018
59142
49466
68102
68042
50679
59266
61942
61848
56102
61142
58643
58486
69169
64646
56341
58271
74354
69432
77953
56987
52746
60724
68770
62537
53836
70355
79779
58904
67904
72509
53048
58510
61896
55024
70747
54756
59854
54555
73099
58116
62767
62365
49805
66683
50879
73853
52264
67263
49970
54491
61571
72364
61320
62438
62810
61080
66888
50801
59339
68158
59006
54472
57201
63725
60104
61448
58983
68448
68963
59933
72849
60507
58310
69317
64157
57474
78790
66867
71728
69844
49577
59952
64569
59240
68351
64189
58949
84911
65268
67557
68635
59863
60513
74450
50291
67527
58476
63934
55295
66961
65883
59819
58387
52617
76690
68219
56004
74102
53241
64692
61406
54043
50513
60663
57209
61830
64352
62345
64003
51594
68150
67123
58397
59635
52913
50135
64058
58341
74184
61229
61175
67839
55239
64844
60433
55242
65762
57061
75007
59462
66902
67490
65385
67607
62235
60012
54348
60768
58661
66172
58581
54824
67090
61569
61977
60184
63727
71113
62657
63953
55268
61941
66370
45321
65241
57827
50552
60142
50612
56128
59832
67301
56662
70259
72192
56969
75228
65507
53223
57147
69311
55297
63979
58699
58951
65536
57076
49747
54621
74702
65233
59498
68432
70083
57503
64825
65933
51800
61573
67303
50204
59985
57857
73144
60817
67760
61968
54638
66748
59841
60473
55773
60891
66186
61344
67269
57779
67157
58777
69439
64460
48069
67239
61697
58867
65882
52860
61846
60707
68705
58042
64211
48761
56491
59173
48282
63274
63052
58395
58605
70899
65200
67451
59211
62568
50238
67967
57434
70681
54397
59029
51082
60511
53851
56613
58301
67044
62220
57994
63009
67946
74012
59871
65580
73695
57795
60874
67018
61829
52380
74645
55384
76114
56519
55004
59937
63499
60374
62489
66696
58335
66567
63058
56739
72982
57637
76915
59638
60990
59723
81194
53564
64777
56819
60592
64104
66247
58183
59175
56080
63843
59093
47795
71852
71947
63956
60575
60641
60040
70716
70303
59786
73477
56753
63161
58008
64907
72100
61830
71624
59513
57669
61575
66275
57048
67678
68602
47335
71615
62662
85893
63864
68287
69918
60059
65384
59444
62522
59996
62853
61863
50346
65471
57339
72516
73870
53234
56820
55062
65888
67684
71569
55782
56316
55608
63997
69460
57006
79320
56503
69772
74553
50863
71985
58701
75332
57922
69200
55511
78952
63261
61512
61402
50556
52789
48690
60433
68228
60234
57087
68956
63797
57423
67074
57725
64952
61418
60475
63046
66550
58100
76956
62625
52553
50774
66814
68013
55714
58973
58400
63717
57848
57296
55163
57189
65145
66950
62048
75337
55931
61991
56737
82677
77751
54332
53583
59124
62649
67438
63669
54385
63813
61991
51532
68836
61674
66245
59254
78868
63639
47894
58957
60705
58211
67069
52385
61132
60631
67855
51907
67975
64623
72330
63152
54052
55662
53278
56093
64369
61735
61484
55316
59468
63996
65164
57063
67691
63122
74517
64881
78327
61232
54758
64760
67579
63092
53619
62297
66116
54252
64108
52958
66077
60093
61768
60368
62282
63027
76020
56202
60625
59335
54544
57054
67347
55933
56979
67587
52687
70907
64276
61627
69403
63555
58564
59059
71943
60557
62196
59938
58438
71581
60604
56104
67831
68789
63141
57293
55268
58116
67176
64990
67860
66445
63132
64329
70931
65933
65930
47523
68291
69658
66179
75738
69669
67225
59881
64320
60071
71601
63734
70088
62498
63233
65150
58271
57821
80607
50004
59145
39869181
