66867
78422
59135
64058
62239
64648
64690
67067
55724
62714
67197
55974
66702
67112
69314
52969
65498
75608
55076
62445
58273
60569
64137
62516
61444
67418
62770
62664
52084
70691
79218
66016
58441
49168
56515
63801
54485
66788
52209
65557
56165
58601
67794
63975
54219
53573
54750
59536
60665
64085
70648
72687
57419
67373
68036
53434
60306
64776
61805
60423
76358
74565
56674
70702
61655
52357
55566
70311
67079
51473
66158
69962
57785
53628
58485
64368
68437
56113
68289
55483
59825
60227
72012
56906
82020
63772
52396
67658
52646
63475
57498
59189
73758
57356
60178
54770
52439
58180
72553
59062
59306
78478
65732
63276
66105
55880
62599
74093
61609
68602
49862
59849
66188
49922
52700
55011
63602
62738
50871
60637
47357
64325
65513
64516
55583
55071
63936
59087
57149
48589
52206
58210
59275
60068
61296
55457
58138
64412
57566
63834
66371
76918
63297
68340
66024
73508
68784
51426
55492
65439
68238
60188
56832
68584
58401
60240
58499
68521
59521
66214
57450
80726
65736
58629
62330
65788
55898
63434
67980
60965
67140
65781
54707
54951
57784
55940
63680
56373
77100
58328
69332
54878
68088
74284
55391
72802
65640
67927
65905
60545
72091
58814
68029
70787
65801
58959
64681
64690
50877
62929
62960
68535
66466
64968
63197
64352
63042
72543
72114
53759
59450
61426
63216
69253
56521
67298
59158
67750
64806
63488
66346
63978
61272
63357
66937
55642
56109
57954
70765
62690
70078
75955
58498
70245
63973
62874
60350
55369
63139
63496
51097
62096
63768
59065
51594
63892
67748
58697
56635
58299
58742
67039
54625
61289
71380
66227
53375
66158
60087
64888
63592
62477
58904
66739
64019
61832
50829
66363
49140
59004
65479
51044
60370
65817
55055
49503
65915
61887
70552
56900
57608
60186
70832
63312
59897
69883
73475
51781
75233
54578
63351
58163
56357
78997
57189
64415
49969
59123
58729
67011
71746
62760
62794
62347
61528
61423
51513
64083
57483
54675
62546
65096
68526
60058
67657
63268
53218
62260
74392
51467
77529
63140
61283
68852
73136
56196
76151
60573
65593
47111
63129
57959
70651
54129
67409
67059
71658
57078
64140
72842
66766
60356
55481
51473
76589
65107
52572
58446
58654
56093
58732
60270
67399
55160
62302
61193
68884
59453
63370
53818
59284
58357
63297
53364
81431
64358
54692
71108
52755
57606
58963
58697
57392
60775
56721
57673
62583
59483
59285
56974
63020
55503
68916
57771
62174
66717
62565
70563
70698
66098
61876
66507
65954
65033
64305
68548
64226
59870
68678
64252
60779
57854
55486
57521
73355
62783
59581
57556
52891
55155
69868
61202
51808
64460
69918
77377
66195
61067
61523
59452
70477
65582
71089
50672
64857
53529
55536
58649
63978
56410
60657
67352
60135
65841
59402
60246
64904
60478
70969
60232
60881
61057
57486
59130
53049
82676
58794
73506
60489
62350
72803
67902
60389
67513
64994
61534
55213
57582
57454
65362
64569
55616
67074
58630
75721
60496
67285
54834
80191
54254
71387
63591
59458
58136
67430
46740
61497
55921
68380
56680
63001
52875
64740
59994
70881
62586
63774
57867
70624
66773
68673
71166
58828
58859
72858
53143
67501
62612
66651
57584
65122
63373
59189
55716
61291
64901
57974
65270
63549
79566
75453
56121
69267
63416
63485
66593
63239
62467
61892
64759
72574
68710
58747
53330
69990
64194
63091
62657
65553
57750
60046
70879
61408
57566
61464
56556
56013
62519
57575
60316
66920
65047
63378
78997
51370
65882
60384
71609
71330
59879
64925
53370
64298
55770
57239
58262
58700
61237
48242
63179
56877
64151
64720
58219
52664
73833
63558
54831
59218
61724
62213
56616
64085
60155
70671
73197
57456
64220
64794
64438
63184
65164
60636
63023
66210
62717
69698
58390
58488
62746
66969
59683
59071
65810
59962
57971
71512
59557
55786
63342
54806
52433
55097
67976
70029
68702
63105
64668
76381
60677
66208
66466
61062
70280
57671
48425
90587
63011
68214
56779
73293
63136
56126
66475
76227
62181
61420
54681
60373
65477
71905
79118
57304
64813
62525
66931
58764
61630
54481
62569
40011738
