75315
59824
53015
47985
63251
52779
55077
72288
64686
59783
69771
65404
64439
60160
61244
59352
57580
67506
52348
60226
69540
59076
72181
64314
70193
50734
57545
67119
71174
66798
56779
62655
71734
74549
55147
78371
62917
70016
66563
56462
61963
59733
58898
52954
65713
65268
65673
59219
60780
55438
65994
81616
51695
54526
60145
63965
57635
74952
67238
65936
66187
60631
61802
56157
63453
69526
57273
54832
58462
64333
63218
60460
54289
69642
50117
52052
71857
52372
66010
61121
67442
61557
54289
64314
72516
63757
54166
55507
60675
67448
49832
63928
52977
69215
60432
62765
62842
79538
62980
70172
59329
58439
73046
59524
58659
64250
57202
53644
70204
62112
58457
63513
59024
70961
61916
56234
61805
60691
56245
60964
60162
65551
63812
73834
61791
60187
56842
74862
64947
74825
58149
55737
61264
72230
64381
68453
59322
56956
60988
57291
60070
55445
60580
65269
51279
66606
64751
64376
71957
64539
78287
67813
56113
56270
60767
61519
61574
62876
55194
69924
53902
57430
63139
51300
55023
57075
59189
73369
59054
76493
79564
61382
59019
60261
73585
53197
64636
80424
51054
65584
62202
62942
57600
57804
72428
62621
68141
57405
60796
67664
72075
61629
68250
63889
61564
58938
67699
60140
47678
67165
55926
65991
58045
75005
75048
56242
67977
60103
62227
57608
77155
57138
64946
71144
58375
63844
70950
60165
60552
76495
56090
59307
60405
66339
61824
63120
54435
65357
59988
56250
65502
59080
65259
52270
62788
62484
65028
60838
70018
66061
62565
64247
60306
53450
58706
62125
64966
69203
56208
58059
61329
67881
61287
79535
59385
62152
53652
64249
79580
56478
61172
71500
50842
78644
61691
70016
63755
59666
56870
58343
65398
64887
48482
70040
55719
76744
54126
81564
75616
56853
56635
60689
66031
52935
72749
63203
89194
83571
81471
76094
58389
65449
58412
62102
70290
64978
55034
64797
67683
59501
66147
66314
69711
57990
53411
62729
59200
64174
56186
50076
63510
61107
56539
82004
57579
66039
57507
59792
56732
65713
62837
52353
60573
77431
55342
78016
63588
65449
52414
71033
53318
71966
68287
59396
64859
61845
71214
63889
64885
52897
57991
55233
68503
60744
56339
60149
71306
57258
69886
72105
53841
64623
60168
58346
60929
71219
66602
73228
65332
67368
70039
56650
69749
56748
55812
64986
56459
63823
69118
69261
63572
61637
66487
61537
58036
60407
54801
63950
50385
74586
56810
59736
57839
73757
60225
70407
69260
55473
67521
56109
63455
56859
60912
62186
64542
74579
54325
54431
53648
50689
64918
57418
69770
50705
63962
62025
71227
62932
57288
61921
73164
62248
46484
57503
78141
55030
61775
65886
61037
69906
60339
66043
56483
63472
58090
60370
64673
56470
51749
88393
54366
56664
62237
65272
48989
61750
61303
59252
59512
46425
56397
63112
61981
63321
51337
55768
56829
56998
55023
59919
68289
58649
63211
63200
58402
54907
63808
68322
73939
60948
69961
60554
61083
59083
57439
58272
58641
59751
76632
66422
60412
58627
64872
54597
60877
55860
56158
57368
69466
68965
56688
65701
68743
65516
81449
57375
60674
61786
54965
63043
58657
64089
61583
64314
53881
71175
72952
63178
50796
62757
64884
55506
77305
70420
58632
67854
62260
72181
66353
58293
65102
57831
59531
70898
49803
69915
61428
71636
63474
60055
64891
53794
64751
62371
64271
72259
57913
61040
54130
58136
59685
66699
64078
64586
54783
59230
68463
57832
71368
56004
61969
69021
58761
48785
57096
56146
54211
60419
53624
55649
54705
70590
58372
53448
55285
57617
47725
52691
60768
52995
52324
60628
62272
70271
53497
52015
63073
69707
64228
55197
75718
69143
58127
70790
57046
55930
59837
57330
56288
56498
58660
64452
63317
63705
57786
59715
64250
61063
77447
74928
60688
59966
57799
73953
75201
55991
52332
79180
55698
59627
70401
64388
45257
69474
58837
68986
63662
62368
55835
53827
58218
64229
57675
72044
61659
50843
47642
52292
57432
78720
70834
60892
55192
53500
55140
70301
62211
53957
68395
65221
51963
74598
60019
63926
49283
54887
62482
61235
50503
55235
39884290
