54748
47164
60664
46033
44526
47481
45283
48185
49173
51516
61572
49639
51582
50150
48459
46846
49820
51699
58591
44592
49963
46531
48210
51385
42887
62945
51362
51663
51423
56218
55317
55114
45269
51173
50844
60368
51346
55251
46461
45349
53430
64947
58345
50013
42756
46136
47342
48592
54250
53627
42743
48884
45712
46649
48151
52269
51772
58776
46419
52986
50785
47072
50392
54346
48656
46971
52969
52513
49354
50850
51852
53519
56551
44518
45701
43228
55527
53075
67810
60955
49766
54152
54052
50394
46052
50534
49853
57324
49229
52356
52748
44748
56040
48499
48743
54355
51921
44663
52729
59088
62623
45909
46256
51069
44751
51448
49861
51911
57032
53341
48570
45702
53117
55100
51376
46429
64639
55437
50260
51484
43071
54632
50732
53626
53690
50197
47685
45824
52044
50291
49131
53283
45848
48065
50537
45182
49497
51555
58222
48940
47969
44859
43763
51448
66932
57135
53016
44376
51166
53066
43157
51386
50088
44330
53441
49392
50587
47077
46371
52165
52161
48495
47924
58456
54628
50048
49455
61479
52076
48525
51626
46948
45836
54710
45378
52557
47793
58876
55828
45415
45995
55637
53355
53254
44242
49684
55137
60796
50046
50469
49671
47823
49018
54590
47417
48663
45560
53889
47134
49376
50772
49476
45299
51710
42908
50937
47593
50759
52359
48464
52900
55778
55418
58365
45687
46283
46575
52452
50757
48084
52635
54884
52085
53074
55509
44939
51134
45685
47675
49025
53857
44102
47564
54079
52483
47790
55826
51482
50195
53657
51098
46322
55035
50391
48618
44038
51539
44755
52805
56219
54816
49954
54857
47710
48689
47020
52346
48170
52960
49927
53586
48967
55951
50064
47257
57406
48818
52899
52160
42973
52636
47454
50758
44063
45129
54605
51143
46678
55773
44604
56651
49295
48152
57314
49591
45647
54635
53396
48677
48957
48387
50742
44769
46801
46019
52349
48070
45633
53407
46903
56234
43280
51833
48870
46937
48987
48241
53829
54110
48966
49762
44541
55890
53555
53241
51619
44732
49166
51539
50193
46928
51408
48983
53975
49601
56710
45255
56084
48435
48941
55456
56052
58796
45844
49189
46504
52830
51918
52288
41734
66605
49007
51462
49993
49587
49114
52697
50298
46227
46298
46566
47639
51832
42845
51902
43907
48226
55515
52132
53523
46156
45152
47818
52900
45903
50995
44548
57326
51424
58257
52895
49447
51992
50339
47082
51149
45705
50948
56643
49494
49730
51744
50523
53796
53183
45208
50705
48554
52804
46532
54026
56809
51799
57642
49017
48325
49990
55519
62870
45977
44792
53475
48401
50094
51552
47052
47274
45267
56478
49588
58003
54303
49571
50434
51901
52387
55590
53245
48783
52092
54561
48215
47797
52058
53260
50062
53640
51589
53102
50146
47184
48631
54293
50678
51935
57355
45369
47257
49193
52996
50533
47542
54169
52546
47161
60746
52196
51317
49040
49229
46489
50067
47099
54948
44564
46985
46088
46776
47602
51452
51944
47458
50766
46686
46682
47058
50763
45922
48074
53974
50671
46060
49367
46561
57219
51575
58634
46982
46842
53168
72654
51144
44885
63943
46079
50525
53355
51660
46911
45248
52238
47513
47012
47120
52068
56583
55115
59878
52642
50093
52433
60360
50019
42316
58280
53343
44701
63186
45505
49401
44535
50464
63186
47258
45415
49572
48128
49575
43397
46764
45735
48026
51343
49964
50805
50589
47207
50431
46132
50862
57526
51542
52204
56080
43637
46936
47963
58026
55377
50185
50463
53212
51557
43324
50350
48865
47165
49901
47336
48581
48556
47301
43541
48143
45207
53108
49700
52255
52042
54898
49481
49269
48268
54233
53407
49605
46794
49069
50035
52890
49815
43842
57134
46206
52482
53365
52007
47744
52246
52889
51740
46234
45189
52435
47057
44201
46320
50533
49982
54272
49274
52551
47859
51606
45937
43019
44843
61527
58116
53032
51320
49430
56171
49822
52454
49465
59406
44382
49204
51306
48764
47480
56495
58351
49682
45085
46875
52942
52166
46562
44200
49809
58737
53480
46708
54694
45472
53504
48567
46217
52428
43687
49330
48573
53904
47751
50072
53267
45747
51229
52150
51317
43852
50407
52779
46965
49881
51042
50966
50899
54270
44404
49880
52880
53615
49980
51045
45798
51781
47732
45271
44564
51241
51751
44679
52741
44678
52159
51467
54889
49934
42810
55233
49583
56678
53614
49602
46389
45929
48091
48263
51372
49031
55058
55277
46974
48200
47598
49002
51363
48463
52035
45189
46013
54052
57232
45169
47375
53928
50174
46250
44719
50561
45393
51460
45082
51063
49717
44339
55780
49545
48378
61995
44824
53278
50920
40025
48617
45651
47581
49496
51649
55308
46512
44111
56164
55734
47833
57361
51948
51196
49290
47393
49524
49201
43416
45077
48061
49610
50510
52413
53126
57962
48485
59503
50429
44967
49675
49721
52100
47444
50389
52708
45215
55643
48580
52151
47172
44828
59560
46829
45376
55542
58020
55056
48764
47331
44837
47777
48277
57582
47768
51546
46616
46706
45271
52932
46019
50393
50402
44119
45840
43100
63742
52985
49162
52185
49916
51468
45516
51675
47756
52844
53631
50439
52567
43994
48704
47804
49227
52418
49243
45852
46669
49728
50219
50026
45794
49034
58452
50116
58772
59793
45564
50494
53949
44250
51496
55661
47901
47107
50430
60631
52957
52189
49424
44777
48578
50607
59627
51523
51459
49499
54466
57192
45584
50025
48041
51580
51543
49477
55545
47874
46393
47677
47183
53633
47705
48946
50055
44524
53115
44575
45443
54002
44410
48312
52175
48256
47091
50516
50015
54576
47069
49173
47287
52226
47769
55851
53826
49810
44122
47400
50396
50116
45889
63471
54721
44802
47572
53081
46191
49711
51613
53756
51808
52651
49166
53415
49509
48004
55899
50553
54236
53859
52447
56307
49038
48660
49291
51052
44677
50331
55756
44949
56843
46826
52188
51437
49822
48449
45507
55383
48453
52230
49351
44905
52474
55941
47867
50461
47242
49900
57515
50552
48584
54756
49928
50931
60781
48018
50952
48075
49651
49900
52446
48666
48438
55895
49750
57361
44647
51256
52896
55544
51218
43796
50595
51421
49147
46737
40501
48087
53403
56785
48467
45707
59849
54785
47580
48642
47097
46237
47207
57061
54368
44537
42780
42711
51471
53421
43277
46901
51645
48586
44208
52322
52051
55896
54038
48659
46142
50408
47457
52002
63658
44957
47698
65061
46958
56206
64539
62703
50568
49650
52195
45167
53372
47721
52392
51597
52282
57781
49908
47958
45042
46544
44642
44755
43872
48471
56692
50448
42816
46161
50702
58903
54390
52845
43084
45352
47546
66106
45938
43007
51600
50751
54430
46632
51086
56431
49820
58501
48065
55804
53041
46704
56670
50809
57457
49668
47132
50101
47628
58306
46547
49939
49714
48361
50174
48329
54491
56346
50859
52051
48619
46340
53390
48457
46282
42556
49010
49607
56565
52667
45639
48459
43813
50484
46921
48338
49752
57386
62672
51346
44142
50084
46087
52334
46955
54421
49690
45361
52091
45351
59434
47609
50883
51032
49981
48671
48411
48877
44359
45398
53183
47117
48102
51130
64331
46329
48861
51171
51890
52068
53117
52401
57989
49076
47806
41326
48780
53000
52454
51137
49274
49637
48890
46409
57170
52115
54834
48373
53178
58325
52706
47467
53482
51432
53400
44328
53028
56850
57393
47160
57174
50001
48250
49661
44205
52961
50806
47347
48115
55873
51282
53891
46136
51360
49319
49614
48970
54664
55268
47205
55770
53398
43897
43394
54489
48485
43847
54333
60996
50008
49189
53660
47463
48799
50953
50144
50719
43393
49056
47763
53918
54224
42317
54924
46335
52362
50096
46777
45031
50720
51299
45594
47570
57578
47742
47225
47762
46778
51183
43771
47412
57864
48135
48724
43056
49576
55256
47726
53234
52601
40630
52820
50650
43951
52692
43934
53716
44822
50707
50639
54249
52473
52412
55141
50851
60713
54813
47275
47665
46348
51973
46715
48272
47256
48541
42804
49013
49590
61261
44139
46844
48970
44689
54792
56930
45994
48241
51971
51415
48174
46570
53327
59344
55394
49492
50266
59899
51320
52840
49184
48842
49532
47421
52021
48720
45768
51925
57415
47767
44810
54049
48174
51481
58940
51466
48693
64444
47413
47714
48733
50528
48018
47677
53612
48490
64602611
