124320
105348
94245
78038
89686
88197
85417
110726
99447
98451
85758
118473
89848
103793
114743
106519
94803
99597
104746
103735
83101
107038
81379
110138
102923
100988
94268
102276
103583
103387
113176
110178
92288
89102
103804
115461
110111
108029
92047
89116
116903
118586
110120
96042
111171
107914
84143
110599
128348
125867
101418
94289
104660
95812
124122
104634
151621
110459
81884
91989
95930
117494
90143
122899
120549
102990
95022
89121
136599
103418
121539
97090
87665
102480
82247
117597
111285
88435
111643
118502
101841
96214
106248
129112
120044
90519
156080
115076
104979
127696
131977
98757
93598
92657
104858
117323
111644
119811
108559
104031
102841
106830
119258
105369
102595
99667
132475
71461
113544
122455
116141
111144
85293
98882
121166
108622
129562
129552
114724
88327
73972
152190
90339
111184
113090
115777
104747
118846
93960
101483
118124
102441
76051
107477
111069
78669
126354
107649
128548
102053
109797
112037
106109
99454
82828
111624
110878
90482
122297
83618
90874
130647
84347
102133
93824
113275
117062
108538
78134
98415
126874
96056
130854
104292
105221
114183
100525
101279
116362
89289
108358
93341
105296
92673
104944
112052
118543
89232
116550
104084
105214
110596
111877
124046
97649
145025
118672
163421
103906
103253
108128
122908
114100
98509
103170
121798
96247
107305
85543
90607
120632
89400
88273
95573
115187
130339
128322
104822
114463
118103
89788
101644
99836
98947
97667
134453
91872
115582
103423
90296
117625
103498
92587
134716
132643
92759
111110
120626
107716
118679
102190
105448
92174
149458
127170
98444
105432
103154
131811
102993
94401
103401
84471
115641
95271
133164
127351
75067
142025
105022
93424
113590
121517
94413
123039
109375
99065
87295
123676
111012
88638
99134
124953
107299
142700
126634
109391
114301
132396
89537
112898
96300
115581
93949
91678
95285
80993
91416
117351
101491
112318
116156
125531
106277
137818
94686
101012
88264
95405
100539
97234
112507
124364
99041
95818
99579
110961
93806
116497
117969
105182
127524
104433
76309
119270
110537
87345
103455
128854
88508
128564
121497
89682
115518
126577
134529
100613
71653
129489
50666
34173809
