71108
59013
61317
59033
64043
62490
74442
65041
58003
64225
62497
66801
58862
59082
57253
58328
57249
61606
66801
60564
63108
56406
60740
66049
61508
64440
56388
64130
67070
58311
66336
58335
60624
57852
47763
64777
64367
59929
61126
57301
67717
57898
66979
53225
65263
68041
57878
74526
73446
61876
64614
77082
63923
67181
56657
58217
65621
63892
50730
60287
58780
75230
67708
70954
49235
78084
63943
57753
58064
58075
59208
73400
51286
69507
64715
64117
75163
72365
62229
64649
56329
63419
68727
69414
78103
58128
49808
63847
56250
62219
55609
55901
69215
51066
54583
53275
54059
83806
61830
50458
65586
61065
47831
63839
56963
56261
50794
55630
58348
65243
65649
67871
54871
48247
51400
63619
62649
58229
53291
64291
71894
61702
73933
94611
62041
65578
76982
57639
57650
73254
61241
55386
64184
61034
62051
72575
60606
66677
56963
67110
50950
70919
61813
65870
64358
71837
66022
59073
59395
60330
53040
52646
67316
68637
68445
57577
63756
62554
73070
75010
63223
53320
63433
59578
56767
59532
71050
54583
63838
64978
53657
69271
54212
61941
49110
72261
56867
68257
51853
57981
69815
60694
61561
57996
68067
62492
74873
53916
61845
65200
58543
65409
55486
73303
58397
61235
65681
64443
58453
77056
54665
70003
56014
64063
63795
60639
58258
59423
60689
60874
62503
62231
61795
58900
68035
65194
58763
66456
57616
54016
60255
69179
61924
55009
74093
59720
52596
55854
77203
69576
55704
66781
58238
68070
62558
53378
64978
65950
70774
54719
59995
61473
47622
63113
69554
54596
56478
61508
53195
60537
62719
61083
60109
60656
69792
56969
53199
56073
63583
56511
63929
60857
57516
56257
51639
72808
58841
57294
69713
76489
58343
72776
85742
62870
59392
50956
66622
82237
55214
51211
72532
57065
75943
55530
66469
60780
62925
65422
60719
50282
61369
75563
66260
71969
57232
63889
56346
59370
62820
60738
65000
49354
64558
63653
71822
58096
62850
62478
50417
53833
58622
65125
56963
65229
73624
67276
61324
57462
52615
64113
65986
57104
52490
62653
64758
52339
64121
61519
71256
58317
73378
57767
52686
66458
66626
72152
62409
58191
57211
62615
66339
53888
63676
65286
75165
64380
59462
55124
70644
65390
64185
65326
59339
58539
55926
53823
65611
60615
63026
53526
56072
72794
52539
59844
56615
57494
70934
76839
63152
67860
56267
61561
64423
55109
60358
62598
61443
54447
70304
51960
64719
70351
59111
53653
59296
62008
67133
55784
57872
58355
59934
65993
52816
68891
66446
64763
62244
67270
55888
67520
55985
64952
70249
60317
52135
68689
63373
56003
64252
65105
57691
56778
59630
54946
64694
60220
61795
66196
63110
49746
62192
55559
59319
61497
63359
60240
71131
60893
56113
69766
65764
56000
57962
59796
73058
57867
58524
59431
53218
52819
65697
65115
60860
49240
74022
52468
80648
58072
62778
63258
62269
58424
57126
63064
66303
63640
63720
59065
64264
63829
52879
64387
66802
60206
79632
67600
68261
72647
59335
69043
58889
57378
58075
59490
54649
77119
79239
68326
68502
67613
59395
54815
65970
62007
56633
55180
69141
54627
61798
62249
66756
70605
58830
61100
68841
47600
58987
52031
50211
61459
59661
61317
65084
60187
57470
52484
70257
55479
65014
63485
63380
62160
64454
53732
64728
71073
55956
62958
68102
60843
64042
68570
62021
62683
58554
59493
52735
52180
59940
65520
62600
62871
59040
58169
67095
59839
54164
59780
67647
61211
69773
67002
59707
61042
50954
51155
68993
61652
54577
68675
59923
76246
58358
69726
64055
60815
63033
75614
75826
55653
63094
77443
62668
58021
62049
71257
60247
62976
69949
61957
66478
60186
47681
63616
61163
66751
59708
55828
51465
65459
68198
55225
62736
69896
67521
57456
62772
57503
55945
60839
66218
61289
56000
55141
62923
65419
46728
61772
66466
56483
74137
54323
59791
56244
67268
56527
62078
62219
69081
60219
52770
66838
48776
56103
72843
54666
62930
69791
59385
63755
63343
59536
67215
61859
59253
56797
54198
65050
48325
55551
61652
62990
60501
63262
70999
50331
63854
59540
66611
63529
39706996
