121009
112642
120198
105976
127768
118324
83289
93750
75455
114489
113932
113981
87916
113971
101837
97501
102146
86286
97038
89868
102544
112783
116659
91592
104415
118188
116956
138831
103287
97823
135806
89463
101342
123583
116763
116262
109280
85229
109392
105596
122753
99699
100936
83180
96304
112754
99352
94995
108438
103802
99251
114571
99128
83064
109591
89826
121916
137704
89138
107318
120748
105682
140605
104080
116443
106766
131110
100087
108450
117961
87922
138272
113574
97628
110074
105425
118354
101639
105609
131604
107268
93850
120634
102418
99640
97063
103804
111570
90778
102352
107699
87659
121063
103244
92392
116626
92324
105260
85050
107726
116364
93083
124168
100443
89264
116356
100959
110613
116024
117650
103807
92760
95781
97347
73096
90195
110773
123547
98627
104236
90662
125997
109614
106731
122052
77073
108689
97676
110081
86695
99973
85742
98124
105318
102028
113648
96604
97172
136892
106896
114009
108989
104716
95837
104122
94355
112690
103465
122642
98716
85584
117804
103876
129569
107563
115500
88248
97754
112508
102355
84827
97724
92602
120314
85812
106691
97072
101306
115486
97844
94858
134642
118031
131864
111694
118288
101250
111875
108726
92871
137404
111256
77317
83365
111591
92347
111953
90805
93120
112099
117771
101793
106940
103502
102498
108200
116736
99195
94684
95875
104793
97851
114032
117439
117369
107285
108170
87509
125725
106436
109943
91901
102703
100532
93722
107941
100330
119802
95991
105786
102123
157351
109476
104078
90761
120078
120572
113673
105104
92467
93041
119815
111657
114167
108513
120028
100440
112042
101360
73254
87010
86596
96139
111567
85801
108344
134433
102791
86149
109819
143768
97844
77228
97105
102765
107515
109721
93198
79255
82554
93643
99493
144984
77237
95139
88203
96807
100713
95341
138586
127311
85325
88462
84577
146410
90800
104280
85900
111973
81126
103008
122245
106387
100347
137818
106935
109761
121282
117372
102480
88673
103077
120710
132707
101246
85198
125145
104119
110809
91419
86321
109469
112825
90266
150710
117699
121090
125409
102489
94223
111262
88030
114239
113848
89308
108749
116479
108495
90266
97647
33783367
