65416
59952
73960
74114
63140
56374
68606
65528
58479
70392
67267
61982
61369
58670
68385
58675
57979
63044
63834
72714
59716
59959
66029
50523
65663
57101
67465
66500
56734
56236
68766
54191
58208
53787
62837
61633
58211
64288
64844
58724
59946
73547
63195
61528
56944
58551
64116
60764
65261
54840
60144
59478
47817
58387
62754
63709
62016
64291
60137
70536
67498
61789
61846
63781
60830
48369
73610
77792
68446
62463
54065
62142
47137
55980
61828
59484
70758
53949
69770
61036
70580
62370
59447
70589
56316
62104
52674
67173
66826
59043
55347
76009
62457
58592
57609
57882
80175
61538
57038
61631
67502
56549
77114
75393
66019
54603
61602
54839
61777
64036
70821
63266
61709
62105
66172
61136
57991
63745
63563
55802
67645
57250
68936
62296
68470
81360
55856
62304
55374
68475
58509
56644
71798
64989
64196
59765
57936
71455
60935
67893
58569
65827
65730
62345
57108
54813
61932
74583
54462
67254
62251
56017
60658
60719
64491
75362
59478
59881
48751
67451
59781
72696
56856
63240
67088
66511
76792
63895
44313
65267
66582
68898
51625
57921
70485
59030
63967
56696
59992
62753
57725
63634
59626
70962
63682
61283
64690
67010
66102
62676
73758
63001
56478
62926
74373
60757
61599
59210
67198
61103
62555
59571
63495
63425
63622
61167
56658
56356
70525
66174
49263
61695
59441
61041
68194
59625
51125
68253
48426
60696
77410
54308
62021
65399
52492
60385
61191
71341
54629
55659
60658
65657
70682
70679
60411
57364
57685
59965
59622
61353
73622
67138
64640
65469
49528
60933
59268
75745
55841
79829
62053
51220
54731
62666
64771
53038
61620
62349
62620
70981
51891
60593
53270
54686
71342
67578
64945
62303
68075
76080
54636
61340
71367
54120
61786
63567
54851
57962
61826
66483
68035
55052
57465
60463
70020
69244
65758
69220
68924
63561
78644
76973
78647
63148
56262
80072
51815
66272
55150
52156
62730
74181
62400
62826
55029
62750
56874
58112
54902
50193
57029
60649
64198
53245
73504
53227
61171
58182
59076
57199
60760
51480
59237
59239
72258
68486
65534
52173
59453
62928
71338
60915
62665
61368
65853
53090
69817
62974
62107
58886
61905
61839
74631
47924
61856
63733
60060
59152
72634
55198
71855
53307
57794
54722
58781
61134
65291
45782
68836
51038
52985
66697
66259
77154
55377
73274
53810
61417
80108
59592
62821
57799
56440
72693
71477
66378
76185
58657
62509
62417
67241
48302
64027
58762
67601
57039
53067
49188
75823
55815
67562
68257
57622
75375
64333
63428
62998
64630
56409
70242
76349
66792
53810
61224
60013
58638
61321
50654
74338
60989
56779
62367
62356
69110
51610
59844
55256
69686
51041
58537
64147
62553
57316
70696
60289
56297
54379
61275
66752
61572
78937
50076
84256
58954
67342
50777
60783
63399
58284
48259
69891
65900
70078
48762
64676
63820
73020
63579
65583
62409
58262
61815
75458
65959
70556
62602
60983
59538
64077
67000
71535
63676
68517
59230
73810
57554
53155
56385
52668
56656
62903
62080
57710
62898
64083
56826
55747
62893
64558
57586
61335
62046
62885
60760
60707
79400
63927
55227
61850
58636
58111
68773
59560
59561
68935
63886
59132
70494
61728
60015
57371
55045
68674
67442
52125
70176
69644
73350
61460
53925
64496
64114
59415
59352
72434
54862
69414
64435
62256
58870
56828
60320
61626
57999
51578
49501
67221
56220
65906
55172
58214
65176
57403
60058
63185
58519
70388
50431
75737
65738
65913
65007
62403
68970
71150
64760
63517
53322
66462
63634
58361
49717
72953
70486
72127
62947
57034
63377
71000
65959
74155
63229
62825
64005
67815
70614
67250
64764
64269
51216
64756
51763
74845
66469
60618
56261
61316
55947
59167
68898
63025
65293
50716
61403
55721
62233
52220
65950
55864
55213
51395
57780
52007
63867
52395
70465
63779
70210
62613
58795
71722
57459
88220
56516
63055
56303
70612
61273
68092
61792
55367
53239
68103
58486
72464
61665
58857
58144
60764
51676
79045
57604
60992
71739
56323
65459
67864
59040
60168
55755
77797
68787
60295
54712
59070
57284
76670
50237
60340
54587
39938409
