31225
33370
33113
29409
27528
27992
21768
20574
23297
24455
23918
27316
23106
31728
26509
21620
31307
24847
23933
23960
24055
22429
29843
27392
28282
28424
26234
30209
39870
21615
22514
23966
21886
26369
21817
28356
26505
26045
25040
23917
20041
28945
25628
32778
25343
25593
23979
27018
22401
25001
22636
22912
24671
30093
26937
30603
25648
27921
21530
30300
22690
27705
24820
26812
26132
23626
20837
24848
29980
29028
22273
26707
25489
32926
28720
22675
28675
35850
26937
29097
28114
48947
47977
44290
35489
23457
24744
63364
42967
28907
25353
22147
24417
20331
24248
26817
24929
26604
20098
25566
26816
29271
23173
29277
27279
21778
26167
23358
21869
23242
27965
29774
23212
21903
20736
23713
23694
21253
29135
24964
21583
26374
30089
27227
29201
24675
24890
20785
32093
22123
25712
22574
27617
21424
27936
27208
24194
21205
31480
21418
24524
24118
29748
22686
24669
27091
23762
28991
21754
23460
27152
26367
25348
24340
24004
24117
25982
29120
21416
23000
23796
26286
26656
26235
19702
25507
25742
23850
21988
24240
27151
29837
31465
27813
26439
28113
27026
26141
25303
24750
25353
20720
25316
24354
24423
24179
21527
24616
24797
23698
43661
27268
22487
27752
23252
25601
21863
20919
23739
29161
25518
29446
28053
28366
27994
21533
26704
29310
28702
28030
20668
24793
26549
27047
27852
23304
22205
24178
30098
22076
25520
23590
23565
29490
29689
27665
25792
21456
24475
24632
29048
20854
23817
27328
24039
24131
24635
25869
33313
21198
30907
30084
50602
25673
27131
28281
28019
103640
25955
29819
42212
26477
33938
29172
25264
22753
32087
26519
26823
21607
29548
31247
27928
26720
26903
27341
28447
22818
41037
70156
52053
53589
23212
48831
36820
25652
22109
26795
27435
28688
25931
21956
23850
20934
28012
28975
29448
22541
19576
24177
24532
23683
24488
25956
27876
23631
23506
20994
24302
23400
26736
21192
22466
31449
31232
26634
22621
23169
25540
21244
24414
28199
30226
24486
24078
25325
25060
26602
26044
30973
25833
25190
32214
30634
26522
27507
30107
26519
25960
24133
22638
21428
26250
23920
23602
25515
20665
29152
27945
24150
23316
48267
23600
28161
20452
28368
21436
34058
27194
25861
25977
26786
20802
26894
29441
28562
25503
18904
25110
25736
28095
23419
26414
22990
23032
24493
25707
23274
33807
23167
25285
31509
27669
24915
31767
28509
25584
26807
28286
38862
29127
20986
21815
23631
23310
32168
32080
141644
208010
28071
26577
22148
22714
76373
27916
32260
27702
390582
33324
38030
283994
31405
31427
31952
24077
22487
21216
24994
378823
36106
35308
302211
31360
30689
29170
24831
24638
26919
25675
26110
24022
662547
35512
30369
31297
107675
21328
894777
38143
28241
22827
26603
28353
22689
26508
24887
22164
25435
678212
37305
31745
21158
22462
29527
25295
29501
23074
25182
23397
28387
680396
32487
36181
31757
22487
27366
26437
32606
21053
20814
27284
27393
669316
64846
26635
27101
23362
22446
31736
27550
24631
34318
25617
672280
30913
27333
22189
26172
22029
24821
23767
26250
26195
27016
23780
678191
38013
33035
28930
33808
28974
24302
23646
20000
25050
22071
685586
32003
25914
34643
22459
21639
26285
25336
27880
27857
24099
24681
662310
38622
43649
897117
34593
24359
22463
28114
22832
27991
28238
27599
23670
25868
668489
31864
25519
26085
25471
25004
94781
28972
22124
27277
678060
32032
24398
22596
26076
24535
22809
22534
24125
26032
23219
26148
28943
672536
35827
23095
26794
32345
24197
27024
21516
25089
27756
23566
23587
22625
673832
31368
24089
20501
23701
25114
21755
25282
31872
31399
24185
24355
23591
664599
33986
28185
27089
23569
21143
21965
26971
24685
28586
25891
23949
26479
660942
31762
27008
25600
26393
29351
23484
24989
25608
22836
29736
674934
31853
23441
24858
20920
26429
907978
43498
30188
23062
30203
26363
23291
29182
25017
25504
22076
18979
595908
28239
24611
49915
60609
60947
38270
26725
25318
30875
22272
24463
23811
23125
562644
38179
33531
26238
21309
152954
40280
36927
27596
20997
32288
28470
559327
39825
28345
28689
167340
33830
27903
22322
26239
24916
31188
24441
574256
32071
27893
29884
24717
157738
34334
38094
22299
24414
21697
510991
36037
24563
26193
26736
25734
23632
279133
31859
26984
22448
23916
467099
39580
30099
27063
24904
26964
25052
25832
262777
30525
26146
26705
28976
564301
36062
921142
30550
26119
26346
24204
23625
27082
25603
30117
27787
690748
31695
34455
30581
25023
28396
26303
30503
20354
24379
19695
29201
22828
667971
34197
27407
22325
32313
26020
26707
33222
21062
25418
22977
26089
673069
32947
30617
25047
25396
20624
20098
29193
28320
31152
25211
26916
683747
31074
26967
26841
27246
24580
20538
30331
22345
23764
29586
22398
677970
37524
34577
32547
27062
37986
46778
34862
26605
31149
579266
35874
30733
25857
28120
25234
30130
28260
759861
29883
28110
25003
21660
23382
28452
31183
28122
889266
32606
28823
25360
27450
38127
34446
30859
21173
26367
25103
27993
683137
32756
30638
32687
22798
21147
21790
27722
23535
27928
25292
21816
676070
96605
26120
20846
24623
28475
24373
25351
22218
20388
691529
36796
79220
25200
26007
22199
20955
43000
24338
26587
25335
29125
653877
30095
22380
74608
22111
19572
24172
28844
23778
20397
21385
27945
22375
673783
34584
28667
31057
24798
23975
25103
29461
23170
24666
24274
26364
21126
659622
35251
43016
30603
27175
22682
889298
35294
31860
26470
22276
26463
21043
22992
25884
24615
694355
40258
27780
23590
25867
30385
20561
25883
21659
28795
25898
27558
679314
35104
22394
26434
20612
22207
28232
23568
23366
24244
26684
24657
22532
22401
665829
26248
25327
24490
20370
21735
23184
26882
24072
25932
22135
25760
702609
32829
23908
23423
20644
25366
27787
26250
31021
30184
26110
24127
22685
564566
35867
24065
33103
30320
21173
38862
28010
25580
22230
20702
673233
38118
23817
24921
24529
21914
27798
23782
30361
27537
21634
721855
33032
25972
907450
38147
27246
30069
23048
23166
33170
27473
28527
29429
29152
587860
43301
30456
23457
20080
27158
21143
27802
24183
29751
22916
679993
32008
28693
24380
25460
27419
26485
22295
22689
27341
35050
40668
558633
37521
25504
29712
31729
31813
27957
30065
27051
24230
28909
23442
654619
31861
26400
31652
28650
21482
25409
30011
26029
26161
19843
30564
673203
30744
23938
23088
26232
29820
27491
30801
21457
21791
26227
20041
26371
671658
31753
30379
33970
24960
23364
26128
23429
21662
26828
25976
24227
23317
673217
43683
24333
904678
36444
27027
36640
27501
27256
23490
25545
25840
35472
672299
34173
28999
25432
24129
26858
24842
25024
21678
26128
27911
23550
24051
672249
37331
25363
28983
27272
28196
26734
28218
20905
24923
24674
30715
666012
33011
32688
21626
25251
29364
32923
24295
29462
28690
24712
21956
23183
671922
31204
31752
31198
26721
30777
30377
22297
23678
23149
25268
25632
676175
39607
21964
30914
20341
27269
23854
28679
26304
29230
22028
27223
676503
31553
25076
22044
27921
23214
24105
24989
20141
25060
31741
23948
22805
669871
40254
30386
893154
40753
22736
29365
29800
21941
25993
26212
21829
22551
24049
605409
37248
30141
30588
27557
22562
24137
25150
20900
26543
683582
33354
28686
25690
22291
22234
24898
24002
27827
25677
27849
21271
21554
668405
37354
30478
22353
25011
31632
21489
24207
25818
22470
21101
22624
24118
666414
40106
31278
31932
24507
22345
23208
23745
23114
23707
26695
26782
22893
674862
36948
27079
24101
25845
31110
23871
25750
24380
24774
26628
28712
662649
27799
27946
29557
22247
24530
26556
23545
30527
29797
26556
23219
26424
677732
31710
28385
895833
33418
33743
31086
28893
28797
52439
55834
30047
24763
22334
29646
33392
568934
26995
33987
30720
26888
25472
82116
27644
27011
27367
26894
551654
35124
22560
22996
21695
24935
27645
25781
155209
36637
38249
34772
563932
39569
33618
31518
28009
23004
25997
179133
39780
26175
30002
566084
35039
22942
24643
23415
23350
29653
26577
169719
37453
23499
21243
574355
32514
27778
29706
30750
30427
21420
22864
166140
30732
28899
54485
459447
30223
28398
27647
29422
30909
30431
89756187
