29072
31372
33474
29802
26321
23919
21579
20822
23720
25389
24062
31197
23218
26916
24560
27455
25185
23763
24548
29808
27812
20963
23662
31050
27429
27267
29037
24864
26403
20990
24498
24008
23472
22767
28545
21972
24554
22426
24878
26120
21016
19770
21462
21257
26530
28566
23628
22593
23330
28495
28710
23062
28438
22598
26135
28077
26908
21777
22352
26048
22511
23369
23287
33809
25800
28195
29007
23427
21165
28699
23024
25546
25708
21011
29714
30530
25972
26497
25693
24425
24782
44360
34991
44582
49736
52193
34358
37660
65682
42104
35839
35911
25228
25686
27055
23131
23090
27877
24362
27000
27468
23048
23382
26220
33070
25363
25320
23923
23091
25770
25426
24459
26907
22123
20756
27400
23672
26173
21912
28380
28797
26889
24955
27907
23282
26387
24769
22461
22242
35939
27684
25532
23376
20296
25092
24933
24461
22099
28548
25955
23174
23591
23107
23015
25609
27184
21162
20758
20298
28963
28722
27785
23168
29347
23502
28342
23694
24655
22370
24015
23762
92661
28295
27728
53175
29879
22103
23993
28171
28971
26489
20890
23928
28519
19966
32091
24470
22566
30801
27950
23639
27266
21454
21561
24378
20961
20826
24485
22869
23673
20999
26084
22116
22203
26513
23631
25967
23483
23545
24038
25288
22524
29202
21656
22125
28365
23456
25558
24475
23444
24674
25576
21628
20717
28423
27905
24059
23568
27502
20656
27061
23599
25034
28586
30513
24335
26389
26484
28212
21496
36696
38011
27449
23039
21277
20520
24761
24535
27066
30769
27903
48326
24426
29958
34695
109637
22177
46192
28334
26763
26097
26267
25869
23976
32332
27207
22624
19680
21478
21411
22003
27085
21136
31714
24930
28214
21601
82104
49757
36208
51129
23352
51869
35766
26137
23681
25321
21059
23738
31784
26581
21189
23905
30871
24020
23593
29102
21393
26122
27949
26449
25917
24534
25091
24820
26717
25671
25761
23407
25635
24106
25017
20673
28646
23687
23431
21157
27998
24281
21448
26827
30507
22592
27886
27923
26740
30261
26882
25878
23599
23323
23615
33192
26878
27423
26166
24814
24977
21973
31439
25862
30703
26562
25470
29248
27658
28133
25588
25967
26423
19713
25817
25252
24590
26610
25102
28771
22553
25664
22460
24939
25111
21739
26631
26407
24604
28726
27498
30297
28642
22942
22783
31602
26564
26319
22758
24121
26454
25014
25200
29175
24873
21795
23731
20479
27586
28646
26437
24817
28846
25990
22937
23290
24070
25779
34036
23919
28400
39730
60400
25720
207197
32467
25000
24609
23261
20948
22531
27710
25232
26934
22823
24989
378418
31123
25697
24548
273309
32487
27718
33340
24162
25555
22080
21364
25392
363223
62501
28112
272979
34554
25560
23656
27470
25963
29485
26277
29870
679553
28571
24929
20949
27528
25939
28097
28563
59821
880951
40047
29349
33467
27412
24731
22791
25513
24630
31932
684573
33544
40335
29730
23970
23643
26420
25262
22293
24490
23447
23899
677465
39283
28076
31320
25912
26533
32865
31138
33749
30641
27746
667395
38325
24379
31134
34219
20797
23131
26526
28960
22603
28500
31254
673328
36983
26052
22525
26304
24266
25876
25045
25291
22502
33711
34162
658236
35795
28235
24387
27033
18804
28025
23696
24313
25351
26688
26583
670041
33550
25382
28720
27192
22563
24631
25463
31300
30220
30455
677739
38193
43051
896869
40116
23336
27033
23659
25394
24970
25825
25357
25517
695652
30013
25759
26156
24540
30763
26133
21601
29588
21788
24632
24508
25023
674045
33589
33204
31862
21976
20493
24218
21193
24689
22547
24280
26336
26458
663621
24709
27745
26763
25983
30733
21762
26991
24965
20427
27963
30406
24493
674744
31073
32950
30626
21446
27909
26646
26766
25442
26058
22977
29225
670501
37606
31374
30287
28326
26361
23119
22592
26510
24923
20770
705507
31883
27716
23603
24014
22665
31016
27804
25620
32011
34190
662567
33111
28491
27689
30315
23805
891154
40153
29603
26048
26632
23554
26306
26719
27497
664017
43345
45790
26868
46860
58209
41964
24522
30219
27446
21551
24470
28314
26667
553343
35684
31333
22961
20719
161949
32388
26132
26249
26281
25007
22475
24946
565220
42716
30163
27828
171132
32630
27293
25224
24403
30514
24866
29328
555087
33271
23373
21080
31688
169329
33904
26652
24097
23793
24290
27093
25670
467216
39972
27169
31065
25859
24672
21730
271380
30151
24605
25357
26657
464298
28695
21525
27158
26139
25632
22834
22934
24819
263179
36955
26756
25345
577573
34795
23397
905474
27833
25045
24496
32557
23708
21893
31514
21266
24058
687196
32663
28416
28282
28788
24940
29482
25700
31340
22896
24838
22340
28545
677596
26354
27984
28164
23268
25760
24763
23704
22728
21956
20297
27906
22614
676796
30921
28901
37870
25195
22588
26878
24237
21116
26381
22403
28754
683483
26513
32076
24145
29610
26333
22800
26319
20722
28277
25508
23785
676367
38580
34723
23609
26384
47603
46633
35514
24186
32919
579182
35653
23805
22251
26210
26704
26616
24682
27480
754117
33431
24946
23957
22505
23274
24196
29786
20087
897088
42324
32262
27105
24630
35632
28404
29866
21979
22008
22465
24696
690055
35204
32256
22257
23783
22978
28630
32500
28327
26398
24931
31361
658943
35957
31481
75814
24858
25709
21922
29975
20659
20502
692961
30738
21966
22774
26146
37078
49760
64849
24936
29881
25546
31935
648924
35305
31848
24789
25807
22183
33559
24850
24732
27800
24729
27575
24929
22940
657411
32311
26607
29814
22822
25239
31266
25173
24341
21844
26544
24177
23863
663885
37117
40507
28695
26173
23248
889272
34156
25092
22745
27126
22147
23741
32879
27226
28391
694004
30154
27011
20519
24838
23489
25883
24641
21687
25387
28436
27391
24879
672475
33348
25673
24934
20348
25196
26811
22189
22130
30830
21313
23007
21839
23430
658642
30067
35956
23232
23845
23243
21975
22455
24881
20881
20063
22466
28494
682968
27438
22853
27739
26287
23525
26382
24078
27257
20178
22317
621838
32019
28017
31157
30939
23399
26900
31354
23199
25430
23405
25597
658358
36537
39957
30870
25377
29444
22638
31050
24749
20528
28861
691993
33212
22618
902956
32302
33748
33677
26513
29477
29620
24580
27653
26871
26608
595576
42555
32066
24870
25255
25779
27434
23418
28641
21680
25377
672770
25187
23374
23365
35571
29400
21360
25200
28801
64081
593928
31602
28249
31249
26007
25182
23209
26034
29546
25423
25402
22781
24543
654455
30034
27126
32882
28867
23581
23153
25649
27313
28054
23861
27052
672602
32317
29538
21548
21579
25103
31418
22118
24973
25228
25899
20918
20151
678880
29531
32710
32302
25357
29550
30846
24513
24538
20015
28266
25153
26118
659810
29153
26061
24928
894824
34549
27878
30419
27649
24657
27211
24839
30251
30566
677743
34394
29766
34433
22601
22922
34523
22623
25651
39742
25874
680932
34665
22421
30283
24386
27347
30038
23162
23738
25783
21526
24096
44825
651930
34165
28613
24629
25127
25590
26457
29753
29091
30533
24288
22769
20339
674456
33686
32735
25385
30088
31607
22981
24603
26737
23149
22595
25615
28893
658772
36460
30249
34141
32629
29378
25603
25237
28196
22126
22223
678532
31380
21590
25872
25537
22947
26077
24580
20853
32306
26861
29172
25448
662342
24481
26513
911241
29913
32494
22785
24033
31071
26865
22583
22522
25021
25834
30019
573371
35736
35245
23284
24792
25726
23141
29616
22506
28781
681847
27096
24437
21833
25207
26589
25780
25074
23658
21903
25782
26111
21792
21204
660857
36323
24789
23085
23330
23651
30947
28974
24492
21689
24643
24915
26097
659663
38103
27399
36312
22313
20761
27313
24325
23805
21827
24640
28909
26144
672164
29983
29859
23424
24244
28884
27081
28157
21879
24817
22910
23555
677238
38652
28663
29027
27368
27592
27021
22586
26882
25647
20482
24188
27348
678214
32555
912633
38066
29280
63689
24257
58069
54979
31198
27354
24124
24410
26894
578735
33036
25794
33867
24493
24977
81829
33912
29191
23988
22439
551964
39438
23019
22925
24952
24205
29461
166409
38082
38057
32033
569884
31177
26046
21306
28386
31192
24154
26476
168983
40010
28887
29020
567332
31739
27016
27839
27294
24578
24862
22794
168770
28060
24286
23062
25678
560547
34878
22217
28255
25569
39324
88795758
