31965
22657
25578
23562
30012
22077
29431
24180
28464
25631
26232
24286
23542
32000
25947
30055
29054
28017
21743
24425
28162
25747
23602
22543
29675
29775
29671
27259
28156
21240
22488
21838
22123
24425
21291
20819
24553
26128
31271
25926
20713
23827
31275
24998
35270
22848
26058
21226
26820
21465
19679
21355
20632
22692
28968
26425
28694
24403
31311
26308
22588
28816
25502
27054
22098
22394
22758
29930
28644
25396
25912
27641
26632
29179
32728
31106
29956
27220
22041
21198
42261
33364
44150
52922
49199
35677
36927
65363
41470
36402
33244
22435
22871
23798
22931
29362
20545
26339
26600
26111
24548
20892
23199
27461
29872
25690
26958
20602
22898
24885
25968
22620
22628
22247
21807
22978
21535
23994
23737
26897
25662
26514
20679
22651
26559
29317
22028
36038
26655
22933
25442
21832
25824
26311
33821
29944
24108
25193
24024
24023
22603
24462
22659
23235
27920
27100
25924
24960
22155
27617
23598
23950
20594
29306
22438
26164
26258
23474
23312
32063
26579
21947
24894
32143
67835
27262
28244
27124
23713
21792
26664
24467
24280
28603
27024
24912
27069
22779
20362
22415
20881
23311
29408
22202
24224
23947
20154
26004
26045
29353
23838
25260
25523
26009
21499
20439
26484
26249
25427
28072
24042
29712
24855
22035
22346
24429
24503
26624
26093
22097
25988
23040
22280
24689
29631
25364
26284
19657
23973
24507
26501
23431
21440
22226
26244
20915
26524
23239
30720
27340
24943
23779
24959
22769
26135
30798
21858
28967
27433
23124
26363
25750
28718
52067
27507
24960
31875
23677
29162
23159
24409
46470
27432
26661
22609
24094
24079
26681
27568
25128
29239
22451
23649
22767
23252
25542
23747
26694
26767
20962
30187
27607
29783
51274
50923
39841
40034
43591
54214
35712
27998
23194
24099
24329
29059
22456
27886
25965
20956
35837
25441
23605
28540
26657
24884
22429
25940
28167
26547
23796
24155
23953
27568
25988
21731
22612
24547
28177
21962
22083
26367
29885
24305
25237
37104
28067
22769
25033
24418
25784
27098
20758
28591
28517
22478
25843
25041
20833
28319
21488
26253
28381
30899
26093
26855
22310
23413
29021
25138
26674
26303
21061
24505
24477
22218
25076
46752
25414
21546
21734
26251
24453
28540
23564
32301
22358
25915
24277
27778
24899
24568
27063
23708
27152
25171
29715
23474
20787
31613
27994
23199
22529
24305
28761
22300
24900
32300
28115
28047
27147
22727
25321
21058
24558
19913
27628
26712
25105
27929
28952
22246
28410
22633
20181
28054
202531
34892
30692
33210
27853
21241
24004
32365
30886
60824
24927
27944
23450
389370
34153
40756
281953
30498
24803
26271
27862
30399
25206
21500
385452
53844
25000
287591
35170
27250
21062
26653
27160
23804
22824
21693
22533
679657
29780
32426
22856
26462
39000
20988
22310
28288
898083
40929
30053
22752
26113
27263
27492
23849
26115
32122
685994
35406
24313
21928
26619
27327
27549
27288
26122
22731
25941
30058
683449
32356
34194
27613
28400
25626
28596
27658
23907
22851
26492
25026
668096
34620
51784
27791
30912
24406
24815
27240
28193
21822
22040
25840
665863
36982
27007
28929
28318
22573
21751
25021
23772
23991
22233
22982
675887
38862
30678
25670
29729
25537
27625
28450
19928
30226
23298
681844
25305
26342
23843
21645
24504
25705
25202
26632
24305
25943
30328
674419
36199
44623
33207
872621
47893
24409
27332
24885
28875
22797
24718
21887
25931
680737
35124
26521
26574
76828
24512
23157
50475
28422
671713
33114
24992
30192
29169
24308
22014
24315
25834
27194
23122
25295
26421
680977
30918
27604
27845
28096
23423
23931
23027
24460
28277
23637
24952
21489
678113
31291
32239
24875
20922
28150
23475
19619
24532
27775
33639
24219
681915
32879
23586
27008
24208
22730
25791
29927
21397
23384
21223
18639
23019
679561
29325
28718
26142
27363
22812
29175
26098
24801
20841
24432
26049
655636
35753
25843
31843
25241
21460
901799
37405
28082
28469
28082
25250
25241
28552
24125
28449
21014
24203
589323
43436
59085
59455
51085
42811
27171
30551
31056
29202
21061
28615
23676
551618
45476
29710
30370
168372
32979
33093
31184
23113
29543
27202
572608
32149
26333
21992
24762
161136
36849
26033
25297
24854
27686
40274
573935
36524
26799
24787
25521
163389
34515
31584
26005
23172
23242
71562
443657
35031
27370
28175
26733
24374
22030
276628
34175
28388
23596
24282
460989
33251
29242
28469
22716
24943
20277
30703
269999
33126
26453
27010
25365
566555
32584
27095
896323
42445
28712
25042
28718
34281
25868
29933
34773
685236
31250
32035
27380
21290
23162
22505
29729
26348
33397
29500
30031
21819
663521
32985
23215
23572
29290
25670
24019
27130
20596
26934
25140
27675
22443
662448
32132
29732
34602
26613
28876
23337
20641
27719
28412
25915
25566
676788
34508
23579
29565
28826
28590
22684
27090
28931
37161
21760
675755
37885
25298
24317
27419
47267
24617
31964
34405
43238
32130
562558
35532
25360
31154
25011
27560
26002
24909
24419
748518
30012
26158
22453
25176
22543
24419
35187
24613
887188
42453
23210
26953
27447
30761
30972
24569
20831
22877
26769
23586
26400
675252
28816
28555
26683
23337
26983
22979
36684
27044
25318
23398
29339
666075
40485
28669
26769
28026
23394
25252
30542
24940
27498
26144
20990
678231
36647
27920
23731
28921
23701
27183
25132
24746
25124
25377
25952
27142
26858
667059
35034
28646
27982
25593
23853
25047
23875
27307
22534
25185
21443
32067
29956
661456
33903
28818
28462
24191
21073
27943
22904
27085
23097
24257
27579
25988
659809
34004
40326
32569
26354
25667
885197
41598
30524
31329
24619
28412
23087
26772
21216
33720
678799
32445
24942
24386
26298
24732
25481
23756
30152
26564
25829
26773
27229
657409
33670
25242
28154
30747
27948
26383
24665
24070
24003
25156
26014
22469
667873
35772
29828
29565
23379
31102
23748
25449
26027
22429
23807
26937
676693
36760
28160
24064
25139
23090
27275
27045
20888
28270
73875
550144
32702
23843
33673
23048
23358
25974
24684
29218
28833
27348
23139
666484
37467
29449
29218
28691
24182
23508
26259
23997
30935
77127
651579
30553
26912
912108
32670
31291
23847
22023
28507
32743
29986
29123
32641
30243
584174
37838
27193
27982
21551
26665
25689
34475
27248
24721
28079
667163
35536
35420
37009
22000
22716
24008
24279
25940
45458
602156
34362
24928
27541
29337
23247
26070
22708
25737
29353
30986
23624
21501
649610
33504
29053
26965
24614
20621
21064
26398
25087
27638
25615
21745
20482
671736
38558
25081
28282
26854
27259
28884
21091
20527
21581
25202
30318
682925
32389
33533
31712
25386
27002
29113
33185
31096
25745
25668
28273
667817
34132
33244
905008
26959
31017
25554
29184
27559
33943
23904
31114
42035
662700
28101
24801
26294
32310
26702
28572
25127
21453
26012
21347
24218
25510
675874
36277
26731
20826
22578
21692
28972
24370
33512
23031
28704
32935
673752
32011
25085
26423
26703
26968
27517
27764
28372
24173
19468
28585
29222
673932
31671
27017
23943
26415
26868
20821
28497
36755
22905
24138
22911
686464
42361
32853
35461
31076
24598
26196
32633
32961
23232
22644
678439
40012
25227
26703
25697
31565
24395
34610
24096
23219
24016
23236
664887
36917
29519
896244
34865
26975
25984
22756
23877
22773
28402
23877
26256
25721
23752
580521
35748
31275
22366
26937
27194
21243
30088
20841
25185
688931
34986
31968
27717
29586
26314
20506
24476
21961
28279
25448
21753
676924
35807
26349
28704
28488
31392
27860
22309
28499
24828
31479
20980
673673
37981
33516
30848
28056
24516
31691
22580
25124
21269
24110
22962
29083
663516
35890
33055
24499
26682
27602
23479
25824
20967
28563
23628
30203
661493
33136
29319
25264
24253
20916
29519
26287
26861
27791
28640
28324
23370
676918
29277
26824
894483
35809
80931
32944
27030
83092
28932
22562
25962
27252
23553
588043
33356
26092
33316
24597
24077
31354
53812
31915
29723
28301
569621
39446
27705
28471
25047
23356
34321
154141
33702
25397
23879
29074
565295
34327
24408
28248
23378
25436
23514
20956
175687
44330
24298
30211
564828
36262
24132
30710
27304
28814
29704
178196
35138
22279
23054
25126
560520
37424
28236
30262
23208
24337
88795190
