35599
30121
28553
23209
25644
25636
22525
23299
32157
22543
25307
24826
22801
26167
25869
27496
28754
35210
28728
27288
21954
35171
30156
25877
28368
27567
24591
27864
21280
29558
21629
25106
24800
33995
24181
30543
27961
28717
62561
45049
35345
26206
25074
21581
29948
20753
20440
27382
23156
31307
23002
28335
22164
20602
26720
22472
24971
22246
28203
22396
23329
22469
23661
33680
23172
23530
24407
23217
23538
21384
21956
30267
31318
27284
25130
31996
27408
27479
34785
44656
50494
50664
46568
26758
63908
34983
24513
24607
29910
22459
20123
29673
24443
28297
40416
26249
24041
23577
24393
23945
27647
24770
23876
23120
30005
24494
23750
24129
24881
26630
28266
25485
26136
23419
22535
27874
25647
24716
27749
29559
20591
27042
23933
25116
19933
21443
31247
28161
27244
24397
28295
26440
24145
21353
22512
22150
28792
20379
25287
23762
21807
24717
27396
31239
25268
22240
26718
24272
25758
25846
29302
24299
22926
22186
29822
23920
95619
29736
29266
45428
22267
22287
29250
24254
22225
25663
23789
27579
25115
25479
26854
24618
24982
21780
22496
23837
27153
24296
21352
21749
27400
21151
26790
23228
24562
63648
26705
24468
24191
26692
27026
27219
22441
24846
27496
22918
25262
27892
28347
25068
27359
29269
23070
27341
29070
27777
26585
22194
25046
28942
28327
32393
22141
25655
25085
27145
30258
29398
24892
27303
26389
27066
25207
35057
22355
23031
24397
26984
25214
25369
26840
20562
21787
23400
29303
41909
21868
22165
25660
117358
29297
24150
22525
21002
28325
24030
22428
21756
30164
25521
29312
24521
24280
26434
22515
28169
27419
20416
31497
25528
23545
22763
51731
67300
40460
39911
42824
54644
31848
22267
23315
27820
25522
22655
21335
24968
26228
24598
31633
22008
23258
25071
28918
25272
26056
22015
23424
32443
31949
25711
19684
27593
21693
25317
22326
24529
21156
24799
26076
27117
25972
23239
21489
22748
28797
27300
30532
21868
25370
21671
22198
25074
27341
24592
22871
26751
22723
25490
29663
26724
24500
28835
22043
25393
21370
22678
22684
21473
24825
23776
19372
23707
28506
22356
23930
23114
24659
23652
18823
28436
25819
22424
25897
23696
22401
21049
26277
25861
23249
23565
24099
30526
30555
23714
32398
25190
23151
24234
21953
24058
24067
22761
22395
20712
22974
26010
26268
25608
24181
23751
21390
23426
28171
28730
29865
27650
24913
26017
37092
27072
25237
22610
22166
24430
29311
25658
26139
25719
34507
22059
32087
26680
22936
164434
24367
25465
24652
57019
23468
24775
23817
30398
25915
395526
33239
31027
27140
265435
29638
24756
22314
28551
22841
21813
20915
23133
377214
66962
296225
32234
24437
29407
23654
21512
23807
25899
27053
23144
681395
34327
27432
26361
26706
88343
24658
890524
36447
30673
20466
24521
32738
22511
25550
25791
21666
26070
678860
39088
35619
32320
27310
27124
29461
24881
20995
26952
26994
684452
34258
34100
31262
25303
26061
22061
24452
19391
24987
22531
20014
24236
665411
33847
29143
24227
29036
23742
26889
32829
28252
26054
24994
28446
670375
38394
26772
24109
24888
24286
24205
20800
24093
26184
27715
25128
678876
41568
29129
27424
27445
21793
29954
20573
24102
23946
19590
25641
670780
36264
24808
32399
25811
26090
27102
32591
22896
22512
29827
673934
31693
23497
31095
900287
32853
30660
27007
26011
28001
21745
29527
26390
25870
680815
36594
28428
25682
63541
22903
26448
21911
21792
29259
23903
685691
33106
27453
27648
26564
26002
23612
28609
26071
22193
26886
26208
674790
40072
24906
28051
27299
26796
27559
22813
27791
26376
24798
21165
24799
669869
30087
32713
24995
25207
25231
25140
27483
24435
32296
20921
26771
677851
35791
36881
25582
26141
28443
26897
26476
23069
88185
659681
32744
27176
21234
24599
22789
24463
23175
24383
34097
23663
25199
658263
29576
22584
38355
29136
911497
36013
28000
30879
28902
22166
30407
25387
28191
28743
22014
22638
590541
46380
43197
22962
50327
59527
40646
31731
27170
22886
27286
22340
25167
27173
552773
29478
25894
26160
22493
167603
34880
31896
26952
23319
26853
24853
581608
33602
23806
22811
26032
163209
34624
22443
26105
28253
25528
30233
28071
562845
31621
23797
24922
21797
166163
31770
24262
24062
23076
24870
25040
21297
20943
459289
34467
26564
24600
24166
20672
25340
278892
46456
24982
26995
24456
456944
35232
32214
27133
23405
20502
24225
21734
276942
28667
23387
25130
29048
568648
27322
24240
905648
35622
29426
22208
25585
28075
24420
23473
25829
35480
680076
36132
27076
23794
26647
24507
23551
26883
29258
24262
24536
25715
24831
674971
30140
27531
29219
31744
23903
21487
25502
21293
26727
32482
21383
22785
658924
35262
29801
29703
24464
26993
28072
19652
31759
26960
22125
23385
685011
24141
22680
24618
25966
26718
22267
27424
23842
32156
36322
22942
670846
36964
30247
28681
26883
47355
39222
35361
28428
28243
35456
560316
33473
30910
21504
27921
23792
41330
23482
755888
28947
26757
25036
25039
20648
20999
22544
21086
23128
889023
39107
23402
24065
26650
34974
27232
27051
23978
25791
22098
31194
695650
25483
22528
26150
27915
27229
25575
28203
26471
24404
31689
20800
677519
39829
30188
67117
28534
20697
18588
28484
25757
22406
23854
675042
35359
79276
25790
22365
19560
67693
27860
24007
24838
26210
660566
28282
39536
26018
24913
25726
22688
21551
26229
26109
25704
22975
28033
21435
672370
34093
29004
24829
25133
29841
24070
27017
22841
23928
21150
28038
25100
660747
35663
41924
33495
31322
904249
31115
26709
22424
27901
20446
24617
28292
29560
27809
687018
30504
24672
23877
27677
22021
27045
22644
27023
24937
24489
23616
27172
681407
42461
24592
26294
27226
25003
23555
21609
24248
29853
27186
24122
21704
662485
37988
27978
25935
24426
24148
22941
24017
24623
22312
21432
21784
25993
676862
32159
30788
34728
21982
31472
21186
32293
35087
22468
23239
25688
560516
39290
34791
23373
27951
22712
23700
23132
24615
25290
28533
26895
656189
35150
43340
27324
24333
28432
27051
33335
55060
22617
689525
31673
27077
905502
33574
31711
25953
24043
27134
32616
27258
26543
22829
20966
26329
580946
40297
28821
28468
24677
26212
27816
26481
28437
20527
25323
669029
34788
31778
26021
22604
29689
26081
21323
30027
50926
598461
31324
29303
29906
34480
31629
25516
31305
27099
25152
27387
24367
654931
24351
24443
21951
23917
35425
22657
29018
26219
22161
26947
21117
22223
671229
32410
26623
23080
22709
25397
26874
25270
25476
28423
29962
37303
676848
32275
32266
32310
24704
28385
22548
20656
23513
29267
25505
25667
23109
669967
41687
25673
904988
27181
28693
27789
22784
27363
22615
25051
22061
25713
29872
676484
35671
29111
30300
27046
29435
98595
28835
29450
673433
33617
25299
25309
24990
29565
25766
23447
28207
23668
27261
30893
677907
35758
35293
26502
21223
21755
25247
27515
21602
22314
26414
29909
25116
678773
33778
31797
28063
25148
55630
29982
41217
23939
21664
26490
668425
36112
31235
28541
23523
27854
25121
24798
24078
27388
24325
22153
677852
41847
24691
27051
28245
28242
24532
27429
24654
26328
26182
21266
671819
30877
28641
898963
38913
22244
30323
32848
25149
25493
29292
28004
26435
23943
581771
28305
26949
26403
27126
25900
27929
23527
29716
25362
25509
665687
33650
33842
26637
26993
27243
31738
22985
23017
28556
28289
22731
670488
35525
30428
28153
31857
26280
25479
23962
26237
23708
29934
25277
665016
38970
37397
30047
24631
21592
35565
19928
23169
23451
28767
31645
671839
40908
37048
25484
23704
26758
26933
25683
21903
24457
27914
30404
661826
33649
25448
26182
26207
25629
28960
24062
24546
26252
26537
23131
25047
672392
33434
24855
905578
33750
32027
58873
29170
22613
23506
24127
37431
28138
23437
23693
28777
23033
582495
36031
31894
28111
23589
25079
82346
29196
32420
22224
25072
551494
42842
31405
26611
26208
22927
21491
163843
35539
33945
33022
572969
35237
34393
24322
24331
27036
31200
171862
34385
24892
26889
21533
566641
29477
24064
33946
23138
23922
27530
24604
167250
36701
24050
21449
576104
31979
30154
27746
26031
25669
22103
25589
18586
154502
30385
29689
26121
89089974
