30145
28637
34318
23230
28714
25268
23073
22844
25464
25559
24153
25359
24283
31595
26153
24783
23800
39984
26184
26170
22688
23723
19892
27717
23690
26093
25216
23101
21485
28356
24303
29193
24223
22409
40169
22802
32407
25731
29732
50930
54218
38441
24416
23691
22930
25844
25346
31353
23976
21795
32555
22157
26539
25824
26935
23941
24978
29657
27001
22180
23994
24395
26520
27109
25428
25318
26466
26293
29704
32212
31447
25230
21688
21216
28387
23562
25074
26994
31922
45974
35746
24306
43558
34856
37485
65867
40786
34466
23472
19426
26336
22754
26656
27058
22522
33063
33662
23424
26405
23545
27174
23448
24783
29845
23754
25065
24868
24472
29619
23200
25395
20608
26892
23067
23648
25853
27204
24153
21667
26003
23512
23689
32612
25617
28496
27463
37837
27790
25719
27654
36988
25329
28094
21778
23696
27127
26560
23412
23529
24024
32118
22285
21421
21973
20465
24228
22109
28991
23365
23427
26346
25621
23406
20126
31572
21850
24167
22164
20146
24570
31466
24386
44651
26711
25727
28929
29671
24233
20107
21486
24821
28025
27539
25703
27018
26113
25405
26843
21465
39867
21899
23574
27747
24634
58964
69911
31986
21863
32439
25493
26224
23894
23717
27067
27625
20157
28418
23168
29093
20984
25402
25711
22557
28527
21723
21469
26203
28256
21597
23110
25284
25991
24747
29356
22562
24931
27602
27473
27222
23294
23152
34268
29094
27659
26994
25078
20160
23184
23214
23749
25112
22301
24933
22335
24765
25110
26041
25973
27755
23014
22670
61860
30136
27189
42349
27159
32585
29426
31310
26048
24521
24793
25207
20744
24476
24103
25094
23390
26628
22586
21990
31679
21729
24426
27108
53560
53450
34233
35343
69659
38808
24252
29772
23566
21628
23540
24799
24802
28400
24016
25881
26950
35826
26033
28227
24403
20821
20432
26070
23895
23998
20566
30309
22371
22392
22473
22883
24307
27134
24041
23416
27947
30527
25972
22097
26695
24987
27074
23871
27460
31175
22519
23428
27192
23371
20446
26892
30669
26509
24335
27186
25635
20182
24648
19807
31888
27290
25483
29324
23182
33545
25123
24940
26732
22185
27630
27563
26062
25906
27223
28031
25032
26413
23800
27231
29494
20693
24347
28252
28578
27040
21517
23751
35955
23086
28833
28062
26527
25135
22778
23899
25500
22812
24417
28193
27304
23810
19821
27118
27294
22824
25218
29664
26640
25951
20839
22531
22257
28653
24340
24669
22814
26192
25238
22270
33650
23394
28852
24108
22925
48481
28711
25866
24718
30023
31998
25014
23823
29631
26438
28049
24639
26123
29308
66696
23960
24967
25060
392853
32505
38476
282877
36067
24599
25844
27101
27778
24853
21989
380481
70637
293598
33258
23197
24089
24953
24018
25145
24723
21611
25262
22056
666307
34049
28145
22769
25948
20957
20960
74387
892905
39245
36056
30014
23822
26169
24393
22659
23107
22926
22652
672667
34491
30106
23215
21120
32041
21660
32002
22601
26711
24431
28406
680489
29332
23629
24481
25985
23343
23633
25798
33114
24778
23035
21502
20657
671265
29590
21599
53254
25644
28068
27876
29419
37235
31103
24151
20631
655183
42211
22605
22278
23026
29019
26800
28291
25131
22188
23043
23855
673307
41494
28948
27708
31333
31940
23681
26707
27919
29817
27134
664992
30491
26521
35701
22060
21548
20357
26206
30720
25137
22409
24645
669339
42075
43612
898806
33404
22144
28084
23262
31858
24379
25545
20949
22015
27851
669111
37416
31088
30070
28049
19009
25962
26391
24092
21718
20288
30228
691888
34212
29190
24593
18994
22443
22599
27004
26161
27365
23317
20649
25675
674328
31642
26682
26839
29024
27403
26141
22256
20753
24886
21425
21661
29217
676405
34264
30922
27072
24555
28601
27026
34235
27482
33734
34872
669746
33330
26792
23961
23260
23644
25470
30020
23644
24484
744626
31587
32957
25389
25069
25328
24354
26185
31483
22883
29840
664782
29154
27535
24242
25268
30540
901643
34724
24529
30494
24832
26246
31091
28754
30800
25008
630607
44656
46692
72880
60451
40231
34099
32138
22916
27125
23443
24656
571611
38982
33929
23389
20506
155268
32725
28813
23016
25995
26101
22436
24843
567728
40629
27265
24757
167146
37957
29276
26140
25618
29759
34557
24112
559054
30865
32985
29258
20145
158196
36908
29110
66600
30323
28089
463247
38630
26802
31444
21396
24148
24450
273741
36518
30195
25366
25084
457810
31385
32071
26841
26365
27688
25546
27516
260625
30697
24956
27534
24450
568530
39306
914724
34400
35169
29556
26995
24496
24079
19820
25206
25192
686866
28755
28489
22115
27778
27815
26426
28884
25158
23612
22245
27253
30462
675366
27516
29733
27696
30907
22320
23855
25134
26162
22864
31903
23988
679670
27989
23444
25417
26957
25501
24776
30636
27210
31885
25412
26732
680906
28842
34748
26912
27138
27363
26052
26458
25518
19735
27604
25160
667252
39730
31932
26636
26716
47275
47386
34968
49279
35521
558869
29222
26713
21109
25939
28118
24259
20326
22253
763174
37591
36191
21004
25170
24637
22689
27179
26338
879011
30666
26279
19812
31251
25213
21866
31686
27744
25630
32110
24333
26165
678332
41280
29378
32989
29821
23223
25823
21937
24783
22837
21501
24848
667533
48588
24801
30288
39454
25562
37764
27757
28310
24774
693647
32801
31199
54615
22419
26165
25394
24550
26287
24969
28752
24449
26171
665462
29398
35795
63627
25662
23800
24298
25227
27050
23458
25748
24620
681173
37127
24435
25293
23807
27470
28147
21938
23530
24349
24500
21222
20803
672160
34349
24433
25608
33568
26585
906420
35934
31296
26121
24317
24833
20298
23231
29662
24223
693359
26614
23216
27267
23018
27780
23331
22259
25434
23002
24806
25386
23479
679608
38114
25869
25938
23912
21432
27256
24548
22025
23067
21137
25176
20999
20704
665173
30379
36391
28420
28229
28080
26653
27965
24032
22039
25405
697934
39198
27948
33326
23219
27129
24577
33071
27273
27260
24683
584814
36000
26239
27829
25099
23506
22911
25647
26667
24805
23533
25964
669622
32142
28258
27083
27003
24656
25134
27970
27158
27740
19349
21675
21302
671069
37185
28446
903580
30839
32212
26533
29945
23749
26830
22112
24800
26291
21734
29831
583002
39284
25968
19896
34595
25816
21695
25199
22363
27534
25486
675218
34304
27332
22226
29721
29660
23736
27596
21978
28306
40849
593255
30251
28905
32911
31255
24491
23179
24768
26808
26212
27268
28339
666380
31650
26368
26472
26229
23515
21923
23836
29794
25873
27212
24603
25751
660258
43334
31144
27498
26896
22904
23654
22283
24266
31882
25469
28222
666346
34535
29689
27115
23966
26231
22203
22038
30712
36932
28529
31526
21862
659586
43915
24615
903350
26638
21582
23616
27011
25969
23089
23826
25451
23710
23104
22975
671100
27074
24404
24698
26279
24279
30381
27028
30232
25748
25027
32598
685960
38366
30242
27843
22412
29451
22055
25466
20457
23482
26301
33044
673118
36398
33892
29824
26806
23337
31125
24757
27474
23985
26150
29179
21185
664606
32814
31481
30235
22437
32852
24660
24340
26504
23332
21590
23745
25490
665565
36199
29965
35153
24382
23873
23198
26281
21414
33110
25721
27289
663591
43506
22206
23733
26560
31736
21379
24428
25421
25321
22102
28808
675786
23320
28323
908828
29501
32834
31216
31209
32384
23098
28834
22516
20048
25102
590887
40250
30931
30587
32987
22395
26567
30091
25521
22831
667648
36419
31812
22017
23900
20705
23474
23858
33579
24694
23412
27592
23374
659840
38335
30883
21876
24299
30219
32740
21068
26100
29255
27973
26064
666424
35016
34253
26382
23288
24012
26278
21527
26627
23768
27237
27202
25711
674211
36894
30007
23545
22909
21910
26310
23520
23702
27204
23701
23988
678760
34736
30135
26621
21418
25157
25610
25153
26315
26665
25244
24150
25797
672984
33057
26165
902391
36128
90167
30927
26046
76542
34135
28240
23761
26197
32178
568841
30715
26130
22927
27553
25622
22113
74771
29657
31597
28694
566318
41923
33323
27523
25403
26786
22623
158781
35032
42288
31775
567810
37113
31061
23783
24376
27762
31591
24529
158411
39846
26630
28274
568573
36813
28180
31421
24745
23595
21846
22264
163393
29976
23750
27052
20471
566771
35392
25713
21186
24927
27705
24325
24293
88835402
