30458
21714
25136
23648
31226
25074
24315
24129
28421
23761
29904
23748
23666
30076
23425
24121
25699
25773
24257
33819
28504
22631
26575
23711
26133
24135
29728
23697
22458
28809
26471
24387
68939
22671
23048
29175
20016
27874
23811
20727
34110
23118
31919
19912
37957
23259
25061
20240
19361
27098
25586
22558
34402
26272
20882
22494
21363
27514
22004
23147
24374
24995
25996
26046
28077
35653
21822
21302
24840
21844
22246
23799
27093
26675
26722
22795
22673
27128
35029
45510
29043
49114
51195
49994
36810
36423
41695
23873
41510
35307
29150
20919
23862
22098
26611
27277
24404
28593
31339
27801
23122
28376
28656
25615
25585
29049
23102
22299
22787
25601
33567
27940
25137
24619
25001
23974
20346
24580
24097
30252
24171
24792
33754
30737
22910
33829
25841
21602
22358
25466
26969
22036
29749
26689
22658
20655
31479
21453
24540
23925
29216
23544
30486
29559
26644
22016
21797
26139
27304
27277
27318
28705
23926
24805
23487
33520
24201
26114
25029
27294
20680
23913
30912
23371
26886
23068
21276
30184
24794
33410
24130
23250
20505
21640
23109
24852
24704
26373
24045
22443
23601
27108
23564
31007
31134
23446
63494
25594
23793
24532
27659
21836
22679
20129
20915
26007
23019
27149
29582
30938
30136
30384
29749
25895
21894
23348
24073
27728
26211
32224
19988
21983
26929
32803
21016
22445
28163
23384
22124
25000
24605
25356
23029
25934
24786
28773
24215
28233
26923
24631
22994
24525
25772
26592
28027
20807
22801
27335
29689
24663
24000
20695
53592
27102
26622
24653
92021
28606
28806
21762
29105
24777
24537
34555
24103
27639
25944
22270
21049
22097
27103
26912
26421
31795
24175
22490
25291
41370
33209
68182
33870
29061
42429
55563
42894
28477
26135
22513
26773
25203
26934
28335
25725
29922
21277
24142
23886
28191
28040
21112
19849
25389
24134
23279
22273
28078
25470
25326
22277
21711
28164
28073
32528
23961
25788
26815
23436
21289
28534
24797
28788
28395
27609
28204
20104
22119
23400
31390
32389
30423
24831
24826
24982
20610
24666
25436
23036
26910
26961
27422
27973
24433
21809
24787
26099
26615
28102
25792
20278
25275
24048
24840
25007
24318
22529
23766
24906
22024
21914
22948
24255
23433
23434
22572
23424
25535
28962
21756
23856
30914
21238
30139
24021
26886
23321
23565
24314
21273
28201
26421
26003
23254
22778
27580
27207
24208
28634
24654
26649
23641
22463
28441
22821
28497
21225
26032
19695
24246
31219
23066
27385
20014
313023
31090
20903
24851
24774
24931
23109
25629
27864
40821
29341
382167
34290
33546
283632
35066
30061
25364
27294
26150
21718
22840
25473
362991
33830
33315
26694
272723
35700
28084
22292
29964
24587
24589
26496
28342
26921
660346
31382
27136
24490
23918
45041
25446
32839
20659
891258
34400
25827
27296
26256
31475
23067
22244
26203
27800
20550
676714
35593
22375
21627
28835
26816
21642
29615
24960
26423
26016
27897
684506
32918
29277
25500
24320
22534
24883
25407
30544
26984
27942
24084
680974
31802
52254
28033
27473
26555
25894
23892
30649
21258
24737
29372
659820
31518
28510
24991
23817
21832
27840
21102
26946
23909
26089
22250
682743
35440
29178
24675
19809
20255
28159
19897
26708
20465
26097
24971
676962
34150
31842
29648
25556
20640
21646
20630
43909
28653
24387
25001
657703
31957
45234
31539
875933
34437
26020
28030
26139
23967
27276
29629
27170
26380
681019
36792
27671
41628
27564
25391
25141
24756
25408
22414
28785
23565
676834
32381
32930
29752
29210
20561
26722
25386
24488
22613
27259
26757
675959
23630
26892
28027
24252
34659
21241
19515
24329
25019
29911
22173
25250
681165
33129
30690
34804
24714
24772
25613
32614
30766
29777
23098
674615
30636
28177
19798
28502
26827
28782
32737
21513
24978
28004
29107
685063
32873
32972
29493
23427
30258
24389
30483
23494
23516
23628
667034
32662
25185
33504
28034
26130
890566
34546
27406
29975
26401
25993
23639
25490
25049
21209
654065
41335
30525
29436
59959
59511
39779
33894
28558
25541
27507
25472
23488
572386
32706
23527
24654
25891
166426
32397
30078
31959
24782
25616
26344
576770
29911
25194
20807
27847
165814
30448
26458
21036
28768
24728
23098
26970
576278
33352
31714
28998
24656
148433
39809
37208
25086
22452
26056
28173
24723
452931
38052
27495
29778
30139
33178
285055
35992
26722
22059
24787
461916
36746
32999
23937
26823
27620
22268
26043
265761
34612
25648
23559
27898
561851
36717
916038
38623
26131
25472
20857
23711
25291
30092
29724
21024
694866
35527
28767
25481
23807
20894
27203
28738
29132
29382
29366
24125
20897
672605
34634
31200
26544
26694
30507
22092
29030
20719
24177
24590
22791
676064
31874
23266
27917
24271
26372
21700
22568
28643
24570
26139
26313
22572
678268
35139
28756
25403
25126
27093
23633
28057
31928
23678
23639
678230
41093
25230
20403
28616
27932
35039
64988
21328
43679
35885
559336
29541
33193
23964
26378
28204
27818
26368
765369
37758
26924
27528
22979
25314
28341
26602
27082
876548
37116
27160
25213
30317
37415
30943
25225
26831
26762
21600
25583
689088
34031
28490
23912
23545
24173
26968
29153
23242
28832
23934
26583
672198
31243
24141
28297
28002
22524
28826
26933
23702
27313
21276
25861
693144
35787
21721
20869
29368
30339
28951
80668
29314
28705
28749
30014
645473
31245
39649
25181
25476
21986
27890
28476
27218
27247
23454
26492
29735
679569
34014
26021
26453
23718
24829
25100
22367
25212
23973
26208
21184
24253
671387
38090
42178
34913
31398
901354
38594
29945
23963
24962
26881
28611
25863
27311
25353
684695
33482
24074
25886
30090
29576
22501
25984
29526
24196
22782
26471
682799
40000
25374
24633
21390
23775
27437
26165
22121
26719
22774
23049
29898
672038
30443
21701
23581
21652
20951
20614
24980
25943
23551
23593
26098
24001
21078
667721
33339
28080
23563
22683
30000
22898
21681
21795
32840
22926
608245
31630
31175
28415
30312
23572
26602
24477
23295
22235
30460
26237
660936
31843
23484
23726
23108
24356
32697
25330
29646
26015
89246
653458
33154
24180
907453
34715
30346
32079
27118
21166
28769
24193
33429
29316
28736
592147
40893
38402
25985
25083
25731
29076
22298
33537
26387
680318
32426
38489
31247
28847
28295
26722
26960
44946
26119
585750
31792
26585
28968
20694
20435
26509
21187
22494
24099
27442
29934
26077
667593
31657
26536
30232
26270
20409
20901
25652
25281
27036
30184
29086
672734
37168
30907
27017
30540
29448
29451
26386
31227
30574
34842
677732
32504
30025
23621
20318
25778
25639
22803
32480
31470
23524
22512
25703
673987
35965
30697
904702
36831
27092
38858
25026
26348
24950
31211
27942
26843
672339
27821
23697
25155
21893
23209
25154
23557
22929
25827
49789
23616
23231
665534
32884
24541
25404
22596
25659
31471
28197
31141
29327
21037
30203
673123
35403
35651
28695
23429
26335
23821
23480
30006
25991
29734
31019
684025
33102
31705
21044
28060
23645
22593
26118
23802
21458
23453
22733
23191
682609
33533
26216
33911
26490
29248
22447
24790
25029
26529
25397
24921
672578
31296
20924
22926
30757
29569
20951
24697
32422
23655
24004
22840
23653
663445
34036
27866
901247
38033
29512
25047
30464
29208
23520
31486
29595
25805
28242
575816
39603
30383
28128
30195
24955
25625
26143
23238
24027
677044
35434
32226
27701
22983
23921
23738
22934
27898
30622
28439
23408
675907
34493
23511
27794
24285
24727
26902
25448
27471
23628
24887
29624
22594
660803
37780
39795
32132
27399
25618
26472
26974
31425
30497
29539
26239
656892
30723
30167
22893
25300
27038
28851
30954
25622
25447
26879
28028
662005
28653
28038
25003
22783
21917
20272
23267
23260
24925
25636
21514
23575
25007
676977
39670
914254
35968
27231
61951
31719
23958
83338
31683
25371
21908
25655
24522
20914
570992
33674
28210
25340
25645
26992
88387
27891
26205
22665
574101
47439
28877
26382
28431
32135
33612
141883
36508
36485
28748
576167
36073
32639
31163
21925
22823
28146
24074
161994
39226
26837
27801
570193
35095
23491
28935
27403
22269
25164
22597
167849
36585
22607
25927
581549
31416
29112
26887
23920
29933
21595
22720
166571
38466
28633
68723
437312
32256
89609405
