31530
33412
33524
26211
27065
28559
21354
23467
33184
29453
25550
24438
30135
23787
25013
24393
22597
22674
29831
28162
24662
26369
25281
23033
21543
26880
26767
28905
28222
26160
22908
22335
61558
25045
21569
25499
80503
27130
51352
32067
23845
25066
23187
25396
26478
26116
21213
23963
28966
23041
24460
22001
22223
26157
22260
24232
27628
32742
27285
24658
20918
23557
30444
24143
26086
23404
29273
27703
28154
35197
26676
22539
29625
32523
29560
26806
30950
48215
48367
44478
44623
24972
20284
57851
41759
35195
33774
23854
20768
29828
29514
24131
24724
20520
32033
26024
25422
24693
27976
26661
26822
23370
21958
24954
28546
24165
27796
23826
23850
24401
23687
24038
28712
20772
27229
28594
26524
25914
28228
23418
26527
27506
21565
23198
25293
31450
28886
26565
22266
24737
30774
22642
24912
29362
31176
24353
23845
24984
27754
29283
26977
24557
21803
23561
27572
28549
25644
27327
26644
23923
21056
24136
21632
29136
26304
19353
28000
48013
20869
27441
22581
23098
23443
27400
24390
28552
23944
23928
23153
25767
21738
24244
22225
26095
22736
31333
23652
20169
25863
28702
22496
21033
25842
20854
24479
34656
20739
22353
23870
24094
19657
22731
21997
29031
22100
27638
28068
28619
26076
28047
24678
28487
26724
26268
21186
27440
24233
21542
29504
29066
28605
25054
21417
23387
20769
27571
20639
22176
30979
35682
23538
23159
27824
28983
22114
23479
27656
22789
26883
25098
22905
25776
23099
23019
24329
28125
26712
23964
24802
22207
51971
24984
23988
25655
22259
35224
30113
23919
24039
32245
27103
27592
30853
24474
22879
21552
26524
23102
26678
24675
24695
27555
34008
27599
23853
26012
28627
23227
107168
52860
28577
42840
54692
35890
24605
30232
26060
34143
23342
24506
25570
22460
23293
24756
27377
29473
28990
25932
22801
24575
23865
24727
23027
25456
30639
20749
21310
25078
21395
24990
28904
22400
19693
24828
23701
27688
19840
28016
20966
20257
37157
26624
27088
28172
22320
25059
26417
24004
25073
24784
29588
25303
33229
27491
27419
29849
22452
23922
23563
24158
25122
29154
28609
22538
19966
28493
24147
25185
23808
21059
49243
30868
28154
26264
29508
21960
25447
23451
29727
21273
24128
22741
28269
27651
33337
28821
30516
27085
31283
23483
23063
21001
27632
24629
25952
25212
26121
25153
23845
26080
21890
24035
25723
27497
29872
22338
23486
29864
27287
28320
23305
26451
26989
26962
34172
24930
30972
25526
29194
20851
25375
25112
198829
30207
24589
26233
22926
23792
20992
25471
22369
24806
25542
25808
381659
32335
25260
31938
266687
32388
29112
26529
28301
26207
22243
29075
381695
62248
27043
271545
33274
27353
26171
23392
20866
26123
22042
26350
24524
677454
36738
29764
22900
26773
30527
24332
23686
25915
900339
38480
33044
22971
26739
25840
27841
21403
22581
26412
20707
679324
27292
22710
24564
30494
28623
27705
26959
26856
29745
24965
24313
679123
34022
28198
28341
29812
20697
24123
27277
25067
25142
29722
25508
677179
33349
51786
25669
25670
23289
25084
29442
29343
23847
24977
30769
662058
36161
27151
20540
26317
25491
25192
21921
28281
25348
23807
23951
674721
36710
28335
25850
23718
23345
30308
26875
27646
20685
22770
23475
672017
33520
23663
27535
27764
22939
27691
21699
35328
28773
31107
674776
33492
24445
28283
893472
31859
24059
22733
21873
26287
27577
24169
23329
26383
26695
679972
26184
23678
24029
30068
24380
100311
24547
23758
23947
685324
32478
28081
26439
24943
27097
21501
24817
26855
25758
29480
33383
672977
31372
21842
26271
25451
30415
22130
27370
23689
21100
23546
21652
21615
21847
668099
31112
27194
26443
25204
28950
25572
29905
22231
25791
27146
30729
672398
36887
26772
26770
27325
28496
28234
25882
26037
21101
22550
24773
674143
34279
28356
27343
25311
24749
24658
27999
25576
33835
32530
666360
29927
26240
32909
24648
21489
898581
41429
28988
26493
28046
26177
24066
26861
27238
27707
26943
605667
37499
32132
34378
60536
60684
39535
34863
29716
24494
33895
25895
25814
562409
37224
24729
25446
21223
159267
44085
27767
32369
24891
25249
26522
572740
35514
26673
21874
27577
159234
32580
25489
24462
24683
23737
27842
23120
574261
33151
32709
31671
23588
151603
37108
26205
80794
507508
34044
23000
24410
21498
22275
30177
285697
34824
24529
23970
26126
462891
31727
23402
31362
25591
21930
22842
26484
25896
253803
39806
27388
25988
578417
33875
24736
899871
36483
34636
25659
33811
25722
24590
21005
20546
22811
686608
34696
35971
24320
29006
29261
26511
30641
21250
28061
23738
27209
682817
42814
29751
21377
27694
24519
25684
30916
24822
24482
20773
24329
674399
31903
32972
34017
21116
24260
26805
23321
23685
26454
24602
22749
24645
668136
26769
30893
25573
29985
28215
25715
28273
31498
24688
27220
677631
34725
22376
27434
22458
24908
39809
66634
25124
41327
33109
559272
29947
25936
25233
24526
25611
24400
25815
26457
754077
37135
29006
27388
30443
26735
34688
26592
888047
38069
35640
26979
20512
29050
21505
24209
25534
26520
24164
23928
23845
682130
39273
28760
34298
30499
28954
35872
24139
22768
26228
26691
666563
37964
32578
34802
29547
30740
21004
19413
24572
27604
26341
689888
35158
23596
23414
43323
39096
90125
29704
26038
24828
34896
650525
29438
29792
25654
23356
25590
31604
26059
29607
30641
22645
23858
31138
669970
32369
23782
24499
27927
24043
23885
22885
30954
25170
24725
26317
21447
677761
38945
41912
36075
28200
902575
29239
24371
25207
34599
30192
22902
22483
25005
25335
692080
37243
22786
23387
34999
22359
23494
28624
22508
21652
27566
20826
25974
670415
32653
25810
28070
24545
20702
28980
22522
25469
21974
24513
26381
30407
669245
40056
27707
23426
24453
24122
24305
28045
22721
23639
69074
671910
31979
28051
26346
20065
25619
28553
21889
26367
32365
629217
27187
24592
26092
29774
26329
22907
28571
31494
21991
23128
24585
670426
35853
33410
20748
27597
22581
19143
31693
28612
110464
651844
30310
24293
26444
885971
35783
33024
25628
25991
31039
28112
25247
26654
27081
24959
589674
47741
38065
27440
21488
24369
36565
24284
23155
23973
22083
666300
26938
24077
20732
28122
21380
25466
30929
28327
21702
45308
23434
576346
35941
26040
32317
29217
30485
28511
31972
30835
32256
23739
668753
32622
27306
32379
35685
22281
22400
23768
29070
26385
25504
25561
670469
36876
28600
26220
22282
26147
21037
31563
21430
25719
25268
23581
20978
670593
31072
33232
30483
24912
28516
30767
34195
23686
20789
28427
22278
19930
660907
29659
24909
27712
891021
29384
27385
24234
25464
24975
26985
27662
26203
25139
27218
671182
34740
29174
21688
22204
22713
27146
27240
24290
22698
24462
25521
26014
675252
41161
26497
30327
25418
32582
22579
25011
25572
26938
27146
22314
664513
37962
34815
23417
24854
20524
26700
28637
22499
23685
24028
29211
25447
676335
37966
30961
27367
24931
33715
31917
21666
37347
20898
25000
26774
670328
43463
26615
30531
32834
29023
24798
26431
30348
28126
25950
674740
35664
25737
25081
29699
24126
22079
26236
30726
26256
25796
24658
668593
38653
30778
896128
27844
33200
23034
22799
21040
40129
24696
27182
20664
22195
600373
34820
23857
23683
28235
25843
25037
21973
27378
25406
24672
673603
34405
27742
24093
21251
23509
30996
25193
28511
26722
24031
24166
684060
36503
31186
27844
22302
27957
28568
23220
25643
31658
26219
24572
667166
39173
36874
30960
24274
24874
22910
28443
24590
22644
27976
26607
24897
662119
31040
31612
21586
22301
25559
26041
34248
24154
28488
25809
22985
666492
28962
27681
24547
23785
28661
23673
23144
30105
23280
24301
23820
26330
25098
663917
34809
26967
896256
33598
81470
32667
45368
25116
44343
30970
29994
27514
22156
31001
569700
28999
25491
21719
28745
22579
23670
75353
27426
27093
25866
26271
550883
33969
27325
20827
24987
26791
25255
25202
151018
40460
40089
29579
566569
36484
32562
23950
21085
25240
29429
27110
161782
33835
24948
25329
580191
37756
32996
31482
29533
26289
24672
169811
29685
21500
22107
25168
564745
28194
27222
24999
29684
35820
26700
19408
165397
37644
25500
62590
445643
28120
89606478
