31947
35514
30562
28488
26885
28564
22959
23531
21682
27015
25381
23725
29294
29207
26258
24344
30065
25391
32672
28508
21064
28400
27715
27753
28136
31290
30188
35661
22354
23338
63304
21940
24192
21158
35864
27190
20965
24696
23636
24297
25003
25517
24759
22179
24347
23126
27273
21205
25293
23389
24180
28530
23159
26219
27768
24548
22396
21849
22886
24718
22009
24018
24309
23616
21619
28702
27709
27791
21305
19732
25578
25056
24209
21351
29417
27667
35098
31895
40293
25643
43905
32536
33966
49047
34847
25247
34031
43486
41469
34123
35846
23632
23721
21770
21907
22445
23786
21635
20828
25652
29110
29348
25801
21566
30245
35822
25530
25166
25061
23891
21323
23907
25675
24288
24281
23764
26172
28816
30047
28900
29300
20540
22768
28359
30845
30823
25686
21651
29242
27599
28508
23200
23751
25658
27784
27416
26019
27193
24095
20775
25075
20587
25795
28804
24548
22512
25416
22201
22103
25397
26042
25345
29665
23749
23040
21938
23237
22983
25308
24622
75635
23324
21399
27882
24845
29419
25247
20044
24837
27941
29605
24060
22261
25089
26014
23999
23813
25524
27236
21420
42856
24881
24064
28516
20576
24464
26945
20063
29054
23277
26277
22611
20618
24276
24417
29907
25666
26696
33967
34566
25228
30337
21007
20886
29466
26795
26444
20621
22780
24163
27648
24267
22018
25522
27249
26721
22350
21255
30402
22958
27578
20429
27117
31524
29278
26069
24356
25585
23253
25976
22945
20979
27438
28257
26709
29093
21148
22976
24653
32866
52084
64459
26736
26459
19976
27809
62658
25362
20851
19382
29999
29562
29222
33889
27894
26030
25112
22791
23858
24763
24550
22341
24785
26502
22856
28048
22360
29594
68282
49432
35839
64649
22326
40205
35438
23890
25797
29979
26520
23871
23949
26350
25482
22438
31796
26746
26003
24573
24289
24002
23673
24707
25047
23888
26392
27779
27144
24003
27382
23153
24059
29866
28218
27928
23728
26423
24303
29387
23190
26710
27849
28304
25208
27679
25365
27459
29702
26079
25389
23020
24989
25400
30406
27872
23604
24033
21431
28458
21915
20914
24297
26908
20708
22326
22258
22073
29146
20760
28620
21161
25666
24515
28410
25740
20730
25563
22324
21860
30522
28342
26451
24130
24501
24853
24404
31972
26306
21667
23542
26990
22888
21174
25590
21770
23195
26828
23574
25276
26332
21429
22474
24435
25934
30791
26190
28462
26336
26139
26765
26411
28928
31060
26615
24576
22273
24932
23800
27540
20160
22445
140278
25861
180944
29277
22281
25446
25553
25719
26219
24748
23848
32475
24451
19608
377008
32165
33323
287798
28412
25047
23485
23839
23743
23466
26416
21898
377285
65530
27845
272144
29791
23272
27647
24750
20322
23811
21027
25333
24681
683553
36310
25831
25454
21849
86730
30543
897507
31148
23179
23117
26762
25874
23852
23489
23155
25176
26458
692922
26989
23208
26359
28943
22408
23453
30989
25121
21199
23443
24626
21733
679918
25983
21068
22812
31690
23638
22836
26064
26931
24185
22295
26793
22909
675496
31800
26091
58020
23342
26612
26631
26416
28222
32240
24391
675443
28435
22691
26171
27328
23218
21638
21082
25006
24679
25139
22835
28082
665727
29739
26152
26311
28989
22162
30961
30923
25741
21179
27036
27354
664284
26314
26541
27327
22044
25423
24992
22886
25037
21853
26057
30383
678186
35104
50238
899555
33894
26545
26658
29253
21851
27185
25896
23718
27147
686561
36638
25731
30976
25641
22543
29320
93344
722052
24529
20456
21926
30490
23929
21424
23386
26032
21723
23533
21543
23239
21935
670861
31407
26494
28420
29008
26806
25721
22484
23954
25840
20484
26571
23411
674115
32602
27788
29466
28521
27437
20737
28472
21614
26580
27918
29799
673182
32546
31020
29939
23462
24646
21736
24983
25520
21996
25729
24493
21662
665800
34167
31184
22545
22089
25750
27288
28979
22241
32694
20287
667108
31634
29111
28012
26861
27542
902825
33848
27563
24928
25149
21341
23165
19946
25897
26645
29799
24613
607015
47128
43159
50425
23731
58830
40923
34432
28365
22868
25758
20481
24703
26428
552516
26741
22356
25668
29135
169211
41346
25091
31833
26379
25108
23462
571227
39008
25023
21309
25982
161889
31063
26402
22538
32107
28789
33618
584909
32114
26565
23507
22150
168500
35870
34116
127667
454934
38532
27696
26333
30024
31738
281606
37455
25385
23212
23555
462323
40101
28180
26651
21939
21619
24098
26088
27016
251879
38687
22143
26755
27861
557518
36721
915905
43319
35734
22931
26916
28342
28408
34213
27898
692118
33918
33542
28377
26559
26741
22541
28374
22042
22782
25753
27060
24954
669029
33550
29029
21065
32556
29031
23730
23155
24988
20815
28042
25966
679962
28921
27297
27510
32716
31314
26404
22410
29469
25811
26206
24201
678946
30548
34144
23427
26189
27762
22504
31706
28632
34073
29709
670650
35671
29190
24879
22260
25384
32928
45834
36064
48122
35679
559493
34632
31819
27369
21670
23025
29937
26656
765405
27390
30006
25026
23571
21002
25767
24131
30726
892679
41278
34316
25903
24286
26121
29880
22704
23778
29768
20716
23944
694909
36380
24000
34719
19811
24492
27187
22439
25914
21829
26384
26649
678441
40270
31125
25283
27702
26148
22804
33418
27618
25791
25363
695992
30651
28156
20856
24407
35201
108619
24381
26025
23149
28173
659847
31406
32870
25489
23404
25761
32191
24513
25032
28332
32113
28294
24063
679591
35891
26769
26300
22684
25690
32137
21104
20780
25018
25154
22342
20373
673634
35815
42523
33802
23671
23650
887411
32617
24435
22843
26271
20217
27034
26906
29591
20784
23450
680449
37866
28763
26273
21291
27722
20763
30851
23514
26888
23356
26287
682181
41519
28468
29191
28091
26755
20250
28000
24549
23519
27422
26927
678100
36690
29509
35147
23204
22760
26670
26764
61991
23118
24906
670291
36147
28170
28320
27156
25138
24874
27621
23049
21631
627179
38830
25160
32048
23395
28190
38726
28028
24857
22399
20747
672677
28067
21905
24273
24776
27954
30938
27922
30619
27274
21978
25687
695170
34155
23108
904485
34370
28763
22127
25849
20056
23925
28136
26188
29154
29729
25123
591891
36452
26489
21460
27993
22880
21063
34777
23776
29767
23557
678102
33268
38728
24235
20126
27318
25203
23976
23797
61790
593086
32149
31932
29773
34484
28356
22119
21994
36770
23618
24423
24800
661201
30238
27157
31807
25484
26287
25973
29099
30714
28649
29457
20841
668952
42006
25932
26462
25405
27659
27574
22984
23698
21821
26589
28396
677887
31845
25052
22112
25982
24828
22184
32955
30680
31656
23431
32153
26072
662995
38275
26976
905930
31991
29562
34019
27151
29102
24151
23074
28086
28417
681670
35692
28462
30568
24823
31139
21570
61971
20447
23663
22515
681706
39985
27315
35624
26870
25064
22821
23147
19834
23109
27907
32776
669959
31229
33402
27631
26247
22082
25309
25332
24143
25716
23958
26102
24067
680218
26753
26059
29687
21213
21403
28470
33383
29363
23610
22500
22073
27231
678209
37002
31142
31858
30904
21246
22549
23482
20677
30361
25779
20976
677573
28034
23905
27532
29706
25092
25281
28117
29907
26059
20586
23505
679232
27127
34211
900898
28220
33219
29647
31911
29277
22959
26416
25414
26113
21862
591343
38629
31719
29504
30277
25712
23608
31150
28014
683099
31212
24621
24274
25852
33916
23808
24330
24133
24862
24216
25310
21274
675718
36827
29195
29812
28523
24654
29030
21366
24638
26578
28222
27042
667340
39080
33717
29305
22009
23199
24627
26816
22378
32155
26823
22709
24252
669172
30301
31392
25872
25597
29193
28693
29105
27355
22751
25123
684690
29525
24401
24683
27029
28656
25352
24701
30564
20016
23325
27707
27576
689178
31051
912519
34172
28562
68801
54425
19042
64949
28934
24145
21567
26941
22216
582036
36553
29072
27220
26422
27070
25710
64409
26879
32014
27181
569309
40504
30971
24809
30154
25657
24491
158186
37702
39590
597862
36094
24963
26635
23318
27163
20431
20433
25320
149092
29344
26900
27785
25244
560280
28707
21087
25917
28918
26843
24817
24480
171831
33870
24042
28212
580341
33856
24196
25316
24870
35258
26149
25159
160964
37209
22797
25718
24418
460207
30878
26062
31397
29516
35289
33852
27257
28481
35200
40018
89895106
