32626
34823
25057
28138
23863
28950
26001
26357
29491
31399
28034
28220
30555
30099
24949
21700
33834
29382
26601
31999
26797
24655
23294
30036
21967
60083
46770
116360
42050
48973
34047
30564
28687
28910
28936
23825
23414
27429
23460
28819
24579
29200
32515
26280
30501
24475
32164
31163
31195
26597
22786
28672
28455
28425
29081
26206
30998
34667
25888
29656
28299
25279
22638
25885
25611
32654
31356
29888
25234
27490
27794
24715
26611
26677
22859
27848
24211
31424
36184
32427
23961
29747
35091
29135
111820
34573
28801
25789
24855
61143
35056
29552
24176
26846
26186
32761
25946
27951
27663
26695
23037
28399
27578
24106
24645
32131
38587
28272
30338
26691
26709
27977
29312
25160
26743
26794
28895
24191
27379
31406
30069
30344
29119
31498
24823
32476
27999
51830
29428
30159
25694
28676
29245
34346
26420
30082
28173
31141
29227
28515
31233
23231
27279
29521
27069
25728
25130
31820
29394
29491
32142
28284
32712
26792
25851
29350
31193
25574
26661
30205
26242
23225
35801
31591
25522
24202
30538
37300
23329
26694
29359
31694
31606
22867
24075
35702
28899
49880
33357
24970
25806
27282
28516
36704
28048
25140
31315
26706
84639
37405
29441
36412
26158
25547
28577
53750
41191
47482
57598
32143
29662
29657
26201
29670
24549
26650
25954
22894
27497
28441
27766
26351
30862
29831
28861
29139
25178
25148
25058
24453
26002
27606
29277
26683
24362
28645
33678
28297
24894
24591
32265
36592
23231
29286
23353
92195
69426
28142
31375
23218
28590
22315
33123
29190
31722
31545
27085
23866
24048
34550
26802
25145
25079
28052
27377
27822
45228
36266
44472
44877
34952
36524
25885
26711
25801
26924
27504
82690
31134
27293
27643
30366
36084
25071
24793
24931
28542
24466
26806
24724
32857
30793
29021
30111
26130
29231
23214
33346
24379
24372
23443
27829
25020
28517
29472
26121
24924
29907
27784
28581
26580
24673
24790
26803
24357
28881
29282
30341
34242
24442
25261
32127
26323
33609
28863
43328
32262
24340
25028
24931
35300
24414
31209
28915
31497
31247
31041
26425
32539
29870
36235
30315
24892
28488
24701
23709
28738
37822
31350
22722
30654
26632
24208
25179
27037
27348
32151
28192
26425
24936
32457
27244
29273
30095
32893
28042
23985
28841
30043
30573
25068
27622
26084
30037
28525
27428
29994
25701
33909
34926
23078
31128
28785
27695
26810
25016
30645
31351
30132
35450
28896
29700
25601
30203
37267
33727
24809
27923
25479
29668
36898
24516
25257
27328
33852
34619
31867
28108
28649
23956
28598
31233
28910
29527
24524
26260
26856
29719
29358
23335
73982
25558
27476
30076
22520
23106
32950
27855
30894
27132
26628
28538
25619
25552
27304
35133
31729
25017
29124
47016
40610
57754
64253
30497
28329
22670
28347
29615
29172
31225
34120
24331
29073
22979
24569
24556
29171
29360
31532
26270
25148
32775
39043
25941
23965
28328
35340
27571
29039
26473
29400
25894
31172
26400
32879
36212
25783
28415
29278
23896
27275
27958
27960
22653
25993
32670
27731
83448
31907
34699
30316
24309
66925
27941
26845
29490
30895
30299
28505
25504
26122
29998
28959
27019
25549
29701
26385
26123
24386
72321
39345
36545
39308
31607
25653
24294
34294
37327
26742
32928
28723
27446
28705
28295
21657
35041
24248
27279
26119
29823
29314
30284
31075
33021
27063
26038
30954
37962
31581
25042
26304
24450
32016
29067
28306
28811
26025
29031
24237
27512
25504
28974
30517
35156
30619
34151
26216
23068
23070
29249
37466
31585
32063
34633
33200
29096
25173
26029
32419
24555
29352
24829
25367
33185
30150
30891
27794
27158
27096
27321
27965
33681
37737
28172
30108
31004
25422
34743
27857
26844
27612
26968
27710
33220
34076
25905
29245
26221
31154
27173
24142
33368
25745
23142
27616
28800
28242
39852
39224
30631
27725
27345
25730
24726
28142
28497
27144
26171
27166
31741
27776
26068
27050
26030
27559
26416
30450
26376
27656
34165
25450
27947
30275
26736
25653
24761
33768
30308
24963
42815
27251
28708
28596
34378
28405
29868
25076
37566
26358
22784
54941
39293
27587
33715
31077
31431
28971
29974
37970
29832
34984
30628
31069
65031
59786
44457
25710
32622
30251
32649
28208
33868
24669
27949
27924
33657
27189
62206
82873
69558
73104
32399
31439
28990
26851
28757
30362
28076
31492
26611
25496
29731
29608
29195
28136
30871
29770
28238
24152
31081
26821
25411
26396
24680
32111
33838
31241
26253
35584
24700
23922
28673
24871
29224
26107
25087
34609
28830
30240
25853
27696
32688
27292
27101
23515
28048
35489
24385
26329
28349
27459
24014
25987
34623
30843
26928
32728
27551
31243
49528
37575
32334
67517
30174
27091
31178
31306
27514
33750
29054
26125
27111
32089
27988
26129
29806
30424
25721
25521
25876
32792
30281
28113
26290
31460
29737
29283
27913
23392
25683
27316
36951
38485
28611
24982
28438
31889
24281
36051
27213
25845
25373
31776
33669
25844
31890
24718
25522
26093
33728
28862
32488
32323
21401
25699
36389
28938
31546
24715
22724
29178
32458
29096
24600
25013
29702
39411
37371
27640
25700
24319
39938
30296
30269
29680
27522
24081
33897
32277
24253
22712
30010
30583
33246
29783
26863
30276
27726
31892
24851
23511
35783
30070
23525
31142
27280
28279
30664
30751
30048
27943
29983
22607
39586
29228
28550
26890
31745
32608
37908
38481
28638
24348
24149
67927
35965
29332
29501
31071
30184
30502
29471
69615
25758
27751
35456
79485
30908
29884
29181
33797
25136
34099
26896
36542
31704
28984
67554
62173
53488
54351
64505
25103
22921
26628
34122
23905
27831
26180
79493
30253
27285
32846
23934
26333
26784
31832
27853
32762
28055
32778
27341
28091
40840
27596
25589
28141
30072
29099
26015
25489
35130
29722
25958
29327
31452
27041
27612
28484
30602
27061
33502
37145
29629
23764
45309
34015
28973
28818
27072
32185
28542
25063
33603
24658
31184
29461
188130
36899
30130
36917
27699
25097
28076
27505
30136
30168
27335
28066
30685
43195
41451
28095
32211
36119
27327
28750
27823
24964
29229
26797
30943
30866
29412
29032
30450
27564
34723
26212
25364
32006
45249
43001
64544
35543
32433
26592
28361
32018
30536
33235
27025
26985
27737
32741
30005
33871
38020
39101
26026
26748
26686
33919
26094
25604
28905
28630
41907
31118
27053
36668
32536
33167
30927
24248
26933
31222
24771
29399
28203
34161
26896
29825
26262
31276
28529
36765
32662
29624
27716
27186
29547
25765
28727
27831
30136
24692
25362
26490
32499
28153
35648
31616
27924
31006
24444
26308
27293
29184
28671
25940
24031
29180
27741
27537
26647
35322
26894
25331
109141
29778
28768
28729
28387
29730
25248
30022
25837
30649
24712
25700
34980
32054
25272
24623
28648
27622
42799
28608
27869
33660
24814
27274
24820
33014
32867
32978
26662
25477
27151
32514
35028
28185
30262
27507
28972
33387
30759
30712
27814
24670
27919
32464
35708
96786
35541
29689
78298
44681
79536
45594
33954
37244
28154
25318
25214
26024
26306
30722
39621
34096
27647
31841
28963
34208
28630
25755
46179
34015
28799
25164
23579
33246
25859
26617
25386
39207
38967
26525
25915
32057
24981
29477
28749
26668
36617
34627
24769
27597
29867
23141
29268
30180
27721
25936
26864
34487
32298
23146
26379
31592
23399
38425
32899
28343
28860
30574
29137
27216
27486
29508
26824
29434
27217
26218
30632
30691
36886
35802
35529
38484
29994
26421
29471
24307
35323
32795
32180
28858
28096
29967
34935
30615
31340
25704
32043
28221
26421
32392
25599
25628
28967
39871
37374
28822
31124
31025
31606
28007
30018
30441
32738
29479
27844
68173
46264
50951
40256
39870
29576
31468
31665
31840
30870
25777
31192
31783
26551
28654
28711
27363
47942
25426
30109
26315
33039
29279
30498
26824
26354
29112
30553
26081
27495
40146
26404
30444
25077
29580
30873
74566
27621
116507
31119
32617
29884
25592
24658
37625
28712
30295
37440
31178
28967
41033
28869
26133
25668
30516
29359
34318
32614
37956
24279
30917
26521
44209
35336
32298
30148
33389
26450
28415
30137
28739
25235
28606
30712
91302
24801
29389
41326
29380
26709
29412
24915
25848
31246
26658
31837
39715962
 Average Time : 31028 Minimum Time : 21401 Maximum Time : 188130 microseconds 
 Client 7 Average Get/Set Latency = 0.031028 seconds 
 Throughput = 32.229 opertions per second
