48276
43809
36829
35109
38362
30568
40916
39577
37140
34918
35123
33398
40087
38561
31356
38198
35779
38660
38127
36069
29436
37581
42072
33475
31623
32231
36620
25804
30941
34598
34452
33781
42561
32969
31485
40632
34013
30157
34358
30733
44778
31468
26667
30263
31109
39009
31730
32866
35906
37678
35080
44684
37765
27647
31270
37634
31613
28418
32440
90451
42077
98065
52857
35462
80270
48555
60225
38767
32066
41765
38611
32447
33316
33054
33625
31072
35334
83783
41067
26691
34547
34281
33910
35414
38593
32802
38431
28426
41022
41613
38136
40469
30014
25552
38171
33473
31543
26724
32496
28061
30367
29358
106351
76431
27921
37325
43421
38376
41445
34762
27150
30375
37421
30413
27745
33241
32674
30002
27167
29089
36247
30240
33336
25196
32652
28756
36553
31188
48698
28097
34382
29276
49044
33047
35367
31001
37153
31406
29440
41338
37026
36625
278891
34348
38528
32218
35215
35180
27677
29650
39254
30661
33722
45564
31581
38210
27531
37874
32164
36339
26360
33294
35866
31431
35006
32499
26514
38451
35418
36520
32384
31752
31779
35762
28703
29053
29861
37504
29809
30357
31664
31394
41867
36162
33318
39385
33744
126769
33255
28047
27827
34787
37022
39154
28822
47666
51943
65237
97109
32384
33169
32755
31121
24509
32322
84584
39154
56130
29891
31967
34116
31132
32602
28522
30134
34216
29519
31275
34604
25915
29486
34886
28611
30517
26906
26617
38327
26691
40731
26873
36677
40797
32496
31895
29880
32177
29359
28225
41173
31662
34044
31985
88331
55706
26501
30542
23819
33046
35040
30103
34563
27671
43684
27510
28060
33370
24949
36975
28003
41394
27498
27546
39136
24535
28274
32096
33231
39242
44524
32358
40109
33632
29452
45797
29811
28548
31102
31604
34536
46382
32435
32754
25876
36874
30525
40873
35146
32049
33615
30872
41100
35533
45789
30587
32183
40800
31806
32265
31341
26970
36695
38566
36602
30130
30201
35283
38969
36179
39767
36825
36000
35220
31155
39663
39075
35414
29973
32865
38352
37134
27397
38177
31654
31574
41253
107448
45800
34810
30060
29309
44617
40019
60912
33609
33419
35037
33838
36683
31818
27211
62253
52034
44001
60394
30000
47663
38564
30526
27543
32744
45558
34324
37328
26116
25391
36764
29958
33892
34748
53398
40065
57685
42518
29713
32426
32347
34043
44361
33986
31215
31814
30079
33176
40475
37634
28677
34374
32790
34958
33727
33670
28746
71465
104762
29456
30299
35198
34456
32614
34336
36585
26316
48635
22007
38593
30443
41739
25491
37756
27717
34744
31045
31787
33421
29125
28908
42200
32263
35510
30669
32841
34899
38128
35993
32531
40712
36952
244993
39661
36955
30002
36298
32026
28587
26828
33107
29556
26265
34662
35010
36993
28386
38633
27027
39370
65757
32126
32178
33870
33604
34595
33614
36750
34706
25176
41541
85875
29818
28358
26670
26094
28893
33884
54707
32523
34753
30684
41793
31201
41884
35114
30269
31882
36563
29030
36969
28365
35248
39587
34350
29247
37009
32738
33529
38537
30981
32145
32533
76003
30200
42780
37747
31161
43275
77516
55265
52072
29621
34681
34982
28765
34114
44007
36544
32505
30107
42986
37122
27514
32574
30422
31221
37587
31814
39986
41482
48131
120906
31741
30693
31761
30132
31630
29861
45401
30959
25446
79663
31102
77403
26021
50300
32446
29907
42286
31429
30312
27936
33880
38197
33277
44997
34884
31926
32340
37057
40267
29800
31211
43970
38077
28803
37195
30737
30765
41623
41163
27834
31325
30850
34395
33366
29300
27636
33655
39736
27098
129396
103564
93625
40353
44687
49702
35651
58145
23685
36905
42774
36566
29751
33473
36558
30409
51050
34657
34333
31905
37680
33851
31636
37986
29546
40889
36996
29558
35744
31819
39637
35281
35826
28250
34764
35621
32013
51334
39800
38218
29174
36780
41268
33833
33484
32527
34172
32501
31807
34226
36387
35035
34555
30653
31905
46511
37869
38669
23887
34990
37404
39951
46315
24628
36060
31651
88997
37578
79621
51703
46594
37602
33008
28754
32063
34881
28342
23076
23558
25016
24975
20163
24012
24089162
 Average Time : 37639 Minimum Time : 20163 Maximum Time : 278891 microseconds 
 Client 0 Average Get/Set Latency = 0.037639 seconds 
 Throughput = 26.5682 opertions per second
