68611
91699
71409
61954
66772
64175
45457
63303
66882
56575
67353
45336
47893
77960
107765
42564
34265
29556
28324
119089
209194
48837
69610
67746
55433
66910
88958
63068
85541
63788
56535
75081
53437
116063
108194
54297
41825
64796
62650
62429
61787
50463
67787
82268
74924
51567
37816
51640
51811
64475
63081
55193
55260
62487
44863
48689
69331
72706
33667
68469
51954
51376
59578
57520
34188
35291
40440
37544
55004
56445
63448
45854
64142
60720
106959
48563
66995
58757
51700
64488
43946
38450
56840
75631
61318
64399
46022
69394
71199
65355
69664
55970
63271
53276
59973
53596
37070
29806
55922
72992
52566
40289
40868
87743
72929
43627
58502
52779
62183
70168
59106
125067
63275
46791
64942
78339
100889
85401
43217
58675
77144
64221
72055
70356
65541
79056
68556
71302
51651
267923
60379
56283
68055
49653
64590
63202
55175
52167
56280
69289
110400
62045
58301
44306
82659
112106
48445
67881
69213
31005
43193
51660
48084
64545
47937
53181
58462
50885
55346
75291
33228
49399
55883
60107
66410
50953
48038
60293
57508
59041
70075
54564
45689
60889
44772
48131
64340
56818
52629
49886
57641
62976
53932
51404
61208
60497
78950
43616
58349
67976
46585
108483
63446
124873
70198
57272
42624
72350
80065
76709
57742
48442
75674
52393
64227
69968
71976
52144
49970
79571
67496
48283
69690
63569
60489
55930
71989
115611
110727
33559
40990
62078
48785
63014
47866
71625
57493
50129
47340
60568
55439
54820
51572
51575
57000
66134
64992
62786
86316
51505
46549
55802
50316
63917
52263
51412
31102
52259
61472
41336
53643
55969
56255
46597
61474
61541
55612
53306
44005
42917
65407
42262
58211
51154
40165
57151
46070
66742
53125
56533
46826
110437
65957
67148
49916
52416
69077
95493
71580
41058
68648
59289
67781
61408
60485
76975
53920
59588
73270
71830
67771
52070
70243
45826
48384
47157
50246
53280
40037
73035
66205
41013
51750
42647
51048
32494
38797
48582
56103
46936
57824
80636
61469
45125
63031
52081
49457
55795
45834
45348
19597034
 Average Time : 61240 Minimum Time : 28324 Maximum Time : 267923 microseconds 
 Client 21 Average Get/Set Latency = 0.06124 seconds 
 Throughput = 16.3292 opertions per second
