43857
46622
38189
37524
38090
32868
33320
38212
37235
33072
34518
31020
42906
38644
28865
42897
39938
29251
32923
32527
38670
35899
27533
41344
41187
35650
33969
29162
29537
37942
29465
34092
27498
39969
38448
39188
28821
37523
29699
46943
35680
29456
34758
25868
47529
33641
31141
41290
39090
30414
34066
35555
40354
28800
35370
30870
39128
33151
74178
38717
40443
88435
53693
42403
74024
48906
39917
23150
40660
31343
38372
37529
29095
29884
32508
88978
29909
29111
65650
34105
33505
31628
30888
32102
31187
41379
29495
28917
30935
33045
33275
31505
40251
27594
33913
33888
31244
30623
31091
30611
65488
35077
26037
87936
31900
56213
40596
26450
35475
27946
28095
29578
37707
33571
35781
33664
30151
32425
38023
39390
29377
34839
24448
31138
35072
31449
30638
36899
30721
32647
26452
31063
32042
31058
30579
31157
39425
24763
36836
32632
32157
36387
39127
336525
41657
41367
29538
37093
31202
32442
29304
35971
27342
35619
46882
30818
31910
41217
34887
36593
25591
50060
33384
26910
30830
28186
28001
33084
34697
31215
31044
37723
45987
26837
39190
38706
29022
33651
38108
37193
51346
33606
40939
41525
26079
34351
34018
23540
26383
25051
27080
34806
27894
31634
34621
31682
45333
31381
43331
53032
62646
73590
29435
34299
43540
105535
60736
51433
50408
39366
44588
35480
32889
37640
27769
36013
28240
36635
37295
28459
31145
34932
45398
29727
39853
29452
30320
36362
36178
32497
27584
33570
28936
38484
31404
30798
30105
39401
42461
33868
30153
76967
25242
27312
29143
26640
29628
26839
26147
38250
42097
31127
28796
34338
39248
36267
32403
34073
28143
36689
24114
34508
33481
42490
28003
31297
34901
34930
30364
34500
40211
24489
37213
36795
34208
34315
32219
27999
27075
31222
33650
34694
38169
43033
33412
28312
39954
33108
34564
37349
31772
33426
31016
34447
39842
34095
41506
39523
30117
31511
35050
37812
43956
28196
30114
29530
31248
34485
26668
35659
42736
38847
31729
42803
40507
48355
27154
34748
34703
27174
44269
32469
31654
32277
31638
27334
30759
31439
64597
23439
48935
36670
45490
39115
28791
27182
36754
39514
33838
35040
34253
36180
60813
39060
49260
49514
51999
34173
33282
35762
30459
29285
28701
36569
37577
47374
35748
28813
37149
42945
24751
33458
42552
46929
44302
40716
32166
36054
45516
32139
32590
29164
29692
35808
29088
41638
37993
34788
31734
34256
34485
37354
39488
87042
27966
29226
103040
31171
27162
33147
31520
34480
29717
32342
35274
50388
36426
38065
28628
31346
33272
27891
39031
29951
31374
33548
26525
36558
45119
33436
30907
32713
39077
38028
37997
37355
50109
26156
29962
30756
22741
27540
21930
29000
108739
42235
39611
40622
35765
27363
38684
39052
35510
32029
30881
31091
40494
34773
30778
29873
35939
39171
32460
37081
37901
34323
29326
31333
38009
31878
29238
30820
27304
28390
32084
30890
28351
33407
30242
30754
27093
26721
48994
40351
28375
26295
34526
29659
37534
39306
30315
32576
36684
36673
41914
35284
33420
37469
28921
31357
35405
32989
35315
30362
32336
32859
37845
38615
36723
28244
39611
35046
35742
40209
77234
55502
38363
35853
30779
29719
31153
28877
27369
34316
35263
32125
32976
47021
38465
35318
43572
31608
37593
44467
29157
33008
58837
75718
60279
33196
31415
42965
48560
30655
36014
42677
29627
34299
107764
28881
32617
25041
41312
41661
34288
27735
38783
25252
32883
34318
38964
34262
26605
35366
45333
33457
28198
34461
33565
35691
27183
47991
42618
47819
39956
34407
42151
36249
34547
39310
37378
32020
32010
30640
36395
27969
200079
117995
32251
45815
39861
41238
64692
30603
37010
33915
29874
36547
29989
40663
36328
30259
30991
25738
36710
42678
49362
34657
28986
47333
35766
42474
38701
37336
31111
36888
46461
30837
31094
34900
35764
35917
32030
36365
33395
31345
37598
33490
32689
39108
43378
33803
35452
33597
33514
35907
33454
33600
30327
42805
30331
35518
36198
33355
32356
34152
35298
30813
33919
33109
32709
38938
27162
64487
87717
60736
39663
47408
31785
26617
23856249
 Average Time : 37275 Minimum Time : 21930 Maximum Time : 336525 microseconds 
 Client 8 Average Get/Set Latency = 0.037275 seconds 
 Throughput = 26.8276 opertions per second
