36744
42011
36922
42016
29011
37589
36401
38708
29244
39351
36423
32150
41564
30300
42637
33027
29652
41842
31900
28887
34092
33425
28965
39535
37530
41525
36200
30178
35519
28423
36795
35323
39696
32993
40448
27608
29445
28743
37441
32214
32962
36691
32106
37979
32699
33293
43554
35687
27608
26822
35718
27572
40011
33311
31448
31919
34217
39468
27900
32590
26191
59844
44988
93846
54890
48352
68874
46518
43473
33020
39874
30649
32047
30782
25638
34760
30082
34528
24957
25542
32822
30254
33640
32574
34052
39400
37436
30522
28626
28020
38051
28766
34727
31614
36990
38389
34028
31604
27159
34981
30255
32554
34496
30215
31292
54174
29722
24026
96420
25618
29145
25084
39780
30223
34601
33438
26274
34525
27909
32548
30828
35977
38112
30106
37938
27467
29543
33754
39126
39246
31112
36596
28242
34188
29870
34920
35072
35154
27818
32667
40867
32644
37927
37360
35190
28633
30527
28957
38299
24671
28935
30306
32976
215661
37476
32565
33516
33937
33413
38675
32492
37494
30552
30694
31610
29915
36442
39006
34853
41330
31716
45582
41408
35347
36419
31225
32314
38781
32552
34976
33643
26060
33678
42263
31690
31409
30459
41006
31838
27150
40873
36927
32636
39414
28153
34860
43626
110274
32950
41654
28606
59245
44513
44634
42560
85828
99044
57576
37001
34313
31249
25813
85922
39810
54654
34400
30980
37869
36442
30986
43276
39993
36734
29754
35968
28968
32356
36760
36306
33624
35375
34033
28826
33305
26331
35187
32611
31251
31160
35113
40598
35495
34430
33258
31407
30946
85205
49057
39406
114386
30976
26968
37588
30752
32395
29639
29564
33413
36466
42144
24945
42975
35207
29584
31130
45462
34528
36302
31318
33206
27975
41453
26874
41280
26804
35403
33224
43857
33885
30088
32999
28687
32073
30649
29344
30730
32438
36318
30740
32632
29929
34995
28132
25857
29238
37902
29398
29839
34599
44684
30392
34404
38367
31265
31597
37127
34139
28100
40907
29976
32286
30356
30934
32825
33319
31465
25084
31506
31333
45775
28320
36895
35266
31615
40240
27577
52211
36244
25764
32125
25206
26401
33559
26451
27997
41147
37550
31935
35400
26867
37353
45591
32440
29007
42472
35930
41785
26985
49848
65885
52327
40770
34547
39299
32737
26230
26185
35269
42280
33022
29695
33099
41389
50087
29672
47757
45736
40890
54850
44066
27504
52087
34689
35558
39823
41718
31327
43094
38646
31927
36978
26975
29567
36615
31675
35196
35945
28446
31422
73456
23048
31468
70004
45609
33240
27450
36418
29599
31789
32410
56529
34090
39191
26469
33991
38017
29861
37943
35485
43058
32329
33500
38448
32686
32117
41507
42449
39996
35770
32547
34469
30713
33925
23254
25641
25766
180397
45160
38806
41278
39842
32820
29752
33365
35908
36338
33265
31697
33275
41336
29379
31328
29350
27707
32971
41309
43145
32527
27151
39597
38658
52825
29311
59352
31388
25914
27834
89664
24882
31891
31294
22583
32359
34479
34438
38828
33515
30180
28812
31342
42457
36067
30562
43946
29033
36100
34230
26540
30110
36788
31696
35042
27235
27676
32105
31261
31116
32766
61240
42034
39392
27630
52020
57129
61868
43614
30334
40052
35617
30925
39059
34005
39737
34898
33853
33553
31067
33927
37877
41967
38507
40625
31880
39054
32448
45939
47280
61540
32863
38418
36014
28931
33483
39810
41895
35173
34143
40075
28091
34396
34534
25878
25480
30708
26847
30756
27662
33405
33453
28876
37119
34727
32687
36457
41804
27106
38930
38644
35316
25962
30074
38554
53494
36968
32699
27344
32023
36562
39559
30914
28394
38794
33020
36130
34788
33400
41882
31975
26018
37540
192341
136466
40697
45317
37605
51738
44510
32618
27157
39752
31164
26268
46776
36033
27862
99927
35379
33462
39888
39967
43432
37125
36198
37816
35977
28448
31801
37638
32320
40159
36712
34592
38646
34733
33098
39722
32306
34991
36765
37796
34684
42235
41402
33830
32073
36558
36706
40457
36820
32259
47093
28763
31677
31390
32193
42089
35728
35237
39235
37224
40089
31403
90355
43592
73501
50838
42456
30969
23208
33600
23829793
 Average Time : 37234 Minimum Time : 22583 Maximum Time : 215661 microseconds 
 Client 10 Average Get/Set Latency = 0.037234 seconds 
 Throughput = 26.8572 opertions per second
