56955
56488
111996
67247
61562
67202
90961
62837
62930
71243
79938
52305
70339
101397
48189
358034
75204
73360
54602
56194
69155
106425
151811
44226
68796
56982
75490
57207
80618
81142
58212
41076
58194
60542
61154
38406
58847
92447
46578
50625
65071
69990
59360
68172
58453
66242
71612
51639
58950
40428
66374
67807
62173
48951
50675
53770
70115
50732
42741
48236
111915
40661
54207
73106
55237
80423
59114
45944
37930
56068
62358
49803
77762
77614
55405
56591
40135
56371
54562
76690
51181
54908
55348
71353
58551
51689
74020
46073
53314
68230
39949
57848
54521
49215
51076
56158
52567
61260
89538
48607
60517
60005
108655
65416
63704
98251
57927
38186
94357
90521
61752
38645
43296
42787
74688
59194
57938
57044
66545
74297
76892
48482
373012
46832
99993
69198
65843
62717
67016
52363
71315
51314
77947
47646
87690
68547
51792
44531
58843
61590
56952
144950
51730
65448
48656
66056
86455
58423
81358
49871
56067
49778
64388
58339
70948
45721
65301
45768
68796
47802
56616
48537
61874
47242
72164
43853
46366
45328
58216
51754
55119
67166
46074
49583
52298
39444
59623
87801
77644
51216
56953
65692
59607
79739
76042
49662
81551
69873
62044
61831
58459
64378
79790
59074
89102
50932
52171
53620
45660
66033
79954
46417
61850
66245
57077
95212
52741
37737
65390
68251
34018
36427
38359
97868
25195
55577
48030
65903
56894
57950
44169
47686
61096
53008
55843
55407
49865
49934
65330
36448
60769
44569
82371
65841
31919
76352
54721
61624
48926
51846
48996
44228
52610
56483
40411
63895
54659
68495
68420
53557
78887
60703
61710
62701
72723
43334
43775
58601
51995
46565
56148
54857
62255
60194
93286
63799
59137
55782
160852
73225
66234
47266
51940
48060
52166
137428
41858
66452
46876
47603
80994
72052
45489
72674
60215
54124
39464
44869
99633
34557
40835
49169
48485
106389
53153
50217
54586
62248
60870
61092
47965
56341
63242
46404
52568
51468
43823
60427
45686
35421
41532
41798
31848
25175
29444
30114
29286
26557
25708
25019
19879861
 Average Time : 62124 Minimum Time : 25019 Maximum Time : 373012 microseconds 
 Client 3 Average Get/Set Latency = 0.062124 seconds 
 Throughput = 16.0968 opertions per second
