45018
63210
95295
66451
45208
60856
60720
78176
59914
59114
67288
68690
60923
50205
38678
99942
47683
64035
281966
75109
50817
46583
58719
45629
81293
94863
46733
46485
44473
48886
67286
66125
57278
53491
89308
111400
56967
74105
72579
53705
81840
61282
74833
46768
70359
79236
52153
53880
72728
56190
57191
59763
73247
46016
79347
62487
47135
46126
58753
63325
56157
51383
44404
43085
46155
35252
34949
40685
62533
46978
64184
62762
155243
60172
51322
51187
55405
59939
41310
57758
57428
55813
51445
47573
40570
37712
48901
55421
75075
43756
59796
67907
69198
62287
64696
63899
44024
57500
73858
47761
50416
37030
89027
77127
44201
68550
60500
54062
74408
54421
111410
62525
41043
56559
109750
87505
81416
82857
76947
60917
66011
56131
64664
63701
69039
43859
74180
49791
68500
214049
55441
78590
75277
61322
53092
60536
58549
52285
63912
66168
96514
54075
69374
42105
52813
49352
108328
61046
129525
67082
55063
48059
79552
44667
64368
55606
42724
51836
53907
66555
64889
83548
59299
72665
58141
73699
63823
75379
59226
42653
45925
62680
55972
54439
57454
77169
53963
49468
38442
52649
49380
83638
77811
57443
62999
51553
72838
55265
59906
76281
62437
120604
69089
70836
53434
72235
63074
51298
51803
62082
56124
70245
57954
56758
69035
51978
52474
89827
48435
64895
58926
48456
52666
55745
113439
47371
68031
32429
93818
47939
33878
56559
44676
61936
75947
59640
44191
31983
65099
52289
55928
48553
53683
54817
66749
42173
52061
55542
52629
55806
39000
49027
57446
65567
58517
63751
52157
61163
49141
65342
51997
70848
63094
59151
52090
67809
63748
62801
42562
48077
62717
47022
42778
56123
58260
44835
50635
62675
54126
102698
57458
57299
67264
54161
98588
74945
60035
43458
55039
40390
48789
52417
52131
45325
47628
47245
55817
41293
46406
70192
71661
48970
43647
67985
54370
39743
42629
53210
81837
64435
58358
103583
61888
101844
67712
46635
49189
57072
41504
46898
52295
61046
54953
50878
73753
44132
37463
42432
44244
27920
19671163
 Average Time : 61472 Minimum Time : 27920 Maximum Time : 281966 microseconds 
 Client 14 Average Get/Set Latency = 0.061472 seconds 
 Throughput = 16.2676 opertions per second
