40116
34213
29693
27031
25262
27224
29736
27275
25421
30199
29188
29713
24156
28731
25945
53460
28351
28471
25215
24278
23509
24272
26810
27602
23765
24219
40855
27939
113811
37397
39701
26816
27146
27006
27543
27273
31863
34076
26504
30630
30592
23929
25622
23383
28139
25106
26448
24433
30890
26243
32012
29105
22777
24749
28165
28942
25999
28539
26338
27057
24174
27370
27793
27836
33166
30843
36214
30375
25874
34930
28792
28200
27843
25758
25659
23508
27590
24954
24635
24772
32575
30355
24477
27088
26624
24037
127800
32323
29537
32512
22721
30663
32178
32170
28485
26589
23561
28837
27968
22323
32945
26385
29517
25024
31219
26155
31560
26633
22187
35620
30870
29863
25438
27767
28955
33512
31965
30258
23427
27939
32146
34433
25230
23114
26335
24273
29679
25960
26198
24809
24806
26987
32949
24761
32979
28022
28296
32997
24911
23811
28220
28310
21848
25690
24645
32625
26431
27184
25731
34522
28746
26902
24299
37855
32388
29139
24016
25250
27944
22339
26108
25949
24343
29015
28852
26878
23530
26259
24584
31274
35317
33941
33392
28238
27543
25397
29889
24122
25989
25957
32495
30071
26802
22885
24874
26200
27993
27831
81843
97772
87664
25853
25100
25864
34626
27476
27723
31282
46759
41088
38064
45725
36302
30520
28111
28133
38450
27318
31498
32841
28283
29170
27102
24152
27065
24328
26809
28367
32024
29151
26896
24760
30070
25307
25316
24210
33029
24231
22530
39324
26445
30481
28319
27860
25453
28729
27313
25674
27407
32532
29742
27967
28725
52666
26133
31645
27191
29580
27759
32160
40992
27752
23269
27225
38066
27786
25845
27891
26470
29102
24068
47131
53035
43244
47792
31369
29290
30536
22247
28035
27341
33000
25311
28731
28840
97673
38828
31504
29294
34741
25438
75315
29339
27690
26413
40069
78438
32093
23989
25493
31682
33503
25169
26867
25189
25747
26786
28460
25106
25665
22693
29409
29141
25592
26959
23075
29477
29285
28630
25515
26376
26834
29455
33078
46363
26388
26338
24633
26734
36381
26762
28066
29090
28184
27999
27142
27169
26130
27457
23540
30675
27010
23528
25309
27150
30713
27518
41376
27862
27351
27120
22698
27183
30510
29203
27784
33623
35553
25316
29683
27499
27717
33283
25926
25698
27743
22626
26491
26306
33717
33040
40107
31945
27360
25546
28095
26563
26190
31175
28749
26512
29236
25694
24474
25952
31042
23676
31476
27422
29759
28711
24124
66253
36086
28508
26692
25067
29999
28062
34453
27805
24888
27607
33714
23957
23391
30125
30536
30192
29926
24078
22985
38055
25363
26356
30185
28547
31924
26176
80546
25899
23957
96541
38919
30948
30137
27192
36884
30720
26891
32693
31445
25859
28643
44467
33734
38521
41810
42792
34869
33243
24922
37967
28442
25655
27705
26083
26036
25929
26143
30628
30502
29142
31865
25737
30408
27098
28799
37942
28054
22368
33556
34716
52148
24888
28430
25759
26486
32402
27385
26759
28733
32153
35261
34955
25747
29609
22632
30130
66362
28209
25186
23303
27123
30554
37327
36717
30425
33343
26828
23425
26402
25854
22813
32749
28963
25474
27581
26483
26572
25997
32578
31773
28985
26657
83925
49297
36853
39779
34103
26880
22857
31288
26891
27361
25116
24606
29204
26189
28299
28320
24353
26304
33309
24158
27116
25427
32007
28300
30699
36063
36720
29103
24439
27124
32054
27906
26810
23064
32998
28925
28075
32428
27429
23527
27145
25792
24860
28605
26913
36825
30180
26462
25508
24819
31605
26869
29361
34390
35522
37494
27337
25685
27564
22566
31584
24225
23007
28060
33579
30302
31113
28380
27982
24431
27551
25464
33139
24100
23988
27091
32022
30783
30067
22385
26635
23321
25605
32364
29200
24368
24212
28324
29180
25017
24838
38950
29285
29378
26199
27099
26331
28089
24097
25322
25361
32083
29872
31320
25564
27302
26010
26983
27024
25740
27238
24413
32586
27094
30053
31224
24376
23290
29421
32283
23443
26335
31200
33263
30199
28226
31536
27727
31509
25209
34462
35397
32741
25054
26378
30094
29106
26878
24704
24963
27063
31383
28732
27127
31290
28651
26230
26451
31494
30523
35254
25517
25313
24042
27542
34681
27763
29468
55278
75250
68399
46855
35409
29120
29886
28111
31841
24664
24124
28061
53851
22285
29829
32554
79688
28434
23843
35275
66448
32522
28598
28132
29816
33544
27095
28797
31579
29464
31764
29400
26537
25955
27288
28406
33182
28497
41140
28875
29260
28069
30772
37612
26614
32104
26066
28871
25649
28056
27007
25531
25402
28710
23740
25050
29472
27728
23114
32235
32699
31214
27549
22784
27790
24180
24235
34950
28824
31706
34927
26503
26227
26377
31238
25025
25629
27867
24757
46905
44427
83337
36681
35081
24961
25139
25286
28928
39141
25110
25215
27752
31849
24920
35345
28924
29294
29259
26916
27751
26773
38506
27420
22960
26682
28642
27272
33462
32664
33162
35615
28407
25966
30441
31110
25435
26142
26645
30771
24790
27021
24033
33956
28849
33040
31979
33321
26766
28862
32815
82258
33778
26246
33312
24940
26795
29280
32731
29183
29457
24320
29021
44904
32750
28764
35385
25395
30423
32747
38913
28738
24475
24593
26414
31039
32862
30540
25266
25543
28098
29700
28561
23908
32136
30405
30050
34947
26237
26267
26970
35863
27927
23102
27201
25734
27804
25343
29168
28134
28392
29692
25130
26063
23906
28986
29956
30051
32647
27545
27688
25450
36934
33198
27032
22418
27065
25252
33190
31238
24806
24172
28477
30012
32371
27700
25015
29894
27509
27841
32469
32708
27052
24873
30335
28080
24602
27773
33247
29944
26612
43837
85799
52870
43773
32498
32107
27255
25258
28652
24435
28192
27171
28463
27899
59851
32233
31868
24772
28791
24084
26563
30903
28327
28419
25029
30092
24965
25059
28446
43631
25471
31574
24673
27478
35555
28108
28425
23804
30782
34434
29696
24332
29197
30693
28752
24642
28627
24563
29188
35268
27536
30967
26439
25336
29613
32066
28199
25302
28755
26810
291315
35283
25873
27635
29924
25134
28709
25938
32130
32213
30150
27647
36612
40981
40651
33761
32701
31146
25774
29119
30942
38041
28080
40945
36274
28933
29625
37279
26923
25552
24988
26486
30519
48799
46869
52260
47101
34068
27473
24535
34148
32696
29530
26750
28572
29249
35471
26058
34238
36986
33601
24611
30297
31014
35647
28578
25131
25917
29144
39597
28280
31246
35533
36904
33787
31905
30914
29280
32557
26833
28045
27125
26497
24839
29640
29711
26064
33810
27473
32313
30129
29920
31013
27376
28384
26050
27734
29688
38590
29063
42062
30679
28269
28238
26403
31484
24150
25472
33237
28280
26478
23157
26192
32847
33191
27377
27120
29265
28664
34268
25027
81485
32722
79635
32619
29121
25373
23430
39091
30703
26727
27688
27677
31601
71828
28030
27006
34019
88056
30776
28347
44475
29426
29516
31279
29704
27830
24936
25017
35996
26224
27796
39747
29968
30684
29398
33134
29017
116157
26525
72234
56101
46364
54624
77587
30612
30707
28141
27823
29844
30536
27499
27583
29844
31953
26955
26490
25959
31874
28776
26746
27167
26245
30016
33111
26589
31422
30106
27683
35452
31207
31439
31256
25036
33871
27815
28477
32445
24965
24448
31158
26257
30671
29542
36391
28918
27510
24595
27699
31689
28497
28436
26114
43661
28375
31938
25964
29674
30631
33138
28654
27754
30985
28725
27409
26061
25848
30875
28125
25640
30441
33175
35380
33576
32383
29673
28051
28309
29915
28025
27485
26948
31621
33006
29967
28604
25020
29831
34663
32515
24636
34965
27755
29610
36677
33271
32469
28118
25004
27766
29320
33284
33500
35772
27316
27531
30554
34738
28603
31524
55231
47496
49409
38900
35025
34660
28667
25224
25005
27251
27959
28751
27425
33665
29857
25336
26307
25473
26779
26608
28036
30060
28952
31496
28949
27567
39615
33521
30566
24251
31026
37185
24722
25109
27348
27711
26375
30220
57447
32384
32461
27807
24109
24412
37682
29091
25805
30131
29203
29086
28629
30340
28491
31148
25362
27180
29569
28528
29530
24478
23927
31827
28332
27587
24726
34939
31048
25781
27438
31892
32402
38692
31915
26611
25873
28428
25702
25747
33155
30275
31532
31129
29180
70005
29549
26137
36909
39530766
 Average Time : 30883 Minimum Time : 21848 Maximum Time : 291315 microseconds 
 Client 1 Average Get/Set Latency = 0.030883 seconds 
 Throughput = 32.3803 opertions per second
