71187
125277
61052
73850
60891
53158
54660
54171
56473
61275
73361
70846
52520
47146
96962
47552
39063
26487
307935
72728
44037
108850
54630
59033
87286
64629
55408
49939
66859
58325
47985
37105
106144
38566
71438
42187
62333
46051
63024
56463
58908
60669
53869
56011
57051
73476
58020
68166
73723
73989
74593
46346
52009
50370
59118
60692
43282
55595
64366
61980
76482
57097
69134
48451
126436
54031
63435
67794
58168
57135
138679
37758
46347
50774
55448
59838
39772
56227
45123
47532
58538
56144
47177
41283
57182
53023
44472
49385
48383
89302
54947
48139
85496
50538
55595
64064
60928
59753
62163
55890
82871
79904
42357
51315
73247
60184
64311
63190
40528
43017
52957
56470
54994
74552
82019
59977
87659
60663
49351
55840
82471
65277
54958
42423
54596
39616
65808
53458
66564
292910
48168
72754
73952
59019
64981
60470
66366
62674
70437
126898
60423
57096
81179
57563
49003
48409
59963
67073
40859
48954
55374
47859
72932
54410
55098
81038
57739
49680
64897
61650
69635
49192
39294
56288
54192
53846
45655
70457
44559
47523
48710
53857
52443
50776
68522
73505
40045
49309
47369
64531
47951
47036
55456
54152
52542
74866
58789
45520
58065
67771
49319
47305
67879
63831
46251
59899
118254
56508
72449
80508
65365
71919
60193
54502
65668
61597
56773
55121
61267
66580
50922
44821
51234
53773
53580
55992
47284
57771
76836
62019
128739
43641
30383
40292
33770
58218
63835
44931
57406
78474
60297
44562
56914
50618
75409
56878
57168
67661
68974
62667
39207
56340
77727
50551
55848
61513
60984
45015
66837
62591
56509
43268
74012
72657
57580
59783
51163
63335
57640
59647
66858
54540
71958
49619
53011
69037
57963
44707
50679
57785
60918
50696
79128
58012
61154
56299
92044
45968
96225
61064
79225
60631
56099
51223
74216
41351
46235
54301
46373
62435
55092
62601
63645
44813
74143
60669
41002
48848
66782
43324
54138
64350
51646
115643
41627
35118
48731
77802
80197
51036
51459
61696
57093
66667
44344
56254
40841
42674
39131
37750
19576777
 Average Time : 61177 Minimum Time : 26487 Maximum Time : 307935 microseconds 
 Client 31 Average Get/Set Latency = 0.061177 seconds 
 Throughput = 16.346 opertions per second
