44758
41118
39039
38348
34679
30207
34565
43163
33792
54460
40323
28766
36195
33493
32535
34211
30433
37656
34942
35555
31513
29806
34757
34263
29188
30859
30244
33973
28824
32727
38021
34688
39777
36976
30776
32661
30672
35837
34661
36208
28486
31352
39211
30527
35892
35671
40674
28859
46858
33053
30819
25586
32280
35720
31848
29118
39376
42193
37146
30847
35171
41858
39504
96974
56629
34738
60780
62911
36227
29829
44576
35735
30029
25735
25573
39573
40030
35779
27518
27089
100083
93036
37454
32078
28034
39983
31895
74708
38011
30998
33943
31175
29770
32493
30580
26607
40605
46722
33036
60050
38482
23307
84869
29014
35294
25779
33410
32002
41140
27904
29930
27389
31548
34640
36716
25164
40499
28910
36349
25808
28432
30199
33066
33402
39103
31800
26217
27449
36875
30706
28970
38740
35563
31463
45565
39355
33636
30418
36261
35202
31677
32452
31806
324011
35734
47338
35504
52100
30692
40668
31170
33601
32126
69799
30336
26282
38985
30255
30810
26220
39439
26675
32508
33496
35104
43078
45677
36410
27263
33383
31605
33805
35487
37818
32521
36536
34393
38471
44432
30717
30088
25968
30859
29479
39028
27500
34513
28666
27578
30161
31929
30941
28010
34474
30552
29947
30456
31756
38736
55312
72144
61870
66003
41802
25503
27334
27347
26617
81196
41433
54149
28481
36459
43002
29077
36633
37357
36296
40269
29141
28210
33004
34577
37931
26317
29642
35477
30863
30083
33623
44166
36872
36971
31829
32453
32308
31972
24985
30585
38840
32987
29981
27681
31303
21409
65984
39930
26668
25368
26514
46806
34813
38726
36681
27332
28822
43255
26520
26457
27844
29747
28838
40524
43846
39282
27469
37261
29713
28236
42701
37556
36758
38111
35291
33605
38260
34449
28804
62721
31573
28951
30412
34131
34202
35684
32353
33005
25863
32867
35106
30622
37348
29856
31385
30938
30670
30752
33478
34688
33680
31102
43378
29476
28340
27920
33291
40653
34818
29289
29144
32483
46641
34345
28993
27875
34028
32752
29523
34864
36472
37955
27499
38183
41061
30790
25397
28255
150425
38171
27210
32316
27791
38816
38042
34896
24564
49598
35985
37434
31108
39213
33299
39679
73441
54178
44607
59974
30292
25019
37875
46124
23518
30415
36957
30469
43478
34773
34586
34954
30620
37506
48472
43991
62790
39542
38694
41535
32088
38026
38682
29749
32547
32570
39831
36156
36770
41101
39076
28251
28733
40873
30591
35817
33200
26688
27025
29719
31738
22739
31511
30208
26549
36079
34278
26658
36560
29484
29601
32419
46408
43065
40804
44771
29447
29009
28436
36909
30682
32588
34043
29587
41401
24896
38045
36174
37409
28779
30832
45446
31352
336540
50851
30074
29402
43008
39465
32588
32961
40387
30035
72014
32594
26236
37491
34483
33746
39485
31366
30541
29783
33736
36069
36952
31064
27412
32697
70684
88837
29382
29600
25852
26993
27328
40070
38109
31837
39388
38149
53121
28853
31108
37961
33972
31830
32663
29087
48739
37731
29411
38803
36294
35118
28815
45431
44203
28600
31508
29004
33685
28196
32386
34212
31842
38814
29813
34891
69418
54531
43835
29144
32486
33076
54206
40611
33746
29804
30681
72871
30024
31678
34639
34082
32557
38042
35655
39430
32085
59684
76516
58798
44244
35711
35484
31808
30194
43776
43448
37845
28208
29928
32592
69793
35562
29419
25988
32715
37568
28876
40392
29264
40757
30983
34555
31585
27278
31432
31550
30503
38163
33982
30018
35010
32642
32110
34294
37546
33381
31769
33543
28403
36325
30039
36771
27203
32015
43046
33643
38523
27060
26162
29500
194239
136421
43582
67139
36458
43229
36764
36256
33963
36305
31589
32873
30726
29677
28872
44679
26497
38667
53911
44254
39904
42036
30124
35912
45824
42183
38280
32970
38335
33987
40100
40979
35690
32428
47192
32686
31799
33268
33637
39041
26693
37026
27631
35934
38237
32086
44350
32351
31180
32240
29878
38601
35663
31712
38535
32279
41786
34286
32369
30866
33607
26315
32822
28771
25497
142634
62378
44623
44272
34479
33343
26132
31387
22841
25340
22906
25444
23564
23054
24024632
 Average Time : 37538 Minimum Time : 21409 Maximum Time : 336540 microseconds 
 Client 5 Average Get/Set Latency = 0.037538 seconds 
 Throughput = 26.6397 opertions per second
