30729
28200
37090
39086
35427
45713
37993
29783
33480
33954
38173
34087
35828
31318
36829
32043
37281
28786
30499
34369
36097
30819
32429
33213
35138
37349
32515
30210
42699
35555
42138
41514
30765
31869
35828
40622
30657
39100
33375
34329
33239
28891
28614
33943
27351
33272
32636
33614
29573
28828
26969
28651
37286
26744
29400
36238
28686
38350
30223
36485
28523
76651
47416
74260
76541
34281
45591
67227
56146
52242
45973
40637
38497
39142
32177
27557
27793
30280
32739
36617
24969
26708
27921
44911
26966
37948
30752
40551
34091
33478
30555
69763
39675
34934
45257
42144
35521
31868
30185
31906
33196
43105
36269
26497
38597
28318
22904
76439
32875
33654
41301
27628
34576
32992
36769
38116
33562
37287
28081
35955
35372
40905
38037
44054
41425
30171
38993
29201
34068
32723
38296
35877
30654
26294
26445
31750
34452
36051
43793
27094
34887
27426
31436
31936
25490
37513
38744
27046
29579
30434
199950
36641
107327
32506
35030
33772
39167
26364
24168
31120
40790
32199
28333
27613
31438
43177
37404
30722
37979
43365
26459
33898
34391
30745
34097
31032
28166
31121
30366
31304
28814
35742
39152
31333
29851
33187
50416
34768
29317
30625
31989
29235
37487
32214
27953
29395
28760
27673
29567
26919
34263
36704
31009
36045
51807
34668
62280
46268
60839
75318
35939
29199
23512
30561
26281
74138
53080
63361
34538
46578
30023
35092
30187
40636
34038
51239
28475
34965
39913
35361
36428
32124
36681
29540
35119
46026
40452
49193
35366
38480
32872
34677
31258
39236
33102
34516
32749
75188
34000
117644
31430
25939
24606
43376
34115
33999
27965
31747
37978
24437
34897
32601
28093
25451
32809
43792
36280
28890
39430
33185
33410
38938
30385
39793
37263
33307
39031
32558
37711
29972
28896
34275
39783
35599
33232
29482
31277
37627
40909
34657
37872
34256
26472
34722
32699
40734
32266
31601
41065
29528
40332
34836
36797
24796
30845
35218
31055
45957
32148
33116
30589
40098
26159
32450
37551
37191
36276
38436
27368
34545
40319
32983
33547
42605
34909
31504
28141
33138
23241
28006
28698
24589
58305
42661
33802
40027
30375
39290
32752
29928
40478
34704
41591
25357
30577
48673
67583
52745
43953
35255
38835
37206
35090
32194
86763
47512
36394
30833
29556
30186
42682
28949
29457
31037
48566
49107
52572
31921
29803
37097
35521
32307
39710
36194
42867
40127
34629
30234
35979
38835
39951
34201
30800
36335
34130
29186
33678
35095
30527
88191
32563
43600
41747
31681
34829
35885
34055
31676
44553
41224
37130
31465
26253
46590
34978
32611
31332
34239
31737
36343
38688
36812
35136
26442
32152
41429
44849
38361
32548
31550
27864
28478
229416
42762
40579
33225
31651
42621
29598
35547
43403
29033
79198
30700
30506
40757
31210
31130
35491
33957
39927
50389
35087
37199
39031
28430
32040
62650
153562
32433
33467
38832
31082
35856
40368
30285
37723
33919
39410
26973
29276
37057
35318
42646
30168
33682
37289
35899
38673
34120
32890
27056
36678
27985
35353
33083
36149
27855
34875
32685
29695
32861
34672
31779
44690
61924
61970
46510
41636
41675
32578
26955
33452
33200
35625
26186
32131
39241
30916
33231
36865
34419
35449
35210
26118
34834
28426
31925
52066
47667
62118
36665
26909
31215
33513
30702
33303
26566
29293
43340
32830
66659
31920
29763
74574
35958
41116
41067
32826
39696
27806
40758
25074
30783
28142
38866
33181
32028
34940
33205
35567
27960
41856
39252
30272
28486
44927
36028
28761
31279
30080
38344
29257
30180
34393
28916
25171
29916
33429
24591
42054
35583
192582
58939
74792
32673
50761
48667
45995
44200
30569
33191
35121
31610
44913
89058
36751
29244
24956
32710
37716
30487
30462
29047
44046
32960
30970
40685
28391
29107
38712
41750
33713
41954
31547
33253
32508
42198
36074
38229
37430
26698
30034
36527
32620
36961
32560
32010
28167
37893
35560
36939
32126
35782
38742
32492
32348
39668
30562
38131
39113
36446
30602
31242
39447
35066
34160
25413
45114
102398
65828
34103
37497
29587
28365
39278
25490
23836
27303
24849
23941583
 Average Time : 37408 Minimum Time : 22904 Maximum Time : 229416 microseconds 
 Client 1 Average Get/Set Latency = 0.037408 seconds 
 Throughput = 26.7322 opertions per second
