34092
31119
76943
25567
28722
31855
29924
32617
32586
43011
29219
23334
29043
22950
33286
28042
27265
26902
27568
25176
22747
32534
273387
24989
25468
46453
35098
31467
41467
77201
37403
30626
27887
24837
30100
24967
30846
27655
28128
24786
32567
28320
25976
25592
39309
28135
24346
28128
27122
35579
23043
25050
23489
27550
22887
26551
30926
26461
36846
28120
28354
27679
36603
28668
29183
27773
28743
31386
25950
27635
23927
27883
30736
26108
25965
31683
32557
32842
25301
24249
30054
27116
22036
26551
25578
27379
27795
24007
26727
24551
24684
26894
25354
24891
34669
31063
24900
29259
26784
23758
29785
29671
28759
27305
30012
24504
29321
28503
29062
23562
30316
28858
32987
31185
23201
22781
27401
28112
29482
25211
30949
32735
25430
33898
27483
31895
29601
32238
64515
28573
29550
27586
30873
26511
26693
27303
26576
36357
28711
26055
26910
29691
30843
24571
24199
27474
30440
24644
25437
35107
32988
26354
28135
25587
26826
24321
33993
28770
29522
31078
24826
25873
27165
25137
25291
30679
26016
23846
29778
25699
24170
26601
28091
33922
27933
29871
26741
29881
25211
27035
29924
26392
30090
29379
30446
27364
27393
26791
25058
24102
25948
29311
29619
33658
30912
27731
24499
27636
32279
32034
31287
28499
38066
31178
28009
28337
33270
31234
24981
35432
24493
24950
29005
23984
28662
27909
35404
31510
27483
24501
32844
93319
33210
30306
26473
30240
48283
84555
51015
26526
26068
35846
29179
27716
22889
25380
29068
26498
25251
27416
31655
26662
28944
26247
28857
34708
33696
29466
37219
35795
27990
25908
28480
30582
26749
29863
31937
29692
25376
25291
23186
32392
30343
23913
25733
24682
26960
33824
24148
27127
31074
30903
24593
28116
29076
33377
26027
25847
28105
28241
31013
26867
24714
25384
31070
29841
29559
26116
27817
27789
26265
26582
29384
31574
28501
27140
32467
36824
39303
21723
22145
24039
31282
65983
33187
26043
31340
33835
27001
28284
26931
25409
31643
25429
30165
31249
26601
31826
29147
40553
27950
28746
33119
25470
29690
33303
27095
24832
24815
35454
88703
27336
25197
32107
28318
28121
22798
36078
29277
23141
23146
26734
27428
25748
25858
33235
31040
33987
30214
28939
35370
30482
26001
24674
28926
27071
24217
24665
28035
27935
30615
26576
30337
33930
27974
97336
36120
34351
39419
26685
29592
30074
23031
30007
26511
30218
33468
30678
33095
28851
26931
26455
26375
28380
31006
23874
41451
29606
25317
28720
41482
25585
29565
34705
29534
26996
26908
60922
46144
41602
46715
43651
30122
33366
29963
27651
26647
25482
31519
25655
29487
24678
27002
31479
32957
26676
25384
25765
29890
26007
25081
24896
31974
29923
34621
33060
26367
27539
24757
25809
29872
36648
222131
30789
31585
34424
32105
25358
28873
29623
34877
24689
26238
32182
27112
27945
32736
28037
32411
33764
31988
30808
29234
34536
27862
32463
24296
30228
24819
29834
23566
26541
25965
31136
35285
36734
185855
61157
44930
30186
22950
32328
29386
25858
28364
27013
31643
27699
27098
30442
28925
28266
30284
23884
30778
31702
29730
29614
25794
23496
30036
29479
27166
32244
28486
26079
28645
28776
44251
27730
27886
32397
30851
32777
28656
29557
26295
26063
27260
32744
27929
24583
22610
30383
26521
31407
31170
25280
28620
29985
29855
30972
25888
27223
32195
22785
32054
29579
26068
32493
27940
35206
31099
24328
29595
31976
42943
31723
97101
27343
26579
31651
31207
30305
28933
29586
35589
27445
30237
24277
35052
29433
30645
24810
30706
24044
38453
28216
33797
28617
31718
31746
29932
32236
28904
30446
27334
27754
27452
28364
28107
31104
33008
26186
48774
26600
24958
27286
32405
30235
28536
24648
31140
28717
30812
25407
29978
27188
28011
30332
23566
32142
27524
26619
26167
29134
31893
26145
27285
26143
25064
27732
27065
29137
36338
33379
28542
31929
30840
28483
27648
36756
32126
33297
30352
64264
48203
60979
33142
33098
26459
27950
30000
27332
28712
27987
31760
36096
23305
28157
30126
29877
29458
26946
28309
25009
29114
27916
30486
23228
23787
28462
25949
29745
28085
36449
24871
23758
27531
29008
31073
31291
21864
30110
35771
26580
25846
23870
26643
24907
25345
24763
29569
35011
29649
27934
24888
26898
27378
32129
26155
24437
30097
29567
26598
31586
33645
42371
30417
24673
32007
29435
26988
25306
31845
25428
31898
30829
32138
31164
30534
30013
25416
32816
25257
26912
29779
33573
26557
22940
26944
28438
34126
29866
27628
33627
31016
29619
31814
24797
32559
29137
22879
27976
27757
27822
29425
26407
26083
29620
26241
29210
33265
93302
30173
31260
37064
54687
32822
26096
27329
25958
29984
35057
29645
30045
33879
29012
28536
31497
27311
30675
28196
31507
28598
30981
22965
27240
30292
25140
34287
23873
26728
30896
31662
32119
24688
32625
34419
23181
28346
27108
23092
26276
30042
28334
27704
32811
24421
25269
78053
52191
45892
49380
32428
31209
30688
31641
27190
27765
33422
25835
25187
25268
26308
31516
27706
26643
23431
29621
27887
26342
26377
26568
35547
33362
30293
29011
26000
28038
26935
28660
26801
26672
25134
28262
33332
35568
30210
28569
29655
26625
29397
31619
29519
32711
24387
28637
26006
28049
29668
29960
30706
25454
28469
29711
25513
30414
28632
27185
27400
26856
27684
33534
25784
33263
25476
27190
30710
29554
33090
26405
29998
26451
35344
30152
31623
23539
30675
28305
30727
32777
29842
23869
30945
30918
25781
27476
27648
34471
27795
30075
28038
30983
25054
26870
26039
23657
33540
26743
33435
28521
33238
83419
37524
24282
26498
30077
32064
27443
27356
27947
31073
30311
29490
29366
23457
30010
33512
34416
30446
30852
27073
31597
28055
30113
27658
28854
33252
25930
24582
26813
26009
27676
33796
33133
27885
34039
35442
27295
33618
32354
31731
28968
37364
26086
33807
31332
27820
28133
25281
29266
29696
28084
34465
27342
28487
27189
21993
29295
27407
34844
31098
31308
29130
24684
25828
30322
26775
26320
33102
23763
34456
27528
29837
31949
31084
29697
30338
30942
26629
29052
26028
28879
30383
28374
27316
28826
30421
32579
24693
30941
25315
27254
28952
31213
30555
29787
28133
31387
29975
32629
28877
29293
28983
26038
36056
25948
27163
33160
31511
24401
24655
31418
31365
31338
28652
30094
27717
26725
23314
35693
27449
30716
25692
27652
27651
29863
27336
27710
25036
27099
33540
27896
28146
31751
33265
30317
28764
29087
48703
51006
48682
46112
38758
31992
29890
28381
28560
27957
30832
31887
60600
31990
24839
27010
28848
27851
28233
26790
30966
27016
31791
31200
27608
30795
28615
28872
26811
29271
32813
29530
29275
32825
36266
29699
35270
28288
25963
26359
28814
30322
29847
28899
30401
28583
24911
29091
27627
26891
25679
29704
28811
24962
28258
29194
30460
34022
29026
27995
32652
28252
25363
27698
26616
30687
30340
31296
31546
28909
25039
24293
25207
29523
22879
32716
117209
31281
28836
29970
29514
43191
27441
34315
25402
28794
25687
27633
27252
22496
27594
28362
29922
27549
25108
28962
29254
25362
28161
32817
29855
30327
29791
27555
27708
26977
29236
29593
26965
29844
25728
25596
33135
35033
34520
26393
25987
26026
29337
25117
30104
24484
24534
33230
28976
25682
28445
32703
24906
28041
30878
50998
41776
64325
47338
45596
32102
32389
31069
29642
32916
35880
29363
27058
27925
28251
24884
30380
28706
37028
28030
25241
27682
32417
32697
30579
25285
28612
31048
27108
25727
30403
29515
31237
30491
23918
30841
35990
26347
31683
36182
31822
28250
29776
31769
29804
29719
27572
29948
28868
30731
31505
28622
30673
33204
28450
30889
27493
27609
26403
24098
29129
29753
27311
33730
34626
29471
28693
29565
33308
26005
31840
28119
28931
30494
27191
27923
28896
25991
25370
26112
28302
30860
34283
26792
26598
27623
33274
29563
27077
23136
32104
27228
24730
29052
29790
28907
29803
32609
29379
33750
26662
28330
30535
36312
28141
28345
27175
32704
26559
27982
32472
34290
25946
27904
32775
31955
28484
28526
26582
27273
27796
28145
29274
29693
31158
29718
27900
29188
25053
34035
27274
27424
32566
27991
27320
29618
30477
30175
29699
25738
29041
28441
28899
24503
30588
29010
33380
29236
30312
26074
29933
31838
28430
28984
30099
26836
23313
33162
29934
31521
27353
28172
29270
32919
33088
24193
29397
29353
34679
24299
25988
27485
29408
30169
31527
40677
32273
30272
29611
26295
38961
33609
32222
36439
27953
29364
27388
34633
34176
31631
33879
36264
24669
29672
37503
32342
34576
31269
26117
33812
29491
30295
26106
27984
29228
36702
27817
31670
31953
27796
28937
32407
30587
26853
25744
35300
31638
27803
25565
29228
35161
29995
26944
35964
33333
32155
26689
26789
31698
28953
29446
30453
33864
28931
26474
28314
32354
35461
24320
29971
29731
33189
27527
34492
28115
27283
29687
31643
30209
34818
35066
42089
32408
31245
25609
29089
33332
31868
31450
25778
27950
28016
30274
26447
34963
30123
46050
48335
66281
38217
29570
32353
29544
29240
34700
27761
32943
30803
28540
32308
29193
27652
24832
39505
28513
29554
26322
31000
23345
34514
33045
35832
28784
31904
30093
31466
28445
28927
29705
31105
29991
30289
31151
35156
29415
26893
28483
30815
27640
53239
27004
33308
90890
35123
30747
30495
31288
32444
35708
29012
28498
38676
30088
26677
28757
32956
26735
24284
28121
27903
25056
28207
28308
26908
33447
37156
26494
30405
33700
30045
29618
47297
42639
32984
30329
33938
28890
26193
38312
34652
24121
38753
30728
28481
94317
32488
31350
30580
31310
46714
32412
35285
33456
31700
24599
28580
33604
24873
28191
30663
24281
37345
30009
27555
29714
29651
27300
34081
30460
29758
26564
47685
38117
62408
53493
37292
27305
30536
30853
25927
31472
30634
32440
31968
28695
28642
29457
32295
30040
32956
25900
31942
29487
25830
26102
27880
32461
30501
26914
31350
29520
27045
32624
25691
30910
32039
31565
31885
30754
26502
26859
29954
36025
29881
27861
26379
31797
31433
28082
34306
34909
29272
31846
33946
30667
34895
31176
27397
33716
31788
28512
26779
26935
26714
28142
30594
31444
32526
29921
29610
28524
31084
32193
31859
29376
32165
27936
29237
32677
35334
29978
26738
24273
30782
31916
29835
26086
38840
32628
33164
25612
33922
25096
27498
28052
32974
26200
27898
26876
30646
35951
27091
30414
34867
29448
30826
30174
32070
35379
28765
25099
31103
37377
30485
31387
31021
31505
25451
29968
27319
27807
32149
30378
30775
35099
28377
38684
33186
33266
27209
32158
30880
32003
28472
27905
26543
28948
29372
27498
26568
33712
32644
26183
28079
30190
29944
25905
30462
26232
32213
30821
29139
30320
28473
36191
29052
28332
30879
29796
30568
25610
29787
33006
24201
27853
29677
35322
33751
29404
31711
35219
25461
29119
27744
32471
29520
34451
26476
28562
27918
29235
25789
34376
33566
29670
26541
28533
32037
38228
30084
31167
31554
32044
33785
34363
31419
32301
31296
25822
34650
30414
29382
31727
29915
34445
34210
28621
29052
25323
30385
30993
34778
28459
32704
43887
30846
31860
29587
30488
27975
31676
28418
36199
26985
24673
33041
29924
34380
30346
34305
28490
31374
25452
29696
32379
30457
26752
27534
28860
37002
29993
34429
25403
29906
62371
35925
32449
29220
31068
28428
33525
34122
30103
33638
33201
25835
25662
27681
34741
29260
32717
32133
31157
27986
30742
28352
31266
27120
28280
29267
30433
31746
28930
28571
32002
33699
46439
45915
46054
44469
35624
31365
29803
27863
33980
39742
37178
27596
36409
103613
31695
76872
49202
29197
54990
32523
31185
29245
36717
33563
29077
29101
25386
28561
38496
28686
28021
31737
30630
27813
27685
31265
33628
27173
26756
23947
35894
29871
31648
34259
31730
32899
25639
29045
37810
30274
30084
34330
33288
30743
31031
28866
30767
27056
32225
32218
25320
32448
27952
30540
42969
30561
29922
28123
34871
26201
31085
34118
38501
29694
34817
33621
31004
29855
32980
35841
37691
33007
37379
33416
25088
27014
27292
29535
36747
35626
30351
34013
33038
28741
29022
31051
44531
47386
62821
52557
43131
31525
36190
27705
36981
25887
26375
27986
34075
25858
27837
28504
34157
33675
31409
29418
34291
30780
28788
25359
30612
33499
33362
30888
35585
30987
34956
26090
24002
36229
29247
37171
41887
32466
31007
31972
30402
40886
26108
31649
32969
30602
27498
31660
32649
27152
30379
30172
28863
33283
30268
28782
31132
29434
31181
32743
28703
27117
29779
28579
36161
31649
32882
28471
31714
28313
32289
29405
35713
31216
29162
26716
25579
30275
30065
29201
36668
34410
30065
26948
28373
35588
35157
27626
25438
34010
32423
34389
31690
31369
28511
34671
29472
32215
30046
25619
26513
29550
36767
31153
28086
29377
29669
27820
33041
35916
28115
35932
33040
34961
37398
28307
32661
31780
24604
31075
27718
34085
32632
30152
31494
29440
27725
33891
34327
29997
40206
37441
33898
35087
31133
26235
28179
33153
29551
31690
31359
32591
26433
28937
29248
34562
31540
32170
31865
32576
30108
27131
30673
32139
33963
33855
38773
31285
28598
28627
27819
28352
26938
27024
27872
29733
29822
30463
33557
38185
26791
27877
29155
30007
28473
27842
33236
39943
38379
37909
33839
30585
33115
27580
31271
32551
31209
30674
28209
33509
25919
30520
31562
33630
30402
34034
26356
35146
27978
30168
28371
33520
27410
29974
27978
30234
29127
31268
35522
33069
25353
31681
26477
33021
31246
32683
32026
33321
30264
26898
25678
36952
30835
31398
28100
32791
25637
29237
30669
31390
34808
36395
26809
30577
35344
30267
33972
107753
47025
33119
26359
32051
36687
37710
28544
28394
31612
34791
30141
31174
30361
37896
29530
29855
33879
31969
37522
28890
34854
26521
30578
28294
35837
33553
24774
30702
36586
29668
28586
30859
29661
29399
27565
30860
33346
27706
33183
26823
107229
36990
31227
29547
26349
26660
36426
30466
31204
29853
30429
35199
31406
33376
32549
32435
29075
25257
37362
27587
62800
64910
51054
36568
34871
33335
29052
37124
32119
34149
36895
25679
25980
29402
28103
32301
26790
26184
28724
35969
31030
30361
35794
35233
33842
29107
34722
33514
40522
30522
36907
32433
33327
30724
33709
28562
29691
26855
33993
28933
30214
30099
34285
28734
25718
29887
35622
30330
30542
29069
37831
31484
35177
28459
32750
30061
31013
29600
37013
31700
29269
281519
40486
27290
29540
31705
32582
30465
85548
51705
63637
34393
28575
30653
31007
32740
28536
30082
30930
30528
31217
32019
33124
34505
31979
41735
39053
31680
30160
32842
28007
30746
35336
32005
33350
29539
35223
32423
31200
33374
36884
27688
27145
31023
30295
31419
32726
32127
29500
30472
31039
28537
30431
33229
37865
32005
31384
37481
30202
27001
30374
31395
37201
30159
32242
35491
33233
30991
28928
31768
30748
28069
27836
31196
37472
26198
31739
31899
26893
34880
30209
37848
36020
28326
34310
33280
30656
28491
36044
34225
27545
30011
34051
32987
30892
28077
31619
33462
31284
32302
30797
33588
32362
29688
41707
30074
30964
29329
30591
29767
31258
34962
32330
39373
30377
33503
36021
34231
33950
29660
30018
29366
30044
29544
37937
29883
34156
27606
33015
29266
33012
29682
32326
26977
32408
32208
41694
26471
26298
28043
37075
28787
33688
26323
31380
30396
28650
30560
33303
31831
32049
28718
31890
34300
32852
30664
31713
32137
29171
33152
35803
34819
26114
26707
35474
30825
31656
30275
30460
31645
25954
27603
36971
28293
28852
31921
30792
85487
38288
35289
35274
36653
33033
32603
66978
40105
32196
33340
37674
29906
29792
26383
35338
37814
32671
28884
30780
26266
29387
29960
34645
33480
29095
27546
30997
29663
31235
27341
30016
32268
32428
30011
32197
29897
34340
29803
28667
28798
31260
31579
32466
28621
30164
33151
31589
32372
30860
32748
29769
28285
32365
29526
30592
34229
30376
28489
29418
32511
27826
29194
39306
35874
29945
31850
33416
33719
34567
34592
32738
28606
26780
31166
33810
37587
30270
32789
32372
35202
30475
25019
37940
32441
31820
29304
36444
27474
29818
35324
31702
29133
31439
31183
38281
38361
33650
32786
33861
30412
39377
35392
57463
31382
29773
31079
30832
27588
32985
30149
30505
33093
35131
35523
35798
30353
29700
31181
30575
34002
39258
33802
26996
35628
34093
35877
28843
36406
31412
30411
33599
80269426
 Average Time : 31355 Minimum Time : 21723 Maximum Time : 281519 microseconds 
 Client 2 Average Get/Set Latency = 0.031355 seconds 
 Throughput = 31.8928 opertions per second
