60802
91173
103746
73374
58620
45711
84195
59536
44936
56808
58299
65056
42753
333191
271245
58428
68977
67539
64149
54793
64996
52374
42452
48722
47850
61764
57387
55625
54601
65057
79329
77970
42886
57748
74835
56955
67906
39869
67482
67954
60490
75791
59174
59471
61306
60041
47065
51823
50470
48069
40769
69738
55630
61671
57630
56980
66265
48710
72994
88336
164095
47084
55373
52168
62678
48139
59241
48151
119469
42050
61698
62011
65403
54706
44976
41504
75909
52352
60459
45360
62954
57061
66458
46244
61684
75414
62640
53114
63130
66869
57349
78656
49859
104901
49976
80995
87767
53385
55857
62231
50718
50492
46537
54141
57827
47584
51592
51906
59700
59742
51336
48368
81972
85275
58683
51308
76337
71281
53228
74535
86227
73275
68550
50373
49848
50867
143632
64094
70319
86809
72227
70051
75388
63580
67861
127717
58692
60035
67926
50277
54969
43740
69594
54294
127418
58313
50126
54184
44950
72264
57224
59256
59316
60477
44497
46710
48608
53445
47481
54399
38127
62514
59849
60805
67581
52513
50055
43153
45789
64063
47117
44295
54465
63651
49467
50229
54518
51648
72096
62699
66254
78767
63554
59432
58643
81835
68029
67622
38036
63413
125986
53770
81243
67728
66092
44768
65188
67747
52634
49784
67610
59144
63378
65536
57423
72478
76070
63803
51954
87619
45082
54306
59275
78994
63533
137065
70142
56387
51304
47892
62745
53067
57669
52028
62971
42412
59375
65069
72368
55312
57449
48734
70334
67486
58786
68666
47031
56993
70483
51385
53553
72935
58921
60157
60711
51773
44288
55862
63477
54325
59616
44992
42024
51865
61806
75265
46836
66924
77450
59778
45422
63970
46574
57912
65584
57852
68497
48751
55668
70017
38644
71066
59837
43894
44092
55542
77474
53978
72318
52865
63586
54913
67555
78093
43203
46757
48712
152386
76201
55818
42967
52038
50083
47185
54524
40293
48301
41192
47208
47318
80279
50915
50226
45975
88297
44988
44300
62588
50976
44020
36661
55029
41943
35661
40123
33600
31950
29117
22882
27517
19812873
 Average Time : 61915 Minimum Time : 22882 Maximum Time : 333191 microseconds 
 Client 0 Average Get/Set Latency = 0.061915 seconds 
 Throughput = 16.1512 opertions per second
