59653
85526
85171
50094
52000
53862
59848
58637
87168
53646
74921
64010
67381
55840
257544
270094
58909
72165
87135
41467
65829
57560
42507
62584
54882
42828
63357
76197
77696
97496
48613
99429
53570
114033
49162
69317
82719
68002
63606
69169
44253
45867
74597
75301
50780
62108
75056
44190
67027
65270
56463
61241
70261
54955
72735
63803
46226
36728
40414
34209
28596
37065
36845
38741
49856
59375
56717
53949
47882
46175
41438
44042
47186
56425
43018
56874
46201
47016
62517
59149
55745
61099
50366
69765
46093
49501
69343
50969
63382
59739
59437
71847
52629
54389
55628
65670
53015
53829
64535
50165
101500
76697
39444
58413
66505
60827
88357
113341
35384
69892
91644
94418
53616
54288
81697
41919
53579
62060
59889
72145
66767
88760
79090
47080
66635
52507
292856
47285
50171
60700
89742
60081
64588
77490
67422
61458
124282
86965
82354
51612
61989
41972
41446
83540
55184
98047
66615
60577
65998
51447
49244
76249
66517
45568
45343
46785
40992
60690
55764
51258
58975
61544
64805
53839
61541
55437
70490
51307
61441
46738
63626
57477
66261
60764
78424
85680
50393
48416
68492
77928
55419
54374
92560
74714
62600
58986
47593
56670
48755
65443
75838
43688
53098
58388
71237
78038
75110
68163
45184
68512
58082
59491
49737
58058
46096
56882
62736
87728
67647
62750
52631
39712
38587
56467
52203
115035
84068
52032
75039
51733
40214
38767
46677
71326
61257
57394
51981
62946
59529
54252
45773
50151
62123
74858
57933
41983
54981
55254
53609
56335
64321
61991
58880
50374
81278
52602
44742
49160
49852
46514
43684
52203
58865
49335
65313
41032
73549
71483
42027
48663
57204
47300
43026
58698
47654
59022
47280
89207
65838
91669
61407
90863
91354
58220
56411
64291
60771
54581
65092
45711
59090
49366
52421
53804
74115
47290
53872
64791
67889
46066
56389
50915
58083
59468
54032
56487
144766
137428
41518
63460
59427
57547
57030
55061
51979
66518
66543
76897
43361
51303
31435
52091
40959
33376
35290
36433
28564
23662
26551
23933
19862691
 Average Time : 62070 Minimum Time : 23662 Maximum Time : 292856 microseconds 
 Client 25 Average Get/Set Latency = 0.06207 seconds 
 Throughput = 16.1108 opertions per second
