38750
33254
43363
36413
41586
33265
37147
35997
31447
34622
38570
32720
38155
34438
34521
30580
37479
33697
34887
30523
37703
33701
28461
31640
36089
37401
23885
28496
36669
43291
28893
37978
43606
32261
30355
35022
32123
30526
29602
30989
30705
33995
29052
30506
29698
25743
38149
35302
27415
34977
33021
33225
36222
28244
24506
37870
34661
25340
33821
37430
31874
32157
26105
51825
83160
75145
36898
38719
74056
50627
45899
39867
32546
35384
34583
32334
37877
29647
29911
27908
23201
40593
36141
25812
26333
27441
28094
34324
34594
34084
41741
44423
38885
32665
33284
31442
42973
30016
37326
34459
32131
34057
33704
37493
39020
63374
108074
24896
24757
27405
49709
34772
35463
34408
36250
38547
32915
27742
32098
28569
33708
31582
38520
29895
28405
29648
32264
29507
34900
30705
30432
38838
28585
34009
38109
33363
33922
23078
38255
36923
35751
31355
40788
27388
35946
35928
28372
34784
29866
35609
28664
29403
29535
37621
24926
32533
24495
61097
51401
37156
26433
47459
35999
34243
40853
30133
36024
31488
33733
44123
36415
34489
36547
25220
44957
34756
30063
30947
42081
32501
29446
24291
40821
36830
34908
32791
36473
28374
29833
33674
41547
27508
39836
29689
24805
31974
33990
27654
35561
33563
29491
30755
30896
34595
25068
31989
32307
72219
27832
35825
31463
42059
54900
73825
59106
37189
26916
35278
29787
29203
26988
36095
75251
42879
53893
38846
34245
37500
29341
31522
39887
30079
32067
34665
29376
34368
31031
34791
38153
33651
40768
36791
38250
45003
25671
28315
33742
29233
28677
42186
40103
33856
36823
28237
34528
29036
43918
66801
26594
32891
115370
40315
27049
37910
31954
37647
36193
46686
32880
37143
32630
30359
29521
31158
30199
52351
32257
26022
45095
33924
32321
35972
30897
40257
36427
36633
34747
29851
37911
32367
30692
35084
34788
38223
34744
36813
31133
34379
35005
29419
35580
29773
28448
30561
34572
36244
34494
36822
33254
30531
32900
33865
29807
31518
40184
32950
27361
34158
37709
28109
42072
25723
33297
29688
39852
35970
29083
36233
30413
32221
34226
33134
27989
30300
78898
43000
30264
35478
34054
28114
52139
42350
30865
29694
37321
38799
31133
31288
34051
30073
26761
37029
33643
33151
33854
65326
52332
69028
48953
38737
35307
35993
33031
32889
29965
31392
33963
40426
34805
24128
28285
35003
50531
28463
42885
47069
45795
42167
42143
26186
45975
41656
38660
34316
35803
25770
29675
26220
29512
32078
35180
39637
40097
28591
41675
27731
92598
27105
27441
79669
30406
38554
27984
46720
37745
32643
28970
44810
37525
29820
29083
36086
27042
48882
38825
39630
33544
35327
31173
29630
30649
33927
40079
40645
35846
35179
31530
31497
33341
31105
37922
25380
26439
23258
27085
33476
25383
22335
30439
30876
30617
33454
30211
41118
47772
46117
35499
37031
34818
36231
26647
35237
32201
27690
34838
28945
61513
24616
33793
34439
34784
33568
36246
32677
37847
35319
34401
34000
41728
24589
27606
30920
64735
45865
36918
31170
30271
45378
39426
27067
34269
46118
39498
35066
29375
33362
32717
30354
32236
35526
34407
37676
42644
31964
31056
34435
35169
28624
35566
27034
31043
31808
45902
62518
52981
82571
53982
38056
37036
40758
50337
33744
26854
32336
37238
34848
28148
28116
31742
35400
47682
38292
44849
37192
35387
28900
30469
52994
60846
57355
31600
34615
44027
32297
33980
44745
35856
39145
29607
28907
30226
79707
56107
43058
30735
34822
32381
31299
33435
43785
34487
33855
28688
31944
42832
43125
31324
33206
24644
39165
39307
26423
31239
35810
37716
34288
42487
31211
34131
38616
29166
42542
32851
36623
41710
30977
30441
32673
223251
92286
35098
45809
48017
33952
40056
41157
36042
30552
44707
42065
39898
25664
34386
34744
24124
35072
66261
34058
38831
37767
33588
31440
29121
39910
36112
32789
33219
37853
38048
32028
40890
34308
48249
34580
26187
39969
33462
33063
31212
31920
30214
46298
34962
34652
37312
37376
31462
28885
37706
31219
34866
44320
42777
32092
31254
33665
35626
38233
31699
40982
23349025
 Average Time : 36482 Minimum Time : 22335 Maximum Time : 223251 microseconds 
 Client 12 Average Get/Set Latency = 0.036482 seconds 
 Throughput = 27.4108 opertions per second
