38049
68643
102447
50206
87992
73662
42183
68496
97782
44752
63549
64118
55370
59087
95218
45459
69061
49057
273267
59904
69112
76453
72529
61135
59819
54652
52677
70923
60700
53104
56763
46334
56883
94770
76032
41411
57106
65981
54590
63375
78928
62547
58939
47962
54649
47757
70962
52661
66632
45880
69774
57647
52271
44020
44372
65769
54021
77349
65748
69763
67390
52561
48781
54844
39286
42292
31102
45354
51391
90003
50190
90962
143907
48775
70421
40847
51895
54350
71417
68563
48679
46482
64048
47114
55010
49512
46650
60236
63762
69161
42516
74193
52298
54075
52315
72896
62802
49528
53421
56020
72323
80643
76021
38155
71999
70944
35692
54302
57851
44417
55961
50059
38542
46620
49008
107378
88669
62142
40085
78702
91424
55256
87739
67699
64456
45043
67648
66717
79472
51799
42703
42340
32458
116980
110468
66311
65289
65202
60035
51729
69891
49182
45402
86547
68864
49953
45129
66901
46683
64024
86162
74382
57167
51210
58937
50987
56048
50028
46849
58795
69820
78421
44724
53430
66999
59752
56381
63436
44671
84090
61229
49364
53217
52985
46873
60301
61256
52937
42540
42521
51785
58214
45018
58237
66902
49403
53891
56405
70465
82954
44804
58883
68633
65651
58669
54133
79196
63815
87789
60037
36779
76696
66583
50134
73472
53316
61868
61392
57983
77772
45133
55988
66799
56750
65954
53823
51569
63911
45994
48120
58225
74228
51758
34328
82919
42604
36042
79890
71264
48443
66750
72528
49596
68982
39131
68372
48817
37663
47263
63693
66668
52206
58123
49328
44732
53301
62308
46360
49199
54340
55453
70784
56054
90418
40925
73744
54759
64184
48800
50878
57343
74697
60741
53505
49390
63844
68128
51870
38574
63085
66500
48901
57900
47066
58782
55879
106229
60478
57453
49979
48287
84474
94152
73210
60390
62681
60351
54105
74581
44227
55107
55781
48912
47072
62966
52157
44705
68383
166413
47851
52304
47535
62031
61489
59378
108060
40911
40882
30621
49391
63959
55411
40831
66752
45929
61389
65423
51975
42730
45015
19431865
 Average Time : 60724 Minimum Time : 30621 Maximum Time : 273267 microseconds 
 Client 1 Average Get/Set Latency = 0.060724 seconds 
 Throughput = 16.468 opertions per second
