44426
69362
82320
71782
44562
51530
70134
69695
49192
63556
61613
60237
60076
45218
333804
243957
83014
63391
44398
95089
65930
59344
34839
70080
54819
67699
71671
61919
53334
58652
84737
112437
59744
68854
57178
63366
43565
61503
52184
57063
77864
54659
75997
61379
53355
51118
51759
38758
54458
60029
75077
52291
47469
67286
44051
50730
57048
67711
45066
62061
43644
39315
122540
53078
59996
63520
94398
67344
112221
51714
63919
49844
71191
46226
54430
82888
46630
74336
65509
41562
57716
47903
53881
60419
79793
61763
44426
51511
63439
61930
56607
70965
51352
45653
51142
63146
86402
76066
43609
61716
63170
79663
54769
123713
95484
38508
60430
50706
54374
92968
87654
82815
50091
43181
55240
67971
55618
90507
68076
96914
71878
302756
61036
63897
67677
65476
87723
76318
42169
63041
57975
65756
61533
58086
73168
50866
60178
74913
65829
71236
56585
32866
48030
57676
69299
66556
38298
41150
60451
57620
70844
56772
57780
51331
61937
49233
58644
60525
53225
49003
57020
43692
51222
60599
62107
64061
49322
47652
53767
42769
55712
39727
57155
53250
71197
48634
46454
44322
50575
86031
69862
88250
64640
59211
47810
66618
115946
73211
56939
34802
67100
49391
61458
54540
42969
58123
79327
65145
58976
52276
69214
53947
54488
68624
72998
36817
63060
51555
78180
76289
69402
46801
60242
42610
36266
124930
63658
80047
50905
87274
49622
75117
44633
65108
43607
44969
83064
48733
50238
54362
73934
55309
55595
53362
57382
48288
80358
50353
66924
58883
57678
71103
50936
58101
57170
75693
47568
70981
67897
51284
69041
64025
72650
84278
44838
57911
56986
70211
47287
62124
59016
105463
65733
62294
47905
57348
72990
107936
62232
56351
71481
75955
57182
44217
40212
53726
78420
47486
68344
59165
72764
69999
65505
52520
40560
37096
37991
91980
47473
46644
46035
59118
43655
139162
49925
56615
39005
53383
43157
56963
58089
64848
61705
70820
87192
38590
47709
55063
40026
26897
24376
23491
31164
29382
23401
25004
20904
28280
25070
28331
19949492
 Average Time : 62342 Minimum Time : 20904 Maximum Time : 333804 microseconds 
 Client 2 Average Get/Set Latency = 0.062342 seconds 
 Throughput = 16.0406 opertions per second
