44615
40030
37683
42364
36648
26718
33465
36895
31853
29093
27502
41708
30982
43331
33332
27572
37840
29512
34497
34711
35806
38358
32205
31217
33701
35603
22167
36336
34744
37133
27186
31104
34740
28130
44502
28772
30588
32687
34493
34377
26881
29027
25891
34863
32816
35578
40573
42054
31553
34513
35476
27936
34242
30836
37294
31506
30176
33337
29784
29809
34050
29707
31935
49036
39796
63306
54180
35123
64022
51516
47772
50557
32168
26265
26486
35962
35209
86912
34992
25401
24471
32724
31354
26679
23429
29895
31411
32664
38802
32912
40704
41823
28686
31028
36224
34199
23499
38005
34855
35779
33704
31334
36625
25934
38880
36709
32381
22954
112911
71852
37610
28486
28799
33983
33714
39428
29547
35961
35505
36824
35284
32259
32140
28341
34069
30678
40016
36538
39447
35322
27175
31553
41956
29882
31776
31585
38044
36670
37712
30088
50595
28562
34830
40562
26240
37909
27010
33366
27749
35785
27309
22339
198539
39241
29784
37383
44272
30411
36240
38214
35054
38581
30665
26704
28081
34983
32719
33762
40150
28907
44415
37005
27961
35345
27183
30040
35061
28936
37766
34305
35774
29834
28488
39404
35500
33339
29230
32602
33274
39899
30521
37743
34506
36090
31589
34435
39253
29147
29034
75017
32925
40449
33656
31330
37469
29265
36423
51512
63154
99662
29467
22687
42409
29445
24138
23692
98863
52041
59981
34388
28381
38970
37647
28386
34319
28831
26829
33390
28836
35349
34626
31693
36341
32199
32421
32067
33159
32230
42274
38159
44052
26939
40554
32605
37803
36224
38064
38962
35645
23593
34535
66305
38947
28657
105357
30763
27891
32385
34947
40476
30061
28136
40212
40132
41248
36653
30144
31011
82908
23458
34401
32284
26453
38120
34572
42036
45268
26422
42260
33657
35281
32692
30378
33051
28432
40579
37226
30517
32448
32699
35891
38496
32121
33217
39898
25728
32038
42108
41268
31644
32041
30223
36387
30247
28680
28882
42362
45963
30073
35155
35362
30282
28179
31317
33971
41366
46326
31762
36094
42320
39671
31511
33692
39796
66577
62742
154540
38078
30732
56344
35800
28361
34839
26488
43716
30729
34765
31530
41330
33044
37317
33483
60812
35694
34337
47886
51483
58891
37289
29835
23135
31427
27916
33072
30850
41484
39691
51049
33991
34654
32032
47228
45181
54074
48051
43162
32802
31505
38661
38762
47963
44011
32449
35458
32744
32743
39030
28937
30332
29635
31547
32316
32820
23566
31252
107446
27479
28410
36359
35586
31832
38126
38302
28655
37232
29910
29988
31258
35203
44244
29531
38784
40680
33354
46812
35196
31905
32503
38778
33681
29570
31045
42252
31849
34052
28411
36757
24957
34958
242579
30095
25482
30832
30917
33749
37465
35391
30211
28445
36300
32792
25677
30098
34521
28190
26813
37764
32970
35069
32599
36732
35225
35225
30624
33548
55162
34897
63916
88298
105443
32986
57812
26230
37637
33484
32842
40690
42147
33050
38442
34031
45384
38484
40558
25588
30137
29179
36340
35904
37438
28532
39452
43948
28792
36803
38244
45302
32305
27778
42266
32557
32638
40730
61256
62124
44014
42040
37929
30155
28088
33180
37439
32061
33411
29470
35178
33502
29480
35555
44358
28151
36803
34142
31796
27177
32505
49376
51175
61714
39182
30217
32530
32391
29930
27803
45549
35390
33886
74635
32568
24608
32367
27267
64841
40174
34043
38284
32434
32402
30221
31725
38373
29163
35267
29955
34565
44272
33661
37387
34785
26489
32061
38315
27825
46147
45031
36107
34368
36423
38111
34166
36060
35555
30693
31788
34370
29690
27247
35775
186636
118455
44463
53133
44620
31040
36101
40749
37501
38032
30683
36957
32546
34200
30333
24881
29948
75285
30785
37945
26588
35558
38159
26122
30877
34483
40397
31024
39704
34802
38927
31670
28293
39797
45556
42920
27599
25086
38240
33997
36777
29453
34732
34135
26930
35348
29585
32858
29841
37420
41616
35631
35371
33445
42019
26780
38083
37404
34072
33498
41150
30772
30852
33935
42244
31363
30940
125542
65786
45318
38798
34845
31600
28045
27158
26955
24664
31313
28676
28352
29172
24039539
 Average Time : 37561 Minimum Time : 22167 Maximum Time : 242579 microseconds 
 Client 13 Average Get/Set Latency = 0.037561 seconds 
 Throughput = 26.6234 opertions per second
