38429
35146
32567
29080
26729
33601
23108
35371
31714
27812
30874
24702
33415
76309
28453
24138
30897
26967
21609
34709
37580
26302
79793
31007
120710
26845
47442
34053
23837
25468
26887
30955
23559
25625
29764
33885
29313
25718
27153
29703
32208
27406
48145
33332
27529
22403
30986
25466
29880
29887
24372
27857
26555
26991
24753
23802
26991
29592
27264
25505
24544
23476
30226
28556
34312
23922
32178
28073
25836
26161
25769
29208
32206
26000
29527
27347
30221
30100
28129
26631
32641
26029
34222
78284
29292
87375
31672
40367
27992
30386
27234
28092
30602
24795
24484
29726
27920
27853
26769
24556
27946
29652
30188
25273
28210
28796
36137
32919
27253
26608
24336
26597
31430
25015
28812
29873
24449
25159
32838
27036
28102
31772
22449
31473
30680
23775
23864
30747
26522
29838
25006
33952
29059
25155
23544
27560
27068
24902
30405
25464
25516
26842
30709
32978
26282
27773
23969
30792
30625
29590
32249
30254
31234
29057
41800
27709
23282
22692
29979
31600
27591
26070
38174
23516
28831
33532
32622
29626
32477
28434
23280
28946
29449
33630
26874
24495
24827
27230
31807
25378
34066
25751
26161
30578
26938
25917
92842
36954
25750
29761
24236
31594
27958
70516
40573
34505
47817
42285
25594
32338
28237
26241
28311
33374
26888
23642
27876
29220
23798
27214
26602
28396
26440
22664
24659
29010
27649
29562
25317
29229
35962
23232
23900
33058
29080
26243
22394
26339
42571
25109
25064
25273
28988
27637
24872
23824
27574
25879
77891
24737
23666
27197
25455
26282
29921
25578
26222
28558
29423
24517
24282
30907
33154
25737
25974
31171
28443
49869
57369
43707
47512
26224
23890
27110
302171
35500
29615
25071
27504
28653
31351
116826
33068
57250
21778
24373
24500
27546
30666
24620
23891
27558
28689
23348
25940
25937
26727
27085
30978
32620
32751
40189
28236
27389
25698
24963
28267
27441
23520
27697
25482
25903
28389
25279
25662
28400
23939
24614
25685
26870
32797
30614
26626
27491
30934
26912
27116
29561
28063
26794
26590
29213
26116
26099
25050
28549
28528
42900
33324
26127
28841
32963
27944
26798
29203
26552
25181
27741
37636
37575
29384
27328
26390
27444
23302
28622
27268
30643
30190
25451
26248
24931
28768
25844
26000
27977
22373
28271
31381
34560
29126
25362
24166
41353
26075
25692
24714
30269
25987
27142
115801
35112
33394
25487
26813
30917
30856
31570
35455
25759
23889
28047
31290
24706
27192
30733
29922
29960
29109
26871
27472
26382
53663
27845
28001
25018
27764
84850
26446
27063
69307
29143
28484
28949
30803
23988
24275
23868
32683
29030
32442
29932
29942
51125
43460
56150
63764
30918
23964
25967
27310
29409
31191
30349
30828
24711
65915
28946
25807
28046
25486
27775
26713
26512
34398
30813
36647
31977
37697
54683
32465
25549
26850
25119
29290
28738
32174
24438
25257
30169
29516
25712
27713
23888
26994
26118
27366
28006
28701
74056
28299
24670
25707
29608
28733
24342
25422
32781
30643
27501
31485
31321
28443
30412
28239
24292
26967
40650
36651
38820
27559
73994
47389
31361
36809
28312
22993
33368
27253
25743
30574
26335
26368
27077
28301
30031
25149
27503
28170
23981
24934
28912
31104
28386
35787
34033
30597
38852
25084
24608
26885
33241
29633
26489
24444
31148
33909
23615
24667
25955
28475
23057
27518
30446
31724
26212
27774
27463
25451
26187
28443
30924
30337
36422
33045
34143
26389
37654
27796
23057
27400
34009
39681
25874
23642
27587
29412
24489
27355
32621
25386
26315
26636
27836
28125
31067
23327
30281
28566
30051
23048
27466
30842
27832
28142
26815
25925
27257
29201
29153
28121
36632
30701
25680
22894
26132
27928
30073
27892
23851
34962
37066
38847
30864
26014
24550
37460
35991
30554
29013
35087
24607
25877
29494
29497
29660
28885
29283
24332
29762
34173
30243
24042
25694
30440
30984
29102
42379
31932
26939
49467
25181
25796
25882
28670
36300
28456
27679
28599
28332
22774
32447
57977
36330
28321
32653
29144
25107
22775
32475
25924
27199
34393
28318
53339
43520
59550
49054
47874
35820
28261
29255
29721
28864
27257
29317
25486
28668
21955
53509
33709
64147
30151
26303
29222
29971
31068
24536
43299
26403
23866
28982
29148
27141
27490
26318
27055
30664
30850
24356
24761
28312
29893
33645
35024
36222
29201
24944
32785
27767
24851
34714
23003
26491
28846
23213
26566
27068
26296
33259
30013
27874
33195
28834
26286
26273
30521
35224
31942
27807
27714
28499
27517
27916
28084
26899
32681
36626
28609
27086
34164
23103
24642
31034
29817
55169
43114
54914
41762
36993
30992
25999
25436
23196
29409
32946
31350
25784
24421
30002
26671
23775
27590
30430
26594
31843
27127
29143
28021
29273
28438
26243
28805
29773
28086
27276
23475
28997
27710
25525
27937
29973
32400
27052
26086
28787
33063
28131
34030
26962
36569
22830
25418
26208
26864
26355
25364
32780
23925
25983
61901
37094
42960
27939
24361
27081
30919
28895
27061
25753
28191
33952
27769
26344
28131
31849
41450
26203
24297
26210
30000
28961
33564
27505
25193
28452
34714
30692
25939
30786
25111
37846
39262
29269
30481
37715
28158
23046
30675
29585
31917
26364
27024
26037
29717
30427
23681
27066
31301
27385
27062
27928
33982
33755
29448
29495
32159
65935
32417
33718
29071
28734
32315
26830
30323
30658
29055
28142
26186
25013
26069
29629
24382
30946
26286
24643
29054
79938
36796
32859
25097
26231
25609
28020
31256
45832
75145
51762
43788
33684
43307
29739
28180
36227
29507
31777
27375
35172
26522
29306
32895
29973
30564
30099
29127
32313
30408
30315
29550
32659
25368
28242
25532
29447
31247
27206
24488
31115
32153
28967
26918
28484
32969
26290
27418
29825
30353
34480
34821
26057
30462
29497
27196
30407
28788
35514
29923
28362
28415
30582
28154
34261
25078
297681
36181
30559
27346
25225
25329
26147
29324
29722
26795
27953
33943
28211
25119
26077
35874
32210
26849
26491
28413
28242
33724
31573
29237
28211
28645
29209
25704
28124
28445
36508
24183
26520
29518
30409
59916
45518
49375
47918
37069
28569
26964
26950
30654
28781
28141
25633
29185
29102
25478
26482
26843
33830
42760
29348
33771
33679
29164
28873
33131
28840
28940
25030
26828
28264
38922
28252
38329
25601
30881
29050
31464
28233
29473
28079
27370
25829
34963
25873
26883
23884
29287
43051
27543
34001
29259
24760
24738
33553
28122
25665
26922
31107
26925
27769
26515
30101
36981
27593
29930
27688
25964
26359
31461
26427
23791
40221
28109
24027
29587
28725
27207
28478
26978
25916
67645
31468
33518
61769
29744
32302
25775
27696
23286
28523
33099
29476
28569
28089
31219
25291
32883
26706
29495
27275
34791
30589
27609
32657
27968
24535
30281
26721
31203
26018
30584
27203
33861
34718
28120
25439
24351
29412
34257
29912
33116
35268
23657
33669
92087
33441
34059
47824
48482
45709
60793
35434
31472
35353
30547
34557
36571
27533
29105
29316
34019
31949
25934
25557
29797
24492
29733
25662
44918
26100
27038
27891
26473
34377
26138
24419
24169
29631
27585
33929
31843
28427
25917
27602
26758
25376
37302
27178
28681
31837
74095
28588
38140
28866
26541
24673
29378
33573
24309
33061
27498
25186
26587
30748
27258
25912
34939
31668
34578
29341
30187
26840
31150
29850
27913
26487
26706
27420
37288
29782
30243
26215
32197
30502
38309
34326
30471
27372
23026
31882
28598
34876
31634
32679
24792
33078
27811
29168
27800
35736
25125
29429
30276
33785
26386
28408
29934
29199
35877
27644
25991
27847
30721
27205
28166
62641
49268
50796
38083
28151
30140
35251
29159
31455
26744
27216
31473
27736
28100
33223
33198
30358
34081
30998
32370
28262
28455
29484
27418
26148
43553
35406
29534
25139
32898
32645
34438
25028
24176
30804
33021
24124
28307
30033
23474
29597
30297
27077
25079
27853
31719
28332
29205
26047
34193
27645
26480
28886
30364
29704
32188
27397
27493
35746
34097
30915
34958
26598
24409
32622
32199
28217
26427
27941
35411
29850
25231
25350
27444
28685
30054
30633
31024
27041
108967
32289
31713
28749
27085
27326
25208
31759
27743
39718
27947
25409
32275
29670
27630
31291
28690
23806
39872567
 Average Time : 31150 Minimum Time : 21609 Maximum Time : 302171 microseconds 
 Client 4 Average Get/Set Latency = 0.03115 seconds 
 Throughput = 32.1027 opertions per second
