101467
101785
58807
54528
63122
74208
67478
63111
51467
69610
51198
50714
58086
294693
244906
80054
44018
64496
65092
46949
73959
51629
73574
97740
60817
108572
53593
38256
107843
80008
47205
46925
71610
64091
67201
53464
73234
47050
65700
69276
42029
40606
49458
60210
60231
56653
60653
57831
75835
61414
74499
53808
61920
64588
45285
83390
52318
53369
59566
34489
96885
41138
59698
41204
38542
66192
51055
65728
44850
37076
54606
71450
60604
39208
44569
64407
60468
53305
52119
75770
62734
53525
56010
78366
49540
53965
73089
43236
67545
44233
65907
37922
56774
48633
42913
58052
47543
47224
69047
41315
86847
46299
49012
60367
107183
51278
101356
49656
48781
38553
58272
91150
52364
58431
75197
79353
60966
48435
69049
65705
76227
74004
54471
73456
65821
52405
262285
54251
86123
57131
51892
72316
55864
68951
62680
61193
61129
52911
49865
130209
72268
63637
48848
74573
48531
58380
49369
45710
66023
50107
64788
44530
70164
56856
53165
47792
64300
73983
53076
49622
57913
46798
54760
48378
61496
55787
53965
59312
76239
46438
77059
67516
54115
39247
67723
48773
64466
56927
61712
53161
114003
57275
41610
55012
88582
68352
77277
48724
47126
62350
55129
59001
70606
50606
45217
67462
67792
49549
53027
62747
55364
48402
68325
65475
58561
71123
55116
53949
56287
54602
38944
74785
39222
49131
69499
62560
59791
84647
140977
43751
42440
47733
89378
52015
40830
64194
72378
62323
56546
52589
50534
50055
52442
78830
55690
51111
45796
48527
42093
56300
69104
67053
48735
47366
57837
62626
43380
49746
42234
51896
57884
65294
40064
53928
66112
39818
44713
56001
54343
65862
47718
75375
66388
49261
77442
58051
47321
64899
64669
66226
57819
53540
69785
80547
43492
97365
64235
58849
74385
73751
44221
43708
55285
49112
60174
54471
56688
62959
54619
63798
62216
59628
40713
50642
57996
57769
47540
61459
50329
55609
52853
47093
55510
44239
57858
51124
60425
46860
39683
44735
55610
59040
55631
47862
47253
50193
42352
48300
44027
40436
19609976
 Average Time : 61281 Minimum Time : 34489 Maximum Time : 294693 microseconds 
 Client 29 Average Get/Set Latency = 0.061281 seconds 
 Throughput = 16.3183 opertions per second
