34494
29237
27080
32734
28292
29742
33016
29390
31406
27702
30625
29103
26451
29553
25651
33149
22544
25659
28800
27477
29162
28419
30330
36767
32818
35217
28021
26180
29390
23866
29155
27689
40614
29856
32328
28563
34051
25627
29366
25134
26659
21628
29939
33436
49082
47440
45702
38866
28389
30462
25913
30992
29946
25340
27097
29075
27879
31469
31853
31525
32992
28885
23358
30067
33972
29131
27499
29458
33042
23852
29306
32674
29709
31408
28866
23202
32581
31103
28613
29424
26994
30656
32597
31457
27808
33168
31680
28225
26353
38179
27366
31017
29655
29820
24615
28431
26693
27158
29556
27673
27936
28196
30692
29311
28602
27091
28713
27516
27030
25734
28214
30716
23183
25306
30409
26980
31968
38473
29262
32357
26519
23689
33723
28773
31621
49064
48340
43577
37912
55077
29633
29091
25014
27905
25536
27455
27770
26178
26729
29788
28253
28363
27385
33575
32173
33530
27044
29658
24876
27638
29500
31176
26669
28593
26216
28550
29313
27752
31698
34123
28365
30728
30890
24181
27836
30879
30134
26321
26613
25527
26043
29123
28347
35373
25682
26845
22546
24441
32056
27712
29840
30653
32118
26575
34911
26152
30129
25964
27961
23655
25548
33624
28234
26800
27689
27818
38260
25802
27528
28678
26389
29510
28515
34987
29724
26557
28341
26233
35259
29737
29612
31963
26509
29908
27254
26872
30381
31205
32201
33988
31801
34973
29501
32922
33489
31035
30605
32415
33454
29545
26469
31403
31401
32775
28094
29931
35690
33843
32954
27396
32513
32955
30842
31002
32365
31043
32615
27280
34023
29596
26967
25224
34167
26708
30626
31453
25002
27570
30334
29978
28327
30839
30894
28299
30085
38293
30533
33146
29347
32903
27785
26959
27751
30384
31837
23449
29637
29266
25944
30128
29389
27177
30653
28535
29437
28570
27830
29351
30350
29501
27611
32899
29891
32695
29360
32537
25709
33049
31798
27955
31911
26802
26966
30757
30527
27770
28568
31342
32521
30417
32526
39434
37121
29855
30627
30308
27438
28022
27372
30463
27674
30142
24181
29356
27044
24718
26938
33702
31128
29643
27742
29070
33318
28981
30774
32384
34575
30877
27576
29245
30398
27351
25415
30868
30456
33584
30343
32945
29817
31810
28935
32856
32296
33711
33252
27879
31718
31736
31982
28529
26013
27580
29555
26038
28664
27205
29194
29096
31835
35231
30812
30467
36031
32667
30182
36261
32257
27298
27399
30119
27598
31692
32252
27458
28464
31717
28715
29995
29068
32478
30805
28318
28905
29836
32186
29956
28940
29337
35116
37695
32604
27974
30089
28555
27635
24705
30931
29590
32091
33858
32500
30129
26656
24465
28702
31044
32397
26439
27819
28884
31468
28412
30644
36187
27852
34493
30581
32919
27409
28942
33865
32348
29451
27401
28533
32043
30077
30581
25808
29780
30445
30761
31412
26745
29567
30119
29805
34685
25804
31228
29161
30242
27517
30011
29550
31796
38475
34546
26984
25959
31486
31248
25637
29815
35607
32672
27002
32423
27481
24611
29737
31775
25419
75829
28982
29188
27012
35280
33087
30824
29789
29751
30502
34311
127255
32647
41804
29194
29147
26048
32024
30593
30584
29362
24708
30562
28254
29326
23867
33435
27697
37267
33471
31566
27687
34376
28063
34002
27968
31913
30219
27205
27848
29442
34302
27029
31313
26859
28375
29684
30913
28707
31640
27356
31652
31166
30119
32923
28309
29998
29898
27636
31571
32233
38982
208310
32287
27332
24475
28051
34320
28844
23983
29618
29381
29476
32448
35542
26368
31856
28828
24633
32289
36461
32265
27561
32732
29456
26437
31261
33348
37842
27312
34275
37659
33038
30768
30146
27562
30944
26925
29023
27924
35122
23205
32522
28448
30012
30523
27917
30010
43032
32546
30717
28435
33311
33962
29894
28171
33279
49125
28679
28349
27707
26802
42941
30541
31283
33033
31050
29463
26803
29108
27862
24773
35976
29950
33019
31097
34494
32294
35154
34087
30078
28158
29718
34097
34622
29062
33123
35112
31423
26989
33181
26610
29182
24879
34844
32864
32314
31263
26414
27485
28537
27932
30671
31001
31282
31721
31703
28683
34690
28139
33329
27870
32259
34669
31993
29810
35438
32448
27903
31933
36006
27937
30294
30334
38052
28465
28366
31182
33281
31856
31900
31474
32974
28117
31348
34129
30935
28073
32290
27603
29331
30508
25148
27339
27771
30724
27910
33441
29607
37169
32042
31327
28737
29821
30003
25772
30465
32858
30168
28563
27572
29732
32732
33032
26507
32676
31740
28905
30921
35939
28553
34466
28476
36598
29775
26059
30567
29208
32786
32679
26051
28991
31061
25079
26674
31338
30023
30834
34093
31968
31028
25828
25711
31741
30672
28936
26994
28914
28722
30643
31907
30349
32094
44302
41371
31980
34331
29646
30610
29983
30776
32969
27713
31885
33149
31604
35271
32282
25437
28888
26801
30945
32072
30036
30201
33071
31101
30458
28049
26147
32199
31600
28670
31560
39351
38518
31469
28369
29903
31230
30645
32445
29202
46722
41781
55691
47718
34010
29382
28700
33750
29723
28032
26848
29761
24415
32088
34320
28408
29623
30515
29127
28181
26468
29292
30977
28854
33874
27545
31741
29016
30970
32180
32658
30834
34396
28105
38794
28353
35013
32746
31143
29493
32672
34532
32735
30820
29705
32398
26738
33529
35822
29379
25626
26631
31532
31210
33459
32096
31725
31582
28287
34665
27120
31989
31298
31993
32715
32365
25533
31499
25362
28984
29017
32095
27607
30305
32168
33571
26892
29465
29403
32376
27702
34671
34588
28662
32959
29551
34607
30572
27411
29420
35858
30344
31369
34178
35895
30921
35190
65159
42542
28933
32641
34576
31708
30369
32240
32235
29985
31728
31163
28335
28732
27412
37207
32619
29450
25826
30776
30644
27160
29049
33458
29295
35665
39785
32820
35483
28207
33196
30937
30075
32035
31096
40260
32454
31727
30239
32747
34634
29229
33879
34125
34133
30255
29287
33106
33282
31105
29289
31878
26591
28541
34857
32581
31398
30113
32081
31627
27923
32224
28053
29680
36890
29411
33880
26156
33845
34986
32327
31308
30666
31938
35557
31491
35145
30979
30609
32295
33131
28604
26865
27260
31707
32952
33314
29387
28408
30245
35449
29648
32667
29319
29738
34815
26745
29318
28369
34211
29520
29102
31275
32003
27353
27375
28337
33270
33565
30146
29975
32094
25198
32341
28537
34222
31161
33714
34373
31152
28735
25821
34240
41628
26622
31271
31727
29264
30855
30236
32178
32604
36301
29287
33222
30253
27147
31034
28277
30091
27704
31014
32696
33485
28143
32977
33971
37529
30355
33497
31491
30154
30288
32223
31409
29602
34369
34825
29510
33264
28357
29460
34248
34722
28441
31828
35611
37110
31568
38439
32179
27259
30589
30268
39689
32529
33385
32132
32273
29144
32864
38120
35129
35282
35028
29513
31740
32920
32711
32350
32956
29295
29972
33261
34694
34706
29930
32435
38742
29557
29918
34931
31404
30262
31958
30830
33865
34890
28785
35157
32746
33571
32838
32943
29551
31771
39743
32954
28674
27632
31318
35995
31370
25987
31276
32178
47613
38044
30095
33541
32160
32054
29163
35643
29766
40161
30591
29729
26597
31270
30687
25948
32794
26846
29779
31207
30705
30010
36591
37329
32128
29745
30803
29806
31189
34551
32128
30280
34671
37908
30300
30194
29651
34259
31879
33852
34568
37491
30097
33967
33591
28351
33315
31972
36050
28368
35213
32360
34582
31721
31173
30471
34382
32972
31342
33235
33609
28184
31615
27490
29354
29678
32370
36145
33474
31315
31052
34786
35909
29197
34203
29880
33085
24722
29584
33898
32449
32850
30121
33103
40508
33523
29059
32518
35538
29421
27543
31610
31385
33055
30553
34205
30309
31073
27600
34736
26730
30199
31069
29383
31637
29389
33583
35214
30822
28999
32531
35757
36445
30373
25890
35248
36835
29912
33698
32105
31619
29733
28297
31026
36975
34543
36430
27954
30230
33834
30425
31136
28919
29795
31325
29943
33945
35247
33038
30193
36120
31512
34673
30452
33965
32365
33461
32605
35662
26352
34352
29899
32602
34011
32630
31386
29632
30258
33407
32995
31699
32484
31732
33069
33697
38253
32231
32627
32283
43479
33228
28251
27266
36391
31830
36321
31285
31856
27892
32799
32504
28743
27460
26033
30373
28674
39449
31681
36532
29406
31944
32628
32727
25935
36001
33740
31842
29342
31696
38216
29867
36361
31122
40873
33340
34032
34468
33465
31979
32144
36533
39838
32299
31813
33064
34141
29251
29425
35372
38574
31070
29520
31449
26944
27958
31452
32104
30654
31400
25688
32376
31469
37174
28867
29158
32837
39105
184265
72559
34798
26432
30778
32830
32563
29629
32188
31507
31681
45111
33053
28506
31698
31435
32177
29466
32108
32723
31372
32419
34609
32229
31496
34966
33783
32025
34252
31166
34542
33627
29486
30530
36064
29797
30438
32521
37047
38590
35361
36036
32810
31266
36951
33169
32430
30576
34165
33610
30746
36528
32712
31421
35872
32657
32391
31905
31182
31917
35155
33779
31573
32193
43129
28417
28430
33398
33512
29549
32846
27910
29844
32867
32302
36329
36419
35357
36650
36485
30086
86649
53535
47919
45050
50939
34196
36268
29772
30812
31047
28470
32461
28680
29770
32244
33837
32476
34494
29167
30088
30459
28484
32018
31789
28835
38771
30114
30677
28639
30954
32383
31802
33803
32130
38635
34515
33906
30046
31276
31536
37191
30658
26047
33063
28062
26654
31757
30295
33819
31664
32229
31053
33152
34496
34135
31778
33094
31323
33401
29282
31246
38394
34154
30901
32190
36818
32922
38055
33510
29906
31773
32578
33602
28699
33332
31796
34288
33943
28270
31457
34572
36908
37499
32061
32996
27548
28494
31281
36350
33692
36083
34743
31518
29855
30545
29510
37740
32446
30608
34469
38006
31372
37149
30758
35948
26080
35264
31139
28560
31543
36248
28903
32919
31723
36590
36317
30835
30764
40256
32203
27560
32612
38432
33815
31218
29102
29980
34887
33299
34062
35888
37519
29017
33234
31352
31313
33711
31832
33000
35271
36818
36905
38854
34678
32449
35083
35145
29754
30761
35002
31383
33047
31843
29863
26200
25646
36301
32895
30150
28198
34207
29354
30042
30926
33282
31331
29921
34333
37142
34915
32791
33003
37156
32204
26298
30245
30365
32781
30703
34435
30147
33561
30419
30303
33778
32379
32629
30562
31671
28058
36192
36312
27797
31559
33225
33153
34076
29097
28523
32709
28825
30027
34398
33990
26408
34804
37957
34965
33238
32410
34061
34783
31443
40061
33146
33191
31924
33177
36216
31443
36746
31122
28963
32322
32712
32301
33214
36204
31687
37526
35450
31612
31237
33004
29319
32998
32229
34910
41254
30184
33472
32967
29683
37794
30024
33047
29635
29031
31124
29642
33544
28249
33177
33891
33140
31139
29623
33064
30764
32427
34306
31568
30323
36159
34208
32884
37120
33882
32508
32433
29939
36483
28995
32521
33367
35539
31646
30371
33200
38311
34513
32842
32323
29150
29187
31242
32865
31997
32550
30793
31877
63583
37699
32848
29633
30917
30261
34351
32529
33013
38606
37649
32492
30529
33097
31475
30348
29212
29382
29480
34090
31707
28467
35260
33686
32238
39313
36107
29058
31361
31463
31910
33957
34000
31417
31880
32028
34145
34829
29994
31948
33362
32742
30808
32850
32574
32729
35389
30720
41530
42525
32572
38462
36764
35909
29083
33393
34954
30875
36467
38045
30401
37220
37501
35169
32906
32470
33047
31676
31773
30472
34466
34452
32092
32183
30984
30658
32945
30091
28276
31706
32951
35343
29727
33019
29637
31677
30320
28635
32517
35297
31819
34978
35522
32945
30697
30488
30354
36143
31530
38659
29570
37238
29326
31764
35853
40562
36318
32980
33352
36105
32333
38087
35666
35366
32753
38532
32573
34992
38895
29013
30139
30872
33880
32244
31491
36887
36343
32307
31726
36425
38046
32552
29953
30451
36356
33296
29122
36239
35259
32935
33088
32391
32066
28656
27133
31798
30033
32290
34896
36414
28216
34245
28825
32734
33676
36720
33067
34157
37171
27363
32958
36730
32579
33751
32555
32814
33794
32246
30965
30563
31756
28661
35773
32856
33837
32832
34020
30736
34609
32570
31538
31632
30083
31886
31868
31504
34770
34747
36485
31277
34034
36677
32989
31853
34325
36599
32632
32155
29010
35699
29776
35933
33891
30797
33391
31665
39472
32311
26492
32079
36964
38218
31300
42947
35209
30837
28448
29895
35616
33262
31521
39742
31164
29885
34985
38366
33590
34639
33892
30364
32919
33031
37729
26847
30410
32176
35439
37448
34234
30415
31014
33460
38114
42074
34987
32808
31550
30864
32125
34778
72512
38333
29438
31308
39314
33557
36823
36052
33542
31970
38605
26689
31671
37362
31196
32028
28134
34006
34676
33314
35004
36028
35340
30456
32548
31091
36621
33297
35654
31831
30781
28307
31596
40182
32434
35024
34315
30828
29862
31062
34762
32941
32668
32735
38214
37211
33733
26536
44926
31070
34711
33133
31722
31984
29130
37773
31351
37781
29931
36502
33216
34437
31013
32564
35301
33588
32933
34839
34073
30772
36238
34213
34525
35551
34256
29083
29419
29655
34621
30012
35051
33523
34689
37305
31279
39954
36004
29566
38504
32389
31122
30628
33506
33207
37283
30024
39505
34623
31372
34970
36250
34664
34247
33118
31997
31180
48599
75989
47563
49897
30358
36707
30308
34182
32889
28328
34310
32345
33272
32516
37676
34258
31392
32187
35791
32706
32227
36176
35050
36270
32353
36920
35156
36227
34693
31539
33286
31459
38121
37427
29626
31562
32177
33261
33219
58741
61741
45535
39211
34148
33448
35188
36596
36476
35898
31080
32961
34480
35239
37375
30756
33262
35804
34018
31497
31476
35482
36948
31874
29048
32013
33323
45209
35900
33032
34708
37354
31819
30348
33662
37737
38305
30946
32240
36410
28274
38109
29215
35089
37224
34213
38594
32225
27529
37293
33676
30538
31802
32824
38716
30340
35288
35914
31797
27802
33223
34712
30772
29039
33746
39067
33474
26413
34497
35419
33977
34479
35574
34441
31835
33404
35989
33548
37976
34804
30045
33885
35794
35756
36715
35707
28391
34674
33772
31643
35351
33992
31261
32404
35683
32145
36982
35729
36500
47109
32212
39270
42365
32646
35279
35826
31920
29541
32575
37063
38331
33932
34591
29935
34396
31590
33208
32156
35253
36422
27467
34371
34196
36801
32249
32051
29685
34906
32563
31958
29853
34139
33051
34928
58060
37035
36505
35443
36945
32293
40933
34504
32060
27446
31857
28137
32533
30732
32652
32366
33286
35753
30542
32981
32237
28110
29647
32926
35216
29886
29998
34359
34620
34183
32126
34967
35558
33826
44486
42368
33990
35368
33044
32143
32584
35157
30757
36017
32520
33709
33948
34891
34182
33416
31735
35930
32773
33989
35127
32582
41526
32083
34251
34440
30917
31327
35135
38159
30131
33789
33551
33855
38607
29859
34937
34746
27426
33416
34783
32638
29451
36378
80079
34678
32778
33927
30206
29752
34613
40288
36366
35342
37844
31609
31450
42186
30498
32861
33929
33336
31926
37684
38553
33529
36021
35071
37904
32810
31009
29495
36963
34070
35458
40104
35527
33044
32392
33759
36753
32970
29578
39237
30694
32523
33249
33225
35255
35047
35752
30221
35447
35434
32636
33903
35308
45031
29651
34658
31666
28379
33185
30331
32608
36556
30520
33683
31992
37028
32522
33738
30257
34377
34851
33502
32766
30713
31086
28859
32957
37642
29244
35104
35832
36000
40959
37575
29265
33084
27216
33455
34736
34516
34337
32875
31614
28748
36638
38169
30566
30816
34320
26920
33470
32557
32594
34999
34261
34433
32131
35551
32593
29776
34489
34719
31072
36391
31064
30389
32925
38270
27437
32327
33397
38182
35438
37501
34499
36008
33674
33889
36415
29565
36795
31932
34975
32944
28565
36946
38681
30871
33562
35003
33852
32315
38558
31464
31437
30896
35581
33614
33747
34946
41761
33644
36048
35788
35573
34644
35341
36724
34137
31495
35736
38204
35871
36789
33707
31924
35114
38078
34480
34988
34261
79069
36711
32351
38592
38950
30236
35992
33528
36874
31084
35497
33108
32915
33920
36648
43408
33746
34622
33086
28233
26823
34228
33103
31408
35336
34055
32524
39282
41502
33626
31903
29553
28461
33662
26299
33891
52690
39903
36392
31904
35105
30730
32358
30602
32627
33263
33033
33880
33568
34626
39451
30962
31067
34179
37098
32710
34093
34231
28430
31242
36727
33863
35166
30809
32500
35288
33701
35081
33543
34899
33245
35683
30514
32569
30103
33532
32237
33558
34223
35630
31501
35517
32238
31426
39103
32734
40112
37588
38094
32293
39337
36916
31676
29875
35664
34443
35046
34487
37248
30453
36891
40670
38643
30389
33087
33790
34584
36012
40609
30842
34636
36457
36223
38647
34014
39302
32306
31681
41476
35044
36238
34001
33294
39085
34219
32741
37612
36601
31879
36633
31496
34812
32102
34773
34223
33133
32447
32331
32681
32187
31001
35973
35619
31845
36083
33498
39788
33111
36027
36737
35222
33215
38309
33608
31701
36635
31360
38715
37855
36308
35487
36687
39734
35244
32446
30440
37201
32107
32097
31825
41203
34104
33616
40679
33328
29413
36901
31516
39541
36045
32204
34196
41800
40974
32229
35240
34859
33916
31063
36643
38819
37559
36246
38040
34761
40662
36950
40390
37810
33696
32991
38235
35037
32622
38055
34275
37389
31311
34750
36201
31766
38435
35897
33891
33894
34304
47690
50771
45476
43352
55188
33968
35039
29592
31650
32110
29504
34331
33019
31091
37583
35175
33638
34678
30709
35432
36098
35851
31082
61371
33245
33203
36417
34669
39627
42724
33893
32912
29717
35750
34221
35729
39658
36580
39121
34223
34836
32178
35233
33150
39579
30283
32060
38599
30676
33698
35667
33736
32889
32856
38324
34195
30769
32112
36825
35120
29860
34473
38404
35992
35518
35028
32760
35397
36914
38294
34547
36385
45183
34288
36627
38393
35218
37793
35304
82514
55463
44813
35210
36222
37796
34079
35470
34669
32916
32262
38399
36505
33651
31319
35551
34433
33524
35556
38059
37851
35488
36412
35909
32552
31196
38710
40103
34817
30104
37728
33528
32056
46734
35682
33727
29088
34029
32887
34015
42613
35130
34812
35566
43369
37024
35736
37092
34624
35348
39722
36867
32630
34442
36019
36009
34995
42981
32121
31591
36243
33828
34758
37528
35121
38495
31309
34899
35786
39289
35689
35696
35585
40000
38569
31326
34392
35300
36834
31792
32332
33336
34507
34911
32260
34208
34379
36866
37114
41171
35417
36832
34638
37473
30051
30998
43119
34249
38094
36747
33681
32482
35062
37395
34833
32910
31917
32080
32875
38220
37724
42870
34263
34025
35618
35746
38066
33685
37546
32586
42456
36575
34263
31027
42953
30852
33037
32990
40739
35213
30808
39004
33938
34110
38056
34866
31090
37099
37004
37007
33290
32701
30344
36311
37213
30737
81495
40430
34111
30492
34946
34558
32970
37762
31093
34483
35850
30836
36503
38911
33329
32292
42602
39600
32978
29189
36589
30109
36242
40291
35119
36068
34235
34071
34631
35622
33571
33972
30341
34002
38569
33994
36877
35917
36947
34832
33470
31791
36460
34394
30346
35285
38061
34856
33355
34383
33634
36403
35413
34842
39883
35811
35210
38019
35831
36146
40457
34164
35580
42253
36103
34995
34365
32894
32373
38050
34251
32203
36637
35862
40658
40734
36989
29257
30970
33601
36640
31804
35838
35206
34180
34269
31325
39941
35141
35818
37755
30487
43333
44553
40505
35698
31334
41138
34397
33634
40612
38682
35384
37080
36992
37951
35931
33994
36389
37088
36262
34771
35005
37759
39703
40330
32021
33227
34503
35528
30722
33750
34670
31292
36603
37347
39616
35587
33237
36175
29738
34581
45467
36915
31549
33227
39524
37158
48711
36782
46722
45229
37038
45130
39478
35158
35820
32803
40346
33664
39166
33171
40318
40292
36210
41248
29772
33800
41356
35174
35270
34816
36359
35799
35050
34595
32672
37847
37065
41757
32337
31672
32350
34051
30964
35316
37583
31387
39053
32608
37880
37764
35116
38939
35473
30749
32086
37586
36776
34910
39160
37047
33880
35348
41448
33341
33151
30500
33807
34001
35280
32700
38264
33012
31413
38658
37902
35255
41401
36690
31497
37866
35498
35172
34378
40497
36343
31507
36620
37920
39527
35511
32635
33854
33845
41406
37279
34523
34392
36286
40305
32733
33760
38943
34605
39113
37209
41164
38555
43366
32849
30988
44748
34692
32258
37451
37555
32500
35476
37709
40735
32362
38308
33082
36256
31341
36106
37651
37458
33343
31142
36814
37001
37622
35206
38465
42642
41753
33423
29564
36394
37606
35402
39122
36536
34442
35930
35127
35951
32359
37800
37148
37977
35273
35426
39008
38375
39201
33895
31097
35997
36682
34962
37024
38104
31634
36961
39726
36425
31939
35602
36720
35771
30273
33173
36489
35931
36003
41552
38792
38756
35401
32758
37664
39810
36564
36085
38040
36392
31887
29519
31423
39861
37131
38214
39908
40055
42005
34228
37516
36194
30846
33368
35864
37005
34863
40019
36938
36174
35698
29967
28891
35575
35235
34869
36499
42292
35380
33232
39145
35765
36596
34063
40169
34531
34480
38784
32884
45805
36958
32642
38580
33564
35819
36976
38842
30843
41168
35878
37683
38685
33240
37622
35193
42045
39165
33852
35530
32244
31505
37856
37776
34889
35860
34864
38591
33695
40664
33504
33158
33568
36977
34013
40175
39653
39070
35206
35177
32171
40559
32910
42189
39757
50975
57826
48942
47327
38266
36401
33255
36295
32374
31646
34651
36248
35580
36532
41299
29733
35169
29098
33892
33985
37153
36076
29389
39221
33829
38654
38467
34766
35145
643
819
697
843
579
787
785
840
582
582
681
817
571
794
752
682
828
822
660
672
764
654
676
508
540
792
751
775
785
630
723
842
815
870
824
821
745
800
833
787
678
799
781
824
838
769
929
895
768
508
714
672
704
729
744
820
744
793
805
889
892
728
807
783
777
832
761
766
767
725
892
995
1030
1026
909
1014
1006
1027
1009
783
818
811
1001
886
888
869
840
665
820
850
832
924
688
834
762
747
655
719
728
687
774
740
551
993
902
922
1005
1045
938
766
935
829
893
825
984
973
994
973
974
796
939
727
735
754
690
733
733
792
1296
997
962
1006
962
869
824
2683
753
766
571
768
764
754
833
794
861
775
764
727
746
831
726
817
697
699
775
767
622
715
706
719
791
782
745
696
511
750
763
782
825
780
833
816
787
587
751
788
816
780
673
1019
1067
1036
895
971
969
1038
1199
945
1209
1039
945
1037
1024
997
1003
1020
1031
935
1019
1128
1004
1036
1189
1006
1044
951
682
624
1076
1057
996
1035
1008
904
900
981
1039
933
1006
1026
1034
907
484
695
683
710
739
740
739
933
732
722
717
433
702
705
737
778
779
785
625
846
789
767
665
756
1089
786
768
558
769
1014
759
595
587
761
754
764
806
805
768
787
823
647
786
840
783
867
802
521
738
784
619
687
1128
839
1023
1106
1037
979
1008
1009
1162
992
1157
979
1023
922
1032
1052
1033
1056
1005
756
749
778
942
752
755
608
749
764
758
752
751
464
826
753
968
794
802
559
661
797
790
793
798
1290
744
798
626
779
786
798
820
793
803
832
813
797
543
537
759
844
770
777
556
986
846
819
749
705
824
860
815
799
544
772
765
888
795
639
740
747
993
794
658
755
766
911
807
774
871
784
826
823
829
783
913
822
797
847
1008
1059
879
1140
1080
1020
1059
906
1138
1037
1062
1034
734
748
557
450
627
628
622
703
755
780
791
702
791
735
663
826
763
596
743
630
788
807
777
642
803
775
977
799
698
781
823
563
780
787
806
793
628
714
796
769
788
650
1265
1035
1012
918
1154
1167
1033
1007
1201
751
755
738
497
667
786
732
754
739
761
868
793
773
750
786
765
787
804
564
762
752
845
817
783
545
778
791
803
794
542
755
796
804
788
692
821
592
660
846
905
861
727
728
845
852
862
881
839
835
785
580
783
659
779
814
701
800
721
819
778
556
774
805
791
779
795
811
721
929
946
984
920
993
1003
874
951
991
1013
987
970
985
936
827
941
488
739
772
747
755
712
722
769
753
636
749
785
770
738
777
774
906
804
783
734
801
817
815
808
721
723
830
825
800
810
760
829
834
796
820
775
579
709
807
776
793
982
770
766
707
744
806
734
1098
1076
889
915
869
814
724
1100
989
822
753
1320
1098
1105
1168
1238
1445
1006
817
746
758
757
687
746
740
793
694
779
714
727
771
798
612
1022
795
817
793
758
792
750
828
802
789
761
784
779
570
553
765
766
819
832
804
853
775
767
774
541
758
754
803
816
590
765
816
814
825
810
965
786
982
809
812
870
772
799
660
790
751
747
764
796
784
530
791
812
825
674
821
924
599
798
797
802
941
749
827
574
788
773
597
834
813
802
532
770
802
814
786
792
879
711
799
803
538
775
930
835
808
547
802
880
815
784
826
889
693
806
656
815
788
753
805
816
792
807
776
788
814
567
779
804
835
816
768
784
761
820
819
879
810
764
812
804
654
791
653
816
758
648
768
792
843
820
815
779
863
1157
1151
766
785
764
750
746
706
705
646
764
754
767
751
846
859
1051
1039
881
1008
1069
1050
890
1060
1088
890
901
944
1093
1080
947
908
1068
921
900
926
933
937
1053
955
915
1085
1062
901
891
894
908
957
980
1104
942
891
897
899
884
904
943
915
884
875
900
786
766
508
743
806
792
794
546
679
746
818
768
650
1370
907
846
871
802
881
831
837
585
852
954
1044
1106
982
1202
1070
1248
1125
1036
1106
1112
993
937
1117
998
1200
933
1105
1010
1109
862
1106
1055
1048
1120
1084
1118
1123
897
463
636
673
649
774
763
673
732
735
675
675
819
942
742
769
822
817
894
779
803
770
794
778
970
834
1184
1022
1095
1104
1082
1083
1175
1083
1066
1027
1030
1040
992
1063
1121
1084
973
982
1031
1027
1067
1224
956
980
1037
1070
1034
1153
1101
786
763
476
747
714
799
778
763
772
937
961
781
961
752
758
826
851
769
864
793
876
936
823
817
1078
730
940
879
1089
1116
1010
1088
1071
1040
974
1115
1033
1210
1030
996
922
772
674
773
806
774
781
780
1026
801
790
751
760
1196
831
835
825
809
809
823
793
801
826
876
843
654
843
815
623
792
834
804
825
919
1120
1129
1126
1160
1127
946
862
871
860
930
854
847
902
916
860
1024
785
941
884
1089
954
830
1008
877
871
932
800
962
765
681
818
848
1200
1107
1074
1050
974
1034
999
966
936
944
929
767
800
758
610
774
762
736
793
898
815
671
734
774
669
792
831
970
869
832
845
882
936
1012
841
829
776
830
886
899
825
790
1016
839
840
832
770
955
842
819
1004
808
760
848
820
679
722
887
835
830
817
1131
812
812
924
831
830
814
804
828
872
825
812
839
699
791
809
833
823
937
820
923
808
738
796
848
817
820
818
936
862
845
816
624
834
943
823
916
805
822
826
849
595
779
797
845
824
649
802
1237
827
974
567
813
910
822
816
933
767
962
846
587
795
832
810
838
575
799
1181
939
839
675
803
861
868
946
807
902
809
836
571
785
794
613
826
992
799
1351
1087
1116
1001
1052
1000
1077
983
1131
1066
1089
954
992
1071
1189
1108
825
964
486
771
769
783
785
784
755
1053
859
900
702
835
831
846
743
1014
1018
1185
1153
1128
978
1104
1045
1087
1121
1140
1044
952
1121
1147
1168
1125
822
476
742
756
596
697
777
903
465
587
670
784
483
735
760
1023
823
562
560
700
737
748
836
771
573
792
855
805
821
558
799
734
671
807
651
793
815
706
831
818
642
830
806
823
556
785
823
712
817
819
564
781
790
732
573
801
722
710
800
825
805
668
813
883
814
805
833
797
811
812
813
558
821
839
835
610
551
764
780
990
823
956
817
828
841
817
826
947
813
838
834
663
797
817
848
839
831
711
1176
1119
1087
1197
1151
1121
1027
1177
1122
929
778
799
750
591
752
756
847
781
779
518
705
785
985
790
497
760
786
881
850
724
926
931
1125
1088
898
1078
1175
813
811
801
922
1010
859
946
1047
1033
848
944
832
821
840
692
772
819
830
927
922
783
816
830
938
807
959
851
831
572
833
669
825
828
810
831
860
863
839
591
598
590
846
856
949
855
906
864
643
597
805
824
850
842
853
849
653
838
824
789
819
701
844
922
698
806
835
807
789
902
910
1028
862
601
822
899
851
851
599
827
864
856
859
608
836
806
846
839
829
836
850
853
837
855
946
969
875
850
837
984
875
876
724
859
864
878
867
851
1035
855
1110
1037
1154
1169
1140
1036
1167
1144
1054
1203
1200
1073
898
896
808
858
776
789
1038
800
687
825
872
803
624
514
866
935
1162
1182
1179
1023
1181
1036
898
648
820
841
843
850
839
829
563
791
817
714
809
844
574
776
846
787
847
611
848
748
843
832
766
936
853
848
611
829
873
1012
899
877
686
816
881
888
625
844
826
960
864
705
790
813
846
834
573
806
800
866
872
847
977
884
853
600
816
833
633
839
855
940
852
933
868
633
592
823
1120
840
828
933
992
857
850
574
837
894
952
831
917
953
756
895
947
874
931
861
849
938
942
744
849
954
820
883
877
818
805
929
880
847
849
715
961
804
823
1227
1107
1060
1107
1056
1075
1165
1126
794
847
813
792
792
932
827
773
778
773
771
774
774
772
827
824
822
822
819
842
831
859
822
818
833
1046
825
826
1008
823
828
821
822
836
864
826
832
820
832
860
823
830
977
825
826
816
829
979
1046
829
829
819
823
880
829
825
838
958
848
824
827
820
844
824
823
822
824
848
822
822
825
834
816
826
841
834
973
834
829
826
827
837
857
867
927
976
928
875
868
967
973
979
906
929
1023
997
840
824
992
837
853
841
964
907
837
845
954
819
942
978
817
821
877
835
839
805
928
814
849
859
840
1026
882
875
837
865
902
874
856
849
1009
871
863
926
1422
1185
1161
1114
1168
1146
1117
1133
804
804
931
1031
1054
1046
1041
771
805
805
795
784
812
854
869
1062
1048
871
908
1013
113416978
 Average Time : 22151 Minimum Time : 433 Maximum Time : 208310 microseconds 
 Client 1 Average Get/Set Latency = 0.022151 seconds 
 Throughput = 45.1447 opertions per second
