31338
30993
27711
27367
33670
38496
28172
87999
27772
27640
27232
26222
32154
25392
33171
23293
24441
26952
32726
28166
37522
33234
257139
28646
24328
68981
41436
42682
76038
25317
27294
32754
26359
27466
26886
33821
26628
28145
30816
26717
25527
24726
23736
26833
28088
23939
23183
28873
29753
31385
21913
26665
28313
30113
27912
28766
23468
25970
30850
26549
28149
27329
22908
29516
29262
25701
27945
29920
24437
29889
31059
30821
28046
22381
27301
22497
27470
23093
23753
27237
27859
29650
26292
26908
23661
25697
26249
21826
23334
26416
24823
28648
28062
28099
28851
27895
25966
29805
30290
28073
28982
27603
24186
28292
24470
28493
26028
30068
27587
28111
28381
24211
24584
24433
32037
25683
25532
22315
31470
29954
27518
25139
29501
26962
27928
38439
28427
30343
27870
28126
26036
29630
25346
21941
26155
29985
28208
26385
30039
28735
24890
27691
24472
24776
26580
22435
24950
24651
27191
25337
25405
28581
30174
30030
25808
29241
23754
26599
30603
29102
27557
24236
26733
29072
29789
27823
25036
23491
26723
33555
29934
22967
27074
29085
28694
26924
26963
27491
34617
27586
24488
29890
31187
26686
25925
27934
29122
26720
32181
29011
31903
27427
25699
23245
25837
31019
25977
26657
29957
31514
31655
37133
23490
32184
28848
26088
26727
35606
30469
29013
28093
23977
29407
29491
23575
30201
31096
26763
32518
25232
23057
29060
26522
28245
24564
24324
27313
29993
31193
28070
32356
83029
45067
44020
52910
51182
35760
28017
27059
30198
26981
23579
25391
28294
29579
23425
26640
31153
33169
24006
27401
24690
33951
26891
23841
24047
34823
31147
27821
27034
29140
28846
24546
35097
30789
30960
25771
32414
25211
22436
30816
27166
27719
24711
28991
28931
29486
29392
27724
27543
25506
31160
29512
27927
25963
25941
30262
30027
28183
29672
33245
27121
27740
27591
22863
27810
29103
27369
27572
26644
26187
27633
31681
28521
23878
30962
28985
27743
35617
31397
25675
27527
27584
32339
30449
33831
25079
27287
25004
26438
29973
27881
27149
34795
26499
31391
30472
31291
33809
26290
28293
32478
24058
25584
26442
29956
63771
28367
100053
29938
27971
26466
24438
23550
27415
40205
31864
26236
26551
30086
28274
32212
39496
33435
30314
28318
26383
29994
22927
29603
25975
31564
26565
29592
26172
23861
28538
24926
30378
30744
24277
97543
80077
37511
28702
32828
28541
26664
29234
27294
26974
31760
24928
28263
31669
32521
32158
27758
27999
27532
28959
26989
31482
26032
32173
24870
22690
29460
26199
21467
23531
27524
26620
26756
31236
55281
36712
37475
58912
43394
27882
28302
33635
26807
26211
27402
37297
26991
34476
31050
39018
25306
30586
26336
27707
25305
24162
26997
29702
29066
29133
26426
26299
30423
38726
29657
28492
31713
32054
24475
201424
30769
33530
26129
34998
22627
24783
29674
25714
31126
27490
27712
26226
30170
24165
25818
26377
30689
26766
23363
25644
22601
27907
36020
24493
25254
25363
27820
28226
27866
22436
22425
29287
31178
30756
25360
152639
91190
74780
30860
27383
30415
23670
26218
27459
28687
30773
27175
29552
31179
31274
28365
27759
23478
25989
27365
25569
26511
32566
30355
34320
31126
26943
28458
26401
29100
28926
30728
39159
27358
25650
29565
27681
28813
27490
37896
26044
28061
25980
26410
32828
34283
29083
26153
26863
31746
25054
25930
33413
33687
25771
29613
39086
27146
25384
23880
26089
33412
28036
24290
25414
35180
37681
32893
30625
53301
36893
30715
27130
27472
33148
33050
29686
31572
29225
25839
28647
37334
35476
27414
32225
29773
27029
30844
26726
30808
27181
26125
25112
24841
29870
28177
28391
26847
26462
25645
37188
28002
26306
25315
33020
30041
28197
31082
26662
24733
31507
27466
34059
27728
30220
37570
30216
32983
42173
27291
30505
32189
35463
29430
29103
36506
32012
32757
30724
27010
25190
40251
27737
23041
24275
29696
29825
23729
24527
29766
32771
29173
27689
29950
32445
28459
30490
29120
33017
27223
67369
47807
72709
30874
31736
27595
31742
37390
28983
22933
28418
27282
32214
26260
24051
28512
30714
29713
32838
26948
28802
27659
23743
27098
33714
29599
27052
26373
28803
30011
27583
30808
28113
30401
28115
28966
26426
25988
32226
28057
25031
22961
32830
37274
27567
25338
26910
27681
24467
28557
27643
28968
32011
24120
28072
28934
33679
28658
27645
32318
33041
40990
28554
30678
30919
29015
37141
30561
28597
35542
28574
31379
30914
32551
27730
23675
30745
29745
30165
30952
36961
26839
25988
23955
30265
28679
30363
29839
28844
32615
32566
34001
29996
24924
25654
28226
27387
33941
25985
30997
33254
30815
26659
30788
30927
29586
29492
37899
61188
32931
31395
31080
34433
30409
29917
28654
34473
29158
25033
28918
31044
28933
25554
26216
27367
30525
27364
27191
27034
27366
27435
31663
27825
30290
29814
27732
26192
25972
26440
26821
27397
26543
32192
31643
25355
24568
29304
30292
25790
24214
25162
26996
30890
31091
25677
62641
43977
39228
39618
37441
30144
31453
38746
31490
27743
26162
28553
29223
26506
27896
31762
24653
26570
26575
28619
29012
25868
24991
28002
30736
29270
28220
27364
30009
29996
28269
28809
25138
30453
32996
31834
29270
28455
26590
30231
28434
31718
28891
25712
28755
30091
30487
33497
33701
28692
27925
26801
28380
24782
31860
28676
35746
29142
25916
29758
27712
21404
25579
28682
24723
28300
27934
31846
28555
28028
29386
26741
32673
29038
26990
29853
30405
29952
24225
28200
24055
35395
32356
25046
57503
72826
31711
39056
32735
26593
31810
30159
29432
27393
36431
30029
25466
24650
29945
30799
25036
26367
28109
29147
38956
31334
28906
25502
32710
26496
30139
29443
34270
30573
28451
30985
34844
30235
35790
29005
29776
25547
29938
29706
33244
22956
25057
25735
28198
33068
27892
28503
25607
28255
25230
28404
29601
25496
35782
30247
28857
35404
36081
27497
29014
34629
28873
29347
30276
28402
28267
28989
24703
28260
28748
26662
30886
28192
31050
29436
22990
26184
22483
32730
30104
25969
29021
25948
33509
31969
31141
27909
33292
31383
32357
26318
28030
38588
30501
27595
30021
26681
27161
24553
25585
28996
26729
29767
28983
28279
28917
27684
27809
29753
32666
28582
23636
32280
35648
31786
25353
25427
30121
29154
29529
30071
31275
23006
43761
29800
28263
25448
25721
31686
34413
26004
27297
30060
30793
27363
26547
28423
26235
29468
24024
28594
37977
32171
25295
29712
28657
27054
34966
26033
25602
27230
33371
27896
25388
74848
25767
47987
47071
45905
45916
32130
24985
25021
25506
26884
31133
28006
28198
26396
27089
25257
29312
31987
25181
27677
25639
28476
27873
31971
27446
28193
33261
29205
31086
23223
28169
26366
33597
34965
35541
62057
25795
26746
28195
31988
35851
31067
25151
36590
32568
31947
32362
26641
30322
24906
32894
30797
29853
26534
27640
33836
23642
24671
33925
27713
30777
27872
28813
32447
30421
27632
29534
30287
27954
32570
32435
29412
25769
27117
24292
28275
25291
29402
29605
56663
28015
33296
27859
30680
27410
27330
30038
26729
32930
28233
28230
26902
27819
29226
24110
29062
30253
30464
29730
31799
26236
26585
30941
28346
28507
27451
28954
28561
28977
31955
25407
27421
25962
24214
32912
33301
30310
30602
27572
35129
33998
27491
32639
36292
25390
27433
31753
27043
31221
28102
32951
25112
45862
81702
47737
48670
34062
28684
30793
28498
32471
31462
23579
26253
28705
33799
31920
30085
30578
32022
27509
28498
31011
26266
23364
31673
27546
30993
26651
31028
32624
36263
27295
34290
28110
25717
35838
29663
98504
27020
27482
26016
27736
30503
28557
29826
36173
27267
28088
27355
30203
29537
32558
27761
30873
31080
27172
27553
31998
32346
33006
34939
33031
35986
29487
31864
31914
26548
24069
27983
33200
27359
26580
26527
29212
32628
32715
28139
31333
26856
32429
27564
29538
28127
35472
39203
89687
32953
29169
26633
34541
33458
33705
32694
37113
26666
23548
29997
36685
31823
28623
28938
29941
30980
30155
32405
25132
25632
32512
27979
31232
26311
36180
31861
28173
27657
25426
27256
28777
30363
29193
30086
24015
29582
31253
32200
26687
28625
29958
36161
30160
31852
29040
28177
32322
33893
36040
38153
28880
32988
26201
29245
29285
31879
24747
23848
27637
28576
31761
34403
26898
28520
31293
26517
29823
33418
30916
30246
33837
29149
27767
27499
31578
29967
31982
26119
29098
27561
31504
31331
37508
31738
32106
41876
34908
31666
31421
26438
26061
28356
28443
30431
30556
30888
27727
34085
30011
28317
34434
31120
23846
31646
29225
33616
29264
25266
28340
32243
31906
31209
26695
31667
29046
26582
30257
30813
30441
27583
30866
33490
29526
28336
27358
27011
34263
32330
27579
29077
29173
26651
38908
31529
30059
32490
27930
30276
32421
26919
34387
34308
27309
27584
29899
31811
31555
30856
30529
33749
35358
26155
28349
30340
31071
29969
36893
28317
25274
33697
27256
27865
27181
35871
25777
29869
32371
30866
28548
35006
27155
36194
35696
51640
81663
91328
31181
74427
30106
29882
33809
28978
29959
30443
34841
30835
26361
26120
30802
29662
31447
26910
26097
27370
32644
33267
26755
25086
29617
29363
25331
24230
31597
41531
31447
29813
30161
28756
27785
25295
27292
29313
31090
26446
32175
29486
31767
28831
25830
33511
31049
30344
30867
28021
30399
27548
37026
27116
32654
27578
27310
30809
33785
28154
29362
28707
27845
26923
26160
29422
28194
30142
27899
28530
29101
28421
35286
74711
41518
30232
24955
31527
31350
25600
28868
29448
31960
27762
29983
33770
124309
35098
32338
58807
33368
32404
34797
31383
26724
33259
34151
28609
29218
35272
24958
26016
31407
31110
28925
24699
36248
28631
30125
31881
31705
30594
49470
51640
59194
50184
32483
26582
27351
30889
29677
30491
30684
30238
31390
31031
28209
27333
32126
25951
27953
37176
29855
34588
26535
31789
30201
27233
27057
30432
31300
33402
32592
28189
28764
33714
28819
27616
31580
29164
30277
26157
36435
26638
31276
29426
26356
35195
29379
34461
32305
34341
25418
32628
29053
32370
28835
31973
28595
30905
28910
25275
31871
31401
26617
27132
36780
29800
28429
28127
29031
25596
28129
29172
30577
38666
37366
36133
32801
29302
28678
27334
32182
34573
27860
29890
32403
29563
28376
25785
28010
28577
31416
28479
27887
31040
29310
31224
29159
32385
30753
30979
28317
27539
28535
30840
27044
30794
25438
37166
26025
27702
31664
34661
33080
31620
28213
31610
24444
25646
31866
33642
26844
29538
29578
25998
29741
48650
28557
32797
26507
32647
28436
30448
29837
32184
29653
27281
30071
24183
34053
30750
26913
24365
27697
30376
31739
26875
30096
28291
28640
34193
38428
31765
29495
26431
29779
29730
24141
40682
30313
33289
33347
29133
31152
30839
34238
30959
27001
31474
33251
34442
32894
28619
32264
29856
28703
32437
23447
32029
27649
30383
29327
34882
26327
32670
25676
40990
26958
25314
27757
29941
30684
28957
32128
34157
31710
27765
29293
34681
25947
30637
30338
33570
29103
31568
29872
32935
36086
28534
27829
27495
31221
26816
29539
36048
35795
27541
31500
27806
33680
29975
30670
27755
31962
25484
33547
29078
31869
27594
28374
28609
30000
30704
31107
27664
36420
26524
28827
29397
27251
30658
29764
32129
37280
56036
33701
28764
34662
30217
31321
32206
32625
35273
30518
29884
29945
29809
26206
34220
32084
29404
35349
27067
43167
40475
31243
33739
29363
30059
33075
33501
25208
32144
30569
29986
44448
46584
42053
54614
34658
33629
28997
28641
29675
31948
30503
29159
33893
34102
29709
38441
34949
30563
30609
26846
28191
40283
33620
30627
27853
31584
25402
29036
26689
38379
32015
25562
31030
30444
28593
28989
33210
34036
32208
28833
30302
32495
27755
32866
26246
32030
29229
29444
34030
27433
29083
29290
29548
29373
30219
30749
26395
34552
33905
27574
26464
31117
30672
25756
29818
33274
31672
26608
30131
29810
35570
32483
28654
32189
28520
31024
32382
27095
35428
66730
38906
33688
32087
39196
32538
34938
28365
30214
30992
32305
29619
27714
37019
31725
28710
31054
37495
34340
27642
26755
28459
32726
43608
83965
42091
39403
29205
31283
28637
25434
34761
32323
28780
33624
28778
28979
26955
28462
30002
33804
33616
26683
27397
29894
27392
28875
31313
38067
28669
25042
33947
30817
29011
27032
28559
27467
28217
33162
30030
41390
36286
36379
29302
30576
37330
39354
33367
25911
30120
33569
28177
33378
29865
29999
36659
32611
25973
27488
33091
29384
32401
28190
27686
30356
23279
26539
27417
28572
31613
32734
28629
37637
32459
27996
30494
31044
32936
34834
28099
31834
30400
33587
37274
37058
28989
26884
32115
32596
28300
32254
27750
33155
27761
26768
31561
25590
29165
27569
30752
33686
31359
29080
28703
29100
29128
34252
31116
34158
35959
29260
32865
27602
33711
28754
32441
33436
32764
30069
35010
30236
39400
27920
30484
33100
31175
27636
33200
35655
29578
28355
25383
32072
34600
33489
37928
31689
28519
33218
29230
32850
35409
32059
26960
29044
32347
29717
32344
31442
29969
28203
29103
37103
30284
31396
34972
38049
27572
27898
26323
33705
29389
36227
30295
29699
24323
27616
30486
36845
32923
28067
29979
30205
31738
35751
28846
33599
27725
28313
30869
24325
28745
31175
32870
30452
32293
24542
26523
29836
30547
32673
29801
35178
33165
29689
28428
27614
29668
29536
30459
31744
33065
31395
29281
30440
31060
33686
30149
27936
33454
29432
28146
26579
27025
31375
36377
28781
29450
31620
25113
27579
26992
28070
32840
31005
27341
34335
31559
30426
28492
35655
27059
26125
26068
29039
34707
28515
127500
50669
32747
30914
32997
34851
35390
27145
27798
30730
35427
32338
32392
39091
29560
27676
31203
32282
41654
30620
33598
30305
34760
32239
34274
29090
28509
30750
32245
33317
28864
30468
32162
29576
30251
31169
31293
30091
34638
29375
31176
27468
27640
28902
109267
75742
28460
31714
34756
31751
33643
29455
30637
27318
30538
28875
30298
29898
33913
27137
26769
27919
35351
31691
70403
62218
55745
38300
32568
33857
32877
34735
35990
30844
31458
30877
32796
29753
33534
32513
29651
38224
28408
34720
29863
36765
35447
28594
29062
30856
39596
39702
31699
36200
34284
27614
28292
32289
30743
27633
30478
33466
33371
26803
38824
32912
32794
25051
29260
27475
30631
24998
27355
27748
34056
32035
31736
32086
29752
38983
31627
28396
35570
234676
37100
80864
32899
29763
31749
29969
32956
79771
51777
47132
43266
35765
30992
34388
38227
28615
31154
26415
35323
30080
29243
30632
38153
28122
31444
29980
34176
30814
32065
27284
33961
30595
33119
38522
32605
29284
31146
30955
31870
32040
37807
35795
66637
34465
33122
28580
28507
28207
31218
33022
37685
35691
34382
28466
30219
26114
37259
27228
30728
28988
35919
28852
31425
31474
29328
32181
29668
28939
34726
26312
26202
32755
28769
33712
30918
27178
34730
30062
29764
31060
33255
27685
28769
29328
33167
31652
29136
34259
34390
30347
36233
27073
28390
27817
33645
30938
24295
29438
31715
30643
34241
31977
30590
35476
32411
32981
33453
27960
30468
28155
29987
33738
32151
31930
34034
28988
29020
31571
30102
38963
34481
31643
27993
28057
33182
33785
31472
31707
33705
29496
31316
31896
33449
28839
31087
26766
31486
28447
33273
27075
33402
31792
32665
34408
32946
34077
28545
27898
35816
31337
28554
32332
34247
32880
30947
29302
31376
28484
31443
26782
33596
27495
24379
27581
31353
33132
31207
35077
30854
28382
28430
31185
34383
31367
33671
33472
26707
31960
82370
34711
31225
29463
42692
32708
31695
35091
35202
29757
27607
37766
35740
28127
25883
30238
35120
41875
32671
28918
33819
30197
34210
29468
33093
28717
28301
30105
29621
31262
30030
29577
33642
34192
37373
37085
33612
33791
31826
35889
30539
34703
35279
39137
31016
30908
27978
28941
31196
33519
32503
31826
30924
34636
30333
37762
37512
27301
32823
28192
28894
32264
30435
28786
29839
26202
29445
31520
31372
34046
28768
35668
33866
32935
31781
30009
34566
29632
29211
36805
31023
26672
34174
33546
28373
29317
31712
38979
32555
34399
29442
27580
27907
27829
31480
36620
34480
28450
32924
26931
43860
29033
70905
36852
34829
30605
28666
27092
29561
36035
34335
33134
30505
41631
30683
31076
62708
34180
33425
41466
29129
34125
27583
80018174
 Average Time : 31257 Minimum Time : 21404 Maximum Time : 257139 microseconds 
 Client 0 Average Get/Set Latency = 0.031257 seconds 
 Throughput = 31.9928 opertions per second
