54582
62688
114422
61309
58528
58190
67134
83576
67579
63946
79855
67844
64284
108080
40306
60718
26154
127309
211253
48359
67329
82872
68373
46532
63552
45668
114818
69491
51670
63198
75350
109969
85521
56954
47775
79755
51849
51906
75946
46615
59630
61795
58778
61892
64639
50494
43099
64537
36224
70107
65067
59508
81321
53667
38940
59080
59687
54413
56423
75829
61589
141762
85074
63040
48623
59344
60003
43302
63038
50069
82389
46297
43763
50711
64476
58806
51318
82802
56048
59730
61518
50555
54093
53057
57286
43819
59056
59748
52934
64653
59622
60027
54600
71295
60484
69604
49549
41270
75303
100693
76778
60460
65857
64744
57585
56394
52980
40170
52906
64268
117475
86585
83937
85935
68134
67936
43782
41954
65600
77763
59580
92730
49588
57870
275254
84404
70811
66317
57197
43549
45338
63302
58792
50369
66979
70246
49326
74388
63378
68075
57109
47663
55913
74701
57900
54587
55662
56621
57128
56963
60877
63437
60871
65516
56596
49345
47144
75502
43343
48470
69912
61986
37771
43846
61902
47001
53958
50836
46040
59961
58867
47958
63521
57848
55239
58324
53465
75204
51898
69665
60458
68264
57392
47969
59028
46218
64761
61329
51287
59769
65221
110067
68372
59614
47838
58965
59735
71200
70698
63599
60071
58047
48721
46573
61522
65400
55175
60174
64163
86844
64264
52980
43066
65028
56582
43414
41810
47961
46031
27523
30669
68823
55844
53594
49287
53901
45555
70352
57814
92606
59328
54594
38850
67599
38649
51508
75830
50207
47549
72007
60721
54116
55785
79426
47984
43812
53688
68185
46030
61803
60215
49581
63326
62087
56882
36827
51910
63911
60580
72209
56989
56798
46708
89216
64726
65101
58910
72921
65658
72594
56008
60897
57126
55710
72912
93203
59924
62579
56508
58830
46639
60242
65267
44908
70603
41805
67948
54088
54040
50055
79881
146561
33662
112631
40639
69227
78746
65795
42384
54719
42670
58218
51892
66344
47934
40954
47304
57681
60028
78477
37412
59293
55878
100106
34933
34474
37771
25146
20990
26483
19774948
 Average Time : 61796 Minimum Time : 20990 Maximum Time : 275254 microseconds 
 Client 4 Average Get/Set Latency = 0.061796 seconds 
 Throughput = 16.1823 opertions per second
