38770
61918
67977
69860
77329
62846
53021
52261
45675
69984
65899
52901
76608
46357
334684
244425
79575
60768
57248
47975
80619
43818
43295
47306
37812
49826
51854
68233
63841
50019
46730
64482
82364
100836
45389
47133
44753
69186
81494
60065
53178
53741
63045
62370
52549
77369
66983
63300
58599
38194
65230
73447
55278
58395
60345
46457
55970
70781
63723
54546
51408
43090
56267
39247
38498
33540
42619
62505
68725
66713
63582
68330
47711
83870
78624
68435
54556
48469
79312
46234
69825
45831
62044
55593
66206
54080
61688
68790
67981
42760
75560
53498
48241
44348
54590
50715
54709
45131
65212
59613
94978
80339
38514
63434
52524
58748
87107
51017
52056
55253
51908
72084
80380
62833
82759
62526
37233
81491
73414
78878
68859
101532
93588
54447
82351
63025
47884
48014
42492
33872
35944
27556
27286
37448
64690
67607
52527
58055
89562
51767
72471
65591
76667
63034
61421
51763
63013
55306
49502
112019
49716
61681
109982
77192
36613
44484
60116
59169
61478
56529
39825
52150
46766
50763
71608
60533
56860
53050
45056
60480
57375
60631
66527
68645
51291
60812
56630
51259
52869
50210
66062
46105
63988
55979
51680
47243
49492
73986
77487
38967
56838
53414
50028
53838
69398
59279
50615
67652
41894
74031
76245
44516
81983
63908
74380
44391
73649
72334
42637
65404
57853
68256
44910
53011
72766
49916
46589
48280
49419
53104
64081
58909
61207
57804
48881
57968
33587
108870
63694
41871
50148
62076
48586
51548
35921
39294
46225
75521
53909
60813
60534
69276
59119
90182
59096
43397
57965
55728
56649
55759
46737
61659
64117
75303
46602
51162
49587
80431
59437
59458
53105
41779
57628
56903
44219
62949
58964
59609
41990
61850
84139
60302
83837
50500
65062
47531
80993
72944
62789
52994
55756
73098
98789
59670
50101
50552
57665
68503
110107
64939
62632
65484
46976
47410
53025
59630
54342
63156
46167
98888
42612
60571
60205
54843
54857
117514
42501
37731
30303
44080
39768
66528
95881
57229
58881
48929
37225
55983
68090
61700
19470901
 Average Time : 60846 Minimum Time : 27286 Maximum Time : 334684 microseconds 
 Client 5 Average Get/Set Latency = 0.060846 seconds 
 Throughput = 16.4349 opertions per second
