73640
74207
90143
69365
44936
70483
52782
59047
46816
50266
71862
46906
66307
79054
42360
81229
44782
61600
314466
63702
70060
54755
76369
55170
76878
54032
35017
89066
57354
70271
74778
68982
89781
87076
57039
54903
77199
54534
64424
59953
55792
58739
59291
67911
73952
74228
84037
59900
42077
69949
59096
51318
60837
61241
51261
71012
61251
64079
60078
72694
132150
24052
31761
58728
56023
56219
59453
36325
52050
142772
53952
53133
37681
59024
64540
59320
56235
66920
34272
60844
48332
50614
56296
63863
43299
56751
50516
81248
64223
71526
60679
68769
61808
60126
48305
50893
59048
47714
86027
81367
37308
46244
66472
48785
62452
110054
59389
52739
83061
53238
79190
31424
79574
94116
79281
79588
88613
43025
57446
70459
59076
76324
63550
60590
58130
52860
48934
25909
35271
29745
27057
46366
76044
78962
70437
73607
57882
92387
78924
58164
103781
48455
53688
61816
62619
78331
57138
100974
61786
84530
43959
45055
54558
63398
75608
75995
43941
68629
58577
58380
62523
69855
70169
54519
50338
67303
65124
55285
82379
56318
54816
37122
45766
56750
50025
58524
53873
48197
61911
57393
55726
49354
88166
77189
54260
62022
88443
68573
72226
128131
83901
58148
77138
71302
49829
53186
60000
53530
76874
49845
75522
63851
58020
50696
70012
41956
56368
65204
50951
50465
52511
56145
53206
41299
81176
62156
45057
46715
44791
114971
36154
42274
58928
86747
58420
32797
85890
47397
74068
43715
46201
76290
56113
57636
39213
68845
54072
44078
74569
66396
61656
59808
63971
44622
40628
70793
47841
63919
48273
43546
51590
55957
71377
47200
41759
65823
60450
77048
58751
78562
75007
44707
61311
62706
76006
57717
47437
60228
78326
59599
96996
42633
84833
95404
57335
59034
45507
52762
70173
47674
60717
59757
39854
86584
72108
47196
55382
44138
58553
64473
36973
118730
53163
53361
50351
53234
59402
107172
124703
50517
64764
64245
64317
55431
51727
49627
53259
69811
53044
52587
37718
89221
41623
32317
32841
27636
23379
27025
25559
34673
19834139
 Average Time : 61981 Minimum Time : 23379 Maximum Time : 314466 microseconds 
 Client 16 Average Get/Set Latency = 0.061981 seconds 
 Throughput = 16.134 opertions per second
