39147
52018
23474
25425
27403
27156
25117
33165
28044
26759
26493
30645
33374
23448
60663
30252
25582
25479
33703
23544
25530
26457
27183
61506
58327
47879
49050
52582
44419
31916
23656
24932
24619
25930
26631
28261
23463
27063
25548
26512
30329
28316
32684
27675
65289
33750
25542
22960
34890
26222
30466
30940
26340
23752
26812
29186
26119
29557
26726
26536
31952
27193
25452
35558
31245
40278
28532
29116
29340
25761
29421
25437
26858
33319
24384
24108
22179
34378
27842
27013
28250
28861
32199
99219
26732
26622
24555
23595
67694
25880
28632
26948
21919
26527
27117
25806
29951
28854
28838
28185
27656
25400
29915
27317
27224
25745
31035
28766
25093
30311
33828
27394
27662
22890
27576
27460
27297
25616
31860
26566
27946
27557
24958
27234
34701
25554
26677
27702
25563
22609
33163
31496
34365
30241
25312
23061
27461
28233
29291
25574
27132
27936
32095
23747
27303
27859
24200
28485
32044
25956
26300
22387
29407
39149
26448
26761
25629
44371
30467
25242
20324
34631
33643
25347
26782
27142
25188
27845
35863
25950
29191
31467
25306
32923
23135
26367
25549
25628
30090
26467
29782
25019
22900
27096
29299
29984
29709
22793
27735
29605
29942
29799
27925
35091
25817
29277
21966
30364
31152
56541
43799
37670
38945
41433
32735
32832
29430
29298
25143
34806
25304
29761
29895
26544
34057
26104
28478
28955
31637
34503
29036
23940
34626
24208
24940
24718
24956
26272
22343
24393
30729
31983
27205
22946
26133
30167
29312
123361
26449
28469
30180
37159
33308
24408
29903
24898
28782
26791
32798
33325
29424
27895
32140
37611
24714
27036
26601
32442
31711
50034
59675
58457
35862
32855
37995
302953
40793
28216
32876
28413
26748
28575
24806
24934
32507
34575
33597
26433
33359
25155
22096
30921
28117
23378
26429
31780
35798
27121
26651
30926
28346
27990
26319
28569
27286
25814
26956
27719
29607
40785
31611
27107
24855
24119
44085
28412
25302
23963
32346
24700
25994
28915
24425
29687
30622
34905
38870
24258
27959
31858
32164
32702
29520
36078
24634
34834
28020
27353
25942
30147
47370
34138
31441
31829
26622
25122
26707
25802
31012
28757
22956
41182
25771
32352
24805
26798
37760
26743
31942
27232
27649
35621
28661
24448
25047
30015
28925
28277
32346
25491
24864
32712
23332
24369
34785
26190
26235
39571
29963
32106
29983
25014
28999
30720
35879
27485
25098
27763
29532
27971
32010
29413
25104
23509
28439
26993
29529
30240
24391
27356
24954
27777
30838
26918
26850
32082
37207
36129
27130
24635
23504
23606
26415
66386
24513
26944
51537
31017
31226
26523
29506
31833
27228
30163
34803
35422
30737
28078
56408
31367
32801
46315
53207
33371
27950
34323
26404
44704
32187
26030
23372
27322
25647
24208
26788
24572
27498
26304
31174
25042
26291
24871
36855
28862
25400
34583
21964
27936
25298
27954
25649
26641
37697
35444
24726
27777
23655
23668
29897
27794
24615
27198
33700
23608
25538
24899
26771
28048
30167
54964
26780
34799
32744
33641
27571
27468
25841
27600
27221
30821
30076
27900
24927
25631
29749
23342
27393
25453
31676
37723
29787
70778
39619
32849
48947
30169
23805
31006
31081
29471
29796
27653
27694
25626
28137
26641
28238
27044
27451
30370
29091
27178
38052
31274
29609
24223
29725
29112
33212
26439
27378
29851
26211
26487
24016
29417
29254
26573
31196
30482
23268
29673
29680
22548
29684
30004
26289
35874
33735
43357
29649
26235
25369
34453
38818
40415
30352
31456
30056
24766
31046
25552
26078
24422
28308
27543
31672
36824
30645
25747
24209
29102
22826
24849
29273
28411
24528
29669
30550
34411
28609
25656
29270
26775
26822
30194
26493
33888
32271
24457
23984
25713
31020
29635
28562
31015
28468
24606
34638
37058
32116
27193
25186
29189
23551
25016
36017
34180
29408
32582
33172
28480
24883
27324
26904
30197
35326
24106
26750
31252
32618
26783
29066
27719
26673
29557
89490
54733
34968
87264
26654
27550
30148
28038
37659
30561
30086
24247
28534
26665
23519
31742
30218
28900
24254
23972
29892
28968
29613
28490
28495
34788
64865
77596
41859
31927
32475
32780
28463
26574
32497
26221
29057
28722
26709
24899
50950
28957
25777
30737
29515
33815
26884
23226
33334
30773
28803
27456
32329
25554
38450
26659
30000
33762
28657
32068
28094
29228
26032
25709
28421
27030
27187
25353
26400
26454
25649
29374
27711
28625
26913
55673
26131
31200
23896
26590
28780
29195
25957
28863
27618
22858
26667
35530
31837
26210
25546
30072
25250
37860
25896
29532
26961
32124
31099
26304
25493
34045
33281
30532
27557
26140
61245
45848
81670
27940
29162
28802
25633
26423
30231
32051
23943
25370
34717
27250
22406
44649
28455
27937
29489
25407
37098
27668
29649
26968
27948
28187
28392
30373
33360
27521
26840
25467
30868
24587
35398
26658
26033
26090
32518
34023
25097
25030
34185
39467
27890
31184
24067
30574
27603
32498
38943
27328
24654
29543
34891
25647
27758
24502
30545
26973
29857
25715
28815
30810
35546
33270
28906
25580
26208
31210
26175
24230
29068
29694
25287
26618
28849
36069
31327
26989
26063
27214
30653
27795
25394
27824
29519
38354
29682
30131
28280
27401
28355
25900
24433
26921
32477
32818
38173
30507
28648
33039
40868
28950
25313
26053
32744
33240
25500
28643
27972
26627
56115
32082
28487
30486
32995
35353
29873
26188
24194
26294
26226
27755
29375
28372
29720
92896
27495
24545
25539
24827
37016
26633
32995
28217
31276
28219
26219
50884
51259
45617
40772
55433
37302
25766
29216
24450
33928
30952
25289
28033
36774
22544
28282
26542
34067
33583
25850
24622
26578
29838
26529
27789
24937
30376
26520
23975
29031
42728
34520
39196
26111
26739
25617
33146
34194
29952
31758
25702
34048
27603
27305
24815
26458
27249
25968
28106
28910
34346
25289
32181
26616
30934
31334
27350
28976
26325
32557
28735
27073
247575
38891
29970
35935
32509
23292
26831
31734
28876
32547
25724
32079
34324
29539
32435
32686
27455
25869
26620
29179
27219
30701
25056
26715
40914
33134
26795
27038
27087
29318
28082
28537
29233
29253
42108
48401
44028
46722
29444
39505
28897
30142
28121
26356
34871
26959
29453
30025
26471
28172
28716
36801
42962
29509
31426
29205
24373
23051
27762
28049
34562
32210
26757
31459
34591
26922
25144
25761
26071
29850
25130
36324
25729
26583
27801
25735
26606
25411
27884
35456
26251
30716
29146
22860
34540
28478
30115
27996
29058
28535
24349
27817
33212
23891
25338
30976
31863
26242
29932
27138
33454
26461
28170
26853
33642
33739
24753
29566
28273
27109
25792
26405
32026
33761
25280
50656
49985
32170
30824
76992
33832
33373
28239
32201
24819
26160
33610
32390
25468
26425
38095
25459
25234
25927
34924
74488
31143
37601
29539
26068
24769
38661
28096
31170
27060
23838
28106
34760
29139
25836
29503
23971
30842
30327
27783
29722
23943
28620
26033
83778
32091
65115
45398
63051
53308
35506
35553
30644
31163
28678
34269
26862
27791
26757
26243
25885
30255
33416
33319
27677
31526
37069
29863
34229
28987
27474
29086
26031
27485
27270
25788
28629
35666
25602
24893
29564
27732
25935
30048
35941
29122
28493
27910
38681
23029
63188
28681
28548
28962
23358
31765
47594
42034
30721
29133
25229
27513
29213
28026
31855
26710
31389
35098
38359
35967
26676
31407
26519
32294
27923
36552
30631
25853
25577
33638
32807
37130
33966
28179
25399
24509
29710
31046
29063
23570
32311
30209
36564
25345
25549
26592
36880
29501
24470
29825
26550
34534
27763
34612
26982
28053
26527
29107
27554
26612
31942
34663
76432
49590
47967
39129
28524
32352
26157
28241
25031
28099
30175
29293
26467
27006
24354
32135
27781
27529
27194
30206
28197
35345
29709
24116
31162
28606
49514
36795
29738
26894
28590
32507
32765
30894
28582
28264
25441
27192
30505
32408
24978
29550
27745
25145
31523
32813
31151
59089
34569
29233
25139
28695
27655
30079
29182
24694
28024
29810
27457
27370
32788
33534
26398
29881
30334
32428
29255
44731
29875
26734
26987
30805
29019
29466
27556
26436
29236
31069
27017
29958
31269
31082
72065
30421
27670
34332
27594
27660
27364
28919
39651975
 Average Time : 30978 Minimum Time : 20324 Maximum Time : 302953 microseconds 
 Client 3 Average Get/Set Latency = 0.030978 seconds 
 Throughput = 32.281 opertions per second
