36587
41474
41395
36264
33968
34002
39619
39765
33314
37179
27027
35695
32360
35403
33200
32158
36310
34412
32910
38169
31526
27630
33306
30683
45109
40577
33373
47110
30222
28304
32557
32838
32484
37003
34410
40741
32576
33983
51438
32124
30199
35275
36327
34793
38484
33037
34805
33744
38499
39679
32191
44583
31935
33795
28858
37237
27788
38632
34820
26090
53220
47176
100314
47902
44252
74344
56695
51542
37245
28193
40125
32735
33742
35919
35961
88067
35678
24443
31496
39068
32321
49638
36828
39491
38336
34444
37198
28617
34244
30682
32827
40854
30209
29764
34335
43203
24970
41997
30646
26757
28212
31291
29305
25628
25245
25195
61501
44639
34676
33981
40262
26668
29204
31005
34476
33050
41670
32910
32169
29827
30441
27866
36592
30393
34000
44790
33536
37392
30864
35897
32702
31980
40922
26926
33462
30707
36793
29372
31897
31774
37335
37914
36949
33069
36518
29699
26364
37424
25075
24787
30033
27601
28815
21866
66886
43339
39069
23843
43939
35972
30046
28163
35311
27218
36617
60819
28742
38729
33873
30793
31257
32541
32170
37349
32863
30487
29259
37808
29964
28335
31968
37904
32737
39306
31431
36250
33936
38615
29566
30367
32382
31207
27802
36188
37150
33179
40633
38307
122182
32681
91514
33280
33476
40715
43034
54408
60156
77034
35673
28463
48422
124388
61019
49042
60318
37096
36849
38718
34543
37673
38423
33928
46832
32139
32766
49475
39218
30014
27781
35462
30814
32867
45023
27759
29874
31285
38354
35308
33019
34419
31466
31442
32029
27933
38228
89076
24937
33079
95047
33358
42049
33279
30964
27861
33716
28078
34319
37735
40634
35002
26676
34693
31936
25704
29577
28553
25531
34783
41794
25925
33724
27034
37759
25953
41542
29381
31516
29779
37468
39593
31499
31528
26601
32896
27285
44968
29310
33840
34366
33885
28217
32576
37874
32129
36804
35600
31961
28494
35375
27541
30484
32012
41507
40091
40402
32977
26145
35649
32535
34342
34228
29238
33875
41245
30436
37282
30982
31167
30015
39284
29081
36350
46223
62847
33240
30425
83204
38457
31747
38030
27568
26900
35960
38168
27775
27509
34966
35633
30070
44541
40130
33279
25909
38067
41415
61487
52967
44979
32454
39375
39105
34562
35940
36398
37513
43262
35473
28267
26115
45244
33912
30908
39006
36021
47814
50362
50473
31962
25278
44147
32742
32562
30241
31966
33754
28216
43205
35525
34475
37153
36856
32610
33106
34679
36246
31689
30796
28276
36037
27816
28497
32710
27577
34334
36672
32292
27846
36006
29980
28920
27948
31576
28529
32234
28984
34091
31844
30878
36095
30005
36919
36686
32944
38973
29855
34499
33725
34981
33947
29351
33107
36934
39252
32479
44177
25304
27477
29248
21339
20747
24881
27147
24068
25568
30397
36484
34259
30590
35423
38979
47824
29003
34168
28761
30202
36522
42085
27326
29896
42847
39010
34258
24776
29409
33271
30086
30417
37058
36402
32407
33373
27488
49960
36549
86749
29165
30407
35442
35922
36646
38464
35121
38771
43028
35774
26184
39906
47107
30409
30217
31090
37277
41009
37867
27145
34832
31940
29036
41412
35152
42220
35249
45226
36083
38848
31145
35512
29090
31122
31670
59461
68939
61705
47317
32128
29450
30382
37431
25394
38622
40367
29773
37285
29938
26776
37165
31315
32875
39975
37529
32380
53983
33016
31123
49894
110444
44644
27376
34023
32495
42417
42162
28382
33944
68785
27249
32131
82595
36021
43131
30533
29528
33364
32604
37130
38636
39243
29311
32149
28590
34365
28138
37352
38071
31625
41194
32632
31124
32954
32748
37235
27846
31342
35062
37122
30007
28597
31431
39590
36323
38673
36310
35761
30155
250274
109977
40472
56451
42425
37749
42159
37985
78828
38225
31004
37797
30499
105816
31073
29825
33809
40239
41293
39546
37449
36099
34464
42353
36615
34330
30980
36610
36792
40373
39374
35066
29654
41262
34264
28610
34476
34798
33996
29494
26112
36051
34021
38958
32258
31736
39964
31064
43093
41324
38191
42217
32653
34013
28696
29787
36476
42724
32988
27064
26299
30542
33488
23737
58322
42625
23607921
 Average Time : 36887 Minimum Time : 20747 Maximum Time : 250274 microseconds 
 Client 2 Average Get/Set Latency = 0.036887 seconds 
 Throughput = 27.1098 opertions per second
