38011
36697
35882
47393
51441
38719
37320
31481
33831
42304
43273
42505
37510
36391
35265
33744
30040
36900
33489
44058
32127
28111
30740
36677
35003
30710
34658
37900
29877
36651
40636
49606
28618
35195
30563
30545
28853
36138
41072
35920
32194
31333
36212
32403
31532
33603
31334
29248
26950
31570
27339
32679
30117
32075
29073
36160
28638
35439
92131
44876
33589
31357
78809
48641
42925
56772
66075
40162
26960
42580
39243
34187
37797
40047
36898
70040
37743
26587
25212
29899
27292
31971
28700
27272
36074
32393
28215
31696
29781
34556
35799
27847
24564
42232
43220
33020
39456
34568
32378
29287
40035
85386
32967
92982
39124
29008
33629
37178
32760
45085
34266
32616
33680
26122
36003
30633
31544
34075
34705
30404
30641
35885
38971
39755
29025
33669
28106
35976
33199
28343
33698
41618
28390
34244
30854
24451
28812
38495
36178
41047
36181
35941
34183
39052
33746
32276
36411
29619
25510
27228
21286
26974
32672
24528
29209
46011
33978
34634
31816
34292
31159
42246
36284
31695
30598
46945
41475
33258
34412
29414
32912
37966
28973
35444
34272
29628
38863
30518
36680
27437
35689
32073
33660
30470
38984
30187
32585
34472
32203
31687
28214
46304
39020
31375
30147
29720
33052
28313
28770
35680
29125
28699
109829
24850
32855
32520
76555
54164
60909
45589
34431
64599
37430
36289
95756
59438
40598
53824
32941
31806
41994
30991
31079
34774
29092
29254
31730
29190
35948
31976
45358
28457
32849
50720
30641
26741
36026
39456
36428
33163
35534
33213
32545
41972
30612
37685
29672
33034
36850
31288
94132
37612
31229
25488
24802
28542
36393
24402
32138
35218
37710
35869
37826
31952
32307
31577
26180
46939
33661
35660
39839
30491
37862
36328
34529
37179
30647
43224
40153
25624
35001
27783
26505
29555
46741
30572
31627
31784
37748
37312
37057
37688
39146
34587
36746
32363
30872
32653
30193
35345
34565
27468
28889
39349
33674
30377
39930
31687
37519
25662
31391
29531
33265
31190
33384
34942
33076
26166
36980
34563
31461
29354
32854
37650
34909
34008
36597
30956
63778
36233
31820
35613
34739
25657
22162
27069
46361
32374
36513
37836
30095
32371
35037
32308
33362
36647
36872
28865
41623
34177
31998
31569
55651
52071
44063
60516
36774
24962
31289
35015
30528
36405
29049
33838
35677
32745
39299
36089
35082
41611
34522
48204
43813
56417
43926
44105
38064
30660
43416
29426
28172
27702
36525
33784
28653
32436
30235
32775
45866
43075
37999
27513
102766
32919
28032
28505
27505
23109
30835
45179
30462
37420
34319
37810
34034
57176
31955
25824
37814
42107
39266
28097
36932
39820
37087
39876
34452
42560
32970
37645
39742
36784
31667
29254
35912
37661
32680
285609
41612
41350
36537
30836
36542
42689
42290
32947
36864
41685
25371
37884
37295
40387
33334
34682
32909
40848
27234
33568
36074
38020
50418
29165
33763
37339
29629
29185
25562
32122
24808
24994
32741
32674
39540
51317
33825
31312
32578
28582
25381
33297
39577
29063
36379
33740
29784
30181
42421
33633
37225
31318
34204
34297
37322
25106
36500
40646
29913
35445
29884
37536
28295
29000
44666
37134
57694
70444
62185
37371
28111
24973
39639
45500
33335
35639
35970
32377
40751
28067
34993
33041
34928
27258
33458
32145
35425
29648
29191
32452
45248
47446
80920
37132
45654
40324
32719
37513
30955
26812
40068
78108
33726
26714
82037
52520
36426
35542
41411
30513
36391
44284
33892
32570
28836
30077
36927
36032
33763
35812
33285
36082
33094
33225
31799
38020
31948
41621
37127
25781
39045
26137
30141
30989
38348
37249
35744
40721
31066
34894
32137
185028
138508
30409
49822
48579
62746
42054
40844
37676
28562
39824
32019
29736
33222
102726
30914
39297
35633
35644
35352
38363
31271
35673
30658
31857
30041
39370
33325
37911
31492
30176
30060
39784
61527
41825
37536
35019
42185
36146
30574
40946
34630
32187
35126
33958
30188
33029
32101
32797
35309
42405
35466
38667
41761
26068
37836
32372
33204
66703
33067
24902
30236
34976
115755
66202
44226
39658
40848
33241
28761
33562
23885431
 Average Time : 37320 Minimum Time : 21286 Maximum Time : 285609 microseconds 
 Client 11 Average Get/Set Latency = 0.03732 seconds 
 Throughput = 26.7953 opertions per second
