65273
72704
60012
103525
86583
46254
68704
52568
52821
65119
54981
47352
49454
64363
106819
56770
353182
83205
57988
48263
58671
49285
74992
50496
54922
40118
47926
49991
65496
59488
65227
57872
99759
60920
56594
50944
71020
54365
76304
69683
56712
53764
55360
81615
63399
66090
65644
46859
69879
46095
67615
65782
55764
52103
53800
61329
53206
74001
52876
57858
59565
52826
137549
70409
63719
46889
47396
44305
45480
156741
56666
74629
68643
46612
53358
64546
62348
61428
81378
42676
75841
73977
62374
50646
47438
43765
55172
80559
46787
59343
66573
43183
53388
45273
56989
47706
72849
81998
77891
47758
47081
72572
43405
53972
68276
38535
38454
68861
54055
52923
68717
93760
74219
87586
81755
86018
51072
60383
90445
75494
46065
55036
47561
71931
65894
43305
33051
37221
35352
43535
33564
39041
37532
78833
51931
63288
53136
66994
63844
59251
58254
50333
73304
45771
80483
80202
67718
62592
65222
46730
48124
124849
50659
53693
62115
61641
47513
51085
59422
54632
52108
57601
53016
61146
61642
53020
47912
65717
46752
75999
81326
75219
48042
53250
86668
56956
59931
62615
57360
58617
58729
42719
58453
46194
46078
63202
83257
51008
66922
75918
57146
70272
56482
59460
66269
82154
93811
70442
62189
69540
54884
48815
56432
61534
74444
52928
68628
63121
84219
55965
55747
53334
61973
48432
57326
62827
83723
41180
111736
55367
139769
52006
51777
74542
68326
54871
47761
52359
50164
65695
48491
47958
57452
53250
52414
46075
49120
42900
41669
83830
48795
45820
49186
67627
83794
56061
42610
37046
52939
53933
61952
89390
49185
58617
57304
47601
56833
58203
59789
69014
58144
65851
60850
53118
44151
40941
47357
66305
52532
52784
50857
71253
57346
61600
140692
52895
93233
63971
67772
64801
45010
52936
58739
55668
61384
63375
70457
50159
43755
51282
38635
49225
84239
40784
55766
58674
62541
48008
47400
70817
38561
58741
97611
60266
50429
50470
68665
58352
57898
39171
44069
41832
62898
57532
41824
42952
49234
53785
40514
42912
19621635
 Average Time : 61317 Minimum Time : 33051 Maximum Time : 353182 microseconds 
 Client 30 Average Get/Set Latency = 0.061317 seconds 
 Throughput = 16.3087 opertions per second
