38566
31507
32156
41608
43075
36806
38353
42702
35387
38450
31564
40716
34130
30469
32431
31462
25033
35893
31427
39281
33487
30632
37996
24910
37869
44305
30033
33757
26119
36630
44796
31339
31432
32145
28098
34043
29720
34629
37038
31548
32059
26780
39676
36058
35736
34248
41949
37815
34860
37217
28662
35734
32825
28549
34754
32369
47973
28683
21761
38721
29820
47967
35351
33143
88518
51433
39559
61378
62833
54180
34091
34840
37410
49154
29510
29075
33971
69292
30676
37092
31402
26675
26129
33578
34902
38309
34349
25851
38241
30360
33365
25580
37631
28596
37797
28720
39497
32302
33535
41158
33648
36171
30926
33844
26439
33801
22905
99718
76569
29397
31849
34976
30041
33584
39059
34772
39326
36758
38197
40679
34538
26556
38745
28292
34506
29161
30076
41211
32078
36451
41486
30596
31917
38387
39686
30068
39527
32318
30874
35128
37077
32278
34341
36965
38731
35053
33027
38945
208815
31512
35026
33924
35596
28950
34232
35113
30962
30126
33853
71875
25083
34976
40607
34098
37274
24347
35635
30911
36098
45723
34856
29129
38793
42400
31448
38143
39292
31155
40617
31153
42268
34130
27906
34877
44433
26309
31095
39778
33233
30824
34848
135976
37915
30953
27345
29299
25981
38778
72621
47104
68335
73142
37662
29309
39693
30008
40256
27647
69240
51672
35157
54359
32900
29723
28822
29175
33773
41185
32026
27323
38052
44919
33644
35988
24414
36424
32884
38443
37571
38825
43896
36392
50286
44911
36609
41834
29315
32959
28070
34435
42216
30386
29048
21471
23695
33697
38249
29158
80973
45463
42156
41141
31180
32421
34140
38707
32623
48429
33122
26621
36165
34136
59137
31281
37385
32844
31380
32924
37300
28472
35401
30004
34823
35883
37911
41244
38255
38192
31522
29711
30452
44912
41306
38598
29755
28906
27180
39912
42056
32171
34085
33667
31309
35968
37505
35441
33571
32514
35394
38020
34042
37918
29620
28759
28694
32869
42796
28539
32650
38115
35638
39372
26420
37381
31796
29094
50741
31063
35079
72091
29512
28866
27393
29303
23477
22979
33672
47824
43973
33934
29283
28936
30609
32062
35264
31204
30537
32738
30122
39843
36774
33232
59652
62726
53717
53629
38836
27713
37702
38169
52333
43744
41945
30346
31121
33931
30015
52613
41063
48106
47195
52930
44047
30344
34194
46138
28469
31097
30931
32142
37872
34132
32350
28536
30670
36105
34706
35502
44040
30860
32765
33482
26520
36838
27567
25109
29490
33674
26199
38095
30112
30196
29903
40743
35107
33029
43320
37031
32199
37907
39820
37795
25138
36210
26305
28066
30977
37332
43949
41023
38516
33787
31819
27750
27765
32418
42408
29846
39257
27498
22348
235698
37446
32092
32285
29841
36432
30206
32651
32924
35964
32670
27094
34746
37344
36421
29992
37564
41040
48243
29291
32248
36624
27531
33226
27770
50449
42182
30283
34979
41439
23716
27185
25949
33937
63932
37095
41555
33574
33308
39808
31132
30576
52054
42488
39697
37415
34611
35311
33359
36412
36380
32932
33479
29521
35808
36964
45696
28105
30514
32230
32774
29738
34560
32382
36901
35852
67892
78193
54151
53124
27519
38063
41059
26674
45227
37119
29608
32945
57745
34484
35152
42918
40045
31670
32606
51240
41653
58586
75773
56214
37038
38913
37401
36536
34086
38026
34350
72966
27753
96842
68707
35000
31627
42358
38962
40989
33249
28876
45273
34687
34398
27342
29207
39599
30238
25231
34907
34924
38788
29370
34100
39062
57155
30595
33743
24058
37554
31756
33747
43790
42239
29364
324258
119552
35603
40177
50311
89682
33286
41408
42929
34949
36909
34488
28239
33232
102531
34028
28846
30865
40870
35481
40082
38674
31971
33324
32621
42008
31652
33671
33668
30885
33579
35797
41124
50397
30812
32966
31825
48652
32880
40128
40247
39826
28722
36559
32472
35307
35845
37933
40126
32381
32719
36835
38227
36775
32308
30484
38289
30487
30618
34503
28912
31623
36671
30783
100425
66943
33958
39520
32647
30184
29259
37556
29792
26354
28940
28350
33049
27918
28640
27773
27373
28610
30657
27907
26707
27266
30586
24300844
 Average Time : 37970 Minimum Time : 21471 Maximum Time : 324258 microseconds 
 Client 6 Average Get/Set Latency = 0.03797 seconds 
 Throughput = 26.3366 opertions per second
