49906
103272
73214
81839
43442
55962
66645
107762
43305
74951
73968
44006
53235
43315
101640
45114
35308
35701
127770
210067
50562
90152
63056
65216
66560
48002
44035
103969
47128
62987
44585
70317
47594
103341
56798
68747
42723
46981
60942
80970
56312
64882
89369
57082
51861
54304
49791
69523
56400
55564
64450
46539
62967
75233
64191
66093
61286
49760
69688
44702
51628
57955
55812
143581
31259
35056
41175
65803
79284
65723
70112
53705
46598
37273
54295
44717
55012
45040
45288
80477
50370
44832
54642
57212
54851
52454
62965
70327
53908
49762
49414
56823
49645
63095
54501
57660
42489
65385
60996
47951
119477
97709
96803
61881
57118
72198
56543
63604
44012
62805
55457
48025
55380
64482
84304
78920
83329
76047
55569
79322
87595
57775
77917
47133
45170
62569
386326
42890
54764
65161
72774
64094
67995
56862
73056
47998
47021
75624
54810
56554
100738
69531
36707
58692
47858
48143
63003
52890
44019
55791
49609
60828
69044
45625
74538
51297
59291
44608
58594
77148
61427
52786
54484
48805
43921
70515
55679
49795
60431
63113
69867
55878
48302
61663
56505
66457
65194
54513
40314
66719
55420
55429
63790
86014
59591
47020
80539
58293
75333
41292
56539
67935
64166
50757
75228
81952
68390
42751
55094
54308
52794
51673
46602
70798
51279
59459
61149
52255
96265
74136
58633
62862
40856
64704
47658
69752
49281
102255
50662
39526
26920
78525
49823
45219
63446
49532
77717
80791
52441
47833
66384
49939
73038
47768
58284
47724
84118
58405
64754
62698
60499
42986
78182
63706
49237
39838
54244
77418
57739
57741
91964
44143
48188
58665
47492
66888
61827
56213
61969
42021
58418
60785
49997
46798
39184
68239
55909
64407
44373
76943
46405
58102
65307
43734
62554
66604
94324
59166
64800
81367
49271
70759
78042
60652
66626
63307
48382
44139
52371
40443
51572
45392
141775
46184
102639
59918
84417
49961
54140
36243
31328
46134
38791
49405
69692
48382
66549
67357
53661
51646
58993
53693
65630
58526
48894
33220
40745
41273
26781
32078
19700740
 Average Time : 61564 Minimum Time : 26781 Maximum Time : 386326 microseconds 
 Client 17 Average Get/Set Latency = 0.061564 seconds 
 Throughput = 16.2433 opertions per second
