59954
96938
103111
61418
81405
60468
89429
61672
50840
69087
71134
64884
47518
95812
46935
52498
322715
61618
86621
51818
81207
57523
48827
46951
53495
57677
56540
62400
58243
54292
58989
108106
104098
40169
54343
80634
55422
46262
72759
64178
76234
40267
72604
44180
58785
46105
37713
46973
52852
51155
47132
64943
58853
43747
53318
50392
47344
51054
67211
50671
83635
62650
61644
123574
56420
54883
66970
71545
52064
48920
53994
38299
48202
40458
57722
52151
52195
74214
46517
75084
54249
78041
42418
51849
55346
41598
55591
58523
60804
79448
56417
85516
67395
58639
51092
51680
50096
68598
65232
98562
103279
34573
55415
56421
58793
57795
43802
51635
57673
46126
74564
55142
46819
61950
51267
45114
90072
74126
49668
56096
64007
82424
89559
88454
47873
56270
64126
54792
50946
36029
33810
35210
31277
75622
44625
75731
77873
62115
63097
47882
57775
58571
62579
81515
93794
59961
83578
75830
114849
46185
38764
52997
53744
43502
48557
60473
42433
50100
59892
55189
44618
64258
48948
69984
54168
58590
59129
54546
58160
41814
46490
72735
54815
55336
59720
44528
55725
67495
65839
72049
51809
65727
62081
59426
54158
53428
58562
77804
78318
56052
49896
58323
63863
45706
71273
58500
60572
95074
59994
73653
73266
74491
64836
53164
47577
69668
67285
51445
42717
60694
41503
61724
66874
63488
66303
63246
62552
63727
63257
55183
61038
71100
49334
41171
136655
36439
53224
56354
58034
56910
61995
48083
54384
50303
67294
34647
52080
60398
63565
51667
70562
56911
62310
39656
49903
86164
58390
54223
54316
48993
51465
75818
79363
52572
66963
60970
61861
55061
50596
49983
66696
49756
64889
65841
52645
64182
48154
91184
65602
55060
53149
70301
51912
77789
53807
50647
40968
85605
88512
96135
57011
59846
70791
50626
53505
61061
61799
64698
50614
47723
59687
61802
58064
77864
46023
56631
48277
53477
45805
119471
56496
55841
52893
53102
33869
57951
43308
35848
36370
59180
54583
56246
47154
40887
60937
46244
49014
51461
46216
52834
19459062
 Average Time : 60809 Minimum Time : 31277 Maximum Time : 322715 microseconds 
 Client 20 Average Get/Set Latency = 0.060809 seconds 
 Throughput = 16.4449 opertions per second
