32033
30838
26136
28711
30757
39258
26250
89602
41110
23879
26723
27758
29695
25153
33583
26159
26879
24318
20927
29630
37265
234062
32070
30499
26872
24518
56119
40701
42975
63565
34467
34435
30169
32902
25884
25983
27706
27948
22299
25885
32314
27504
26273
25053
27001
34072
29168
28206
24664
28953
33698
30502
20020
28196
31712
27433
27927
25055
29980
27300
26806
27315
26755
34557
28176
26021
29411
30450
29151
31224
39207
37854
23259
31268
27120
31449
32548
32947
31225
25374
24658
30401
36001
26237
29114
23745
29420
28812
25358
25652
25031
24472
28185
32125
23858
24465
22023
29525
32136
24054
27475
28326
30602
27867
23404
26635
24425
25884
26183
23945
27416
23916
29649
25301
28214
26897
30968
32241
28983
30660
29023
27298
28353
39788
32206
31016
30483
24346
25536
37891
27585
29305
26706
31408
30654
30312
25833
29705
23442
25800
27221
26218
35100
24776
24922
23043
28010
25978
26304
26165
29431
31546
28283
26872
30451
26910
26732
28734
26219
48676
25488
31943
24727
23748
27428
32185
25535
28830
25039
29200
26100
32555
27691
28605
26988
28755
26785
35614
26943
29169
32782
28912
27178
22151
29618
27582
35074
28988
22936
24479
25644
34604
27226
30675
28741
33494
27101
24548
30852
34688
23058
25677
26276
28527
30966
23478
31449
27431
31459
27841
33024
27020
28072
29182
29083
33414
32426
28569
25782
29674
28401
28879
28268
29965
26739
31781
100790
46205
63731
50537
34025
27645
28376
28807
22957
25900
28818
30194
28979
28061
29495
31079
27520
26497
26372
27009
36349
34354
28154
28222
32827
30277
25639
26935
31525
29302
36072
23441
29144
26361
28761
32867
29611
31510
28187
32457
26409
28364
25046
22331
26281
24641
28335
30719
27490
26916
26128
30465
25890
26571
25310
27226
32510
23395
33356
31701
27036
26463
27037
28815
29299
31352
23708
26531
33823
28182
25736
30059
27121
26387
28360
28137
26861
28880
25156
25644
26344
34987
33745
30469
25897
26432
34067
28940
27630
30390
27347
24718
26459
25892
25383
33334
30031
22638
28860
25510
25841
27744
30327
29456
27051
23748
26359
28760
29653
25362
26627
32389
26630
29221
30765
22940
31605
28036
26832
30321
28059
28895
24573
27452
25070
31000
30627
22777
23751
29092
28404
27185
24637
36611
29474
30158
27726
22775
27828
30096
27313
23865
28703
26388
30475
27867
100735
33185
29512
28769
28714
23855
26842
25534
25426
27411
26827
29850
26446
23820
24536
27408
27252
25851
32193
24371
28341
27889
24323
34487
26653
28133
24801
23561
33267
26738
26425
25370
32588
27639
23844
48810
43887
37791
62289
48596
25540
25863
33104
30211
25654
29238
35615
22732
31152
26715
36116
28862
28647
26947
33287
27620
27743
30472
24867
29515
31427
31586
28812
32673
25751
29564
29715
26939
25223
31241
29975
26488
180429
32523
35836
99367
30739
28903
24908
26324
25407
33951
33995
29203
23636
30120
25835
28808
31843
26042
29954
27674
26323
26064
30773
27623
25987
27537
29931
27958
29970
23985
24516
161398
90066
58799
33928
33821
26298
24959
28022
27293
27043
34674
30880
25156
27231
30945
27105
24040
32923
33451
30223
25790
25070
26925
31270
35513
31545
31912
30720
26151
28686
24714
33096
39478
33661
28834
36524
21721
23698
25343
30395
29355
25176
30176
24647
29985
28945
25705
33307
25856
28761
28176
31505
31590
31334
27447
32023
25216
29244
25443
26136
28218
25371
31884
28122
35865
29103
28725
59851
65799
35186
77052
27841
34668
27604
49305
32800
26832
28851
30217
25864
26950
27080
31352
28935
26402
27672
32350
24109
24519
28954
29831
31526
27628
31849
28070
27081
29277
30346
33295
28550
32809
27110
32465
25982
35396
27057
27895
26097
32663
24332
28013
29829
33886
28562
27600
23504
29914
31616
28395
31697
32156
30228
31356
29053
34049
33726
32753
30373
28201
32157
27459
28738
25047
29507
29470
28582
32963
34020
30546
31420
26314
26126
32316
31982
30013
29498
27561
67831
50814
82804
33953
29135
30034
32062
35238
25131
25515
34364
31950
29028
32024
38785
31184
28047
31566
29694
37001
27316
29243
27685
24448
31370
29646
26575
28441
27230
24696
28544
24669
22964
29925
23072
26579
33099
25304
25674
27326
28168
30229
31784
31688
24624
32054
30198
27547
26560
24675
24924
29801
24593
25817
23756
29772
27585
29197
28584
31565
78517
32417
30895
27300
28495
27809
26184
36190
33149
30143
31455
32094
29070
23664
24730
34872
34371
36299
32179
37111
32706
28781
26134
31134
27781
29197
27229
28102
27489
31722
29106
30872
29935
28007
25299
27651
30773
29075
22533
32824
34071
25154
31679
30749
35436
27596
32503
30361
30474
28867
31061
26849
30627
33716
32639
23329
28464
33661
27043
25971
29542
32318
22968
26072
28993
30633
29840
30008
27032
26485
32623
32045
28726
27567
35615
24992
33038
25487
29571
26666
26287
28200
26064
32490
29146
30038
28136
27851
27515
26664
32998
29822
27164
27589
39851
50684
53554
30802
51456
26771
29414
30861
29324
29133
25045
25216
26453
26751
29376
32450
29315
26079
24218
29685
24264
28928
24397
28733
25690
26946
34762
28500
28029
30835
36196
30347
30615
36024
30259
27637
23481
24993
33466
30310
24086
27275
29031
25279
27923
27725
28897
28977
31087
24193
27662
26868
28167
29253
28279
30950
32729
29094
26722
25524
35220
27612
22327
26251
30482
31985
27200
32135
30785
31122
24847
29172
26019
32796
31419
24968
26742
35531
31764
32836
32211
32000
29093
25466
28801
30553
60771
26120
24933
29524
27551
24765
28451
34339
23874
25715
26404
27995
23814
31162
28770
27674
33595
28805
73528
34845
25332
29089
25254
28675
26527
31439
33356
22936
30796
24015
24824
22911
30778
30931
28916
32462
34092
28303
28585
29550
33086
31627
32370
28502
27171
31025
28120
28197
28274
27531
31031
31189
32228
26887
26140
26532
28544
33762
28450
29741
32719
27278
30079
32680
27625
30042
28228
31802
33157
30325
33190
23966
29123
34120
31186
27572
26893
26741
31474
32339
25770
29559
27953
37019
28743
31626
25508
32788
27244
27946
29760
32418
31417
24038
25610
30590
25622
28139
27590
31307
25885
28254
28901
30374
33041
29792
26433
29414
30494
34412
30334
29466
28617
28015
25583
27305
27818
33205
30591
26985
30186
36494
29840
27816
29281
29412
27017
29132
33116
30838
32208
25156
32785
26031
37853
28487
29230
32208
31966
30990
32297
27855
29482
33966
23999
25206
32382
29144
28056
28855
30599
25981
27957
28320
28604
45175
55327
48031
45929
39318
35012
31833
27302
31240
25562
27717
31414
31578
33880
28847
29170
26307
30291
27583
28998
29032
27916
35116
34984
29451
28107
35241
26209
26688
26186
29260
32172
27020
32829
34044
31401
31299
26840
27279
29619
28645
27794
23267
24752
32964
29635
29723
32008
26616
24974
24094
27699
30480
28242
30714
24465
30181
22955
26047
30110
30952
27421
35453
33865
24201
32760
25762
27637
23888
26045
28783
26595
27210
29598
30275
23349
24582
27967
25820
32827
27717
29923
100352
27975
29706
37757
32300
28344
29875
36604
33160
25756
31054
33070
27545
32427
31188
30166
31911
28714
29410
36087
31226
30581
29858
31902
31215
24662
23432
33463
27121
23572
30698
28165
37690
30794
29290
29689
30745
31302
22088
27229
32930
35714
33200
28243
31932
30758
26300
28825
60007
80207
59958
46433
36243
30222
28351
28205
34244
38684
28446
34537
29356
30081
29785
28945
36176
28840
32954
29259
33195
30612
26590
29422
29076
25843
27139
28195
38598
28374
34502
30825
28136
32577
31549
25802
28141
40003
34280
32504
31832
26152
24257
26564
23644
31077
31415
48838
27432
32958
29563
28012
27154
27210
29935
29579
29959
32355
29013
26241
25100
29983
31277
26456
31190
28692
33633
33305
25773
27115
34687
25787
26196
24599
29965
31480
29026
23536
29348
26766
27542
25753
27235
31993
30764
30205
31580
24061
30367
30902
31988
31141
32690
28632
25350
36941
30362
27161
27125
29242
25474
29793
31819
29480
33498
22935
27844
29269
32257
32147
28061
34376
33029
31790
26588
30923
27715
29845
28355
26852
30045
33509
32251
25907
32006
28290
28202
25529
27209
27746
29845
25257
31010
33708
29455
27856
30626
26140
34835
34254
27191
25551
29223
26394
27182
29125
30053
31852
30044
29947
35160
37719
38205
32365
28919
31749
31604
30843
27003
32121
34171
35610
29142
27862
36114
27346
30927
25809
37160
27818
23602
27145
40524
38344
30100
42395
31711
32404
29544
25799
26327
27729
30563
31385
29237
27238
30446
33319
32717
27596
29659
34198
28756
33066
30009
30891
34176
33313
30389
29412
26347
31272
30654
31558
30983
28918
26429
32797
29365
32189
25252
26456
34105
26946
29083
36204
33008
32326
28187
30277
39958
35131
29896
32339
33188
30643
35370
33363
28019
30683
30555
30782
31862
31011
38595
30346
29033
28833
31087
34945
32259
27626
28751
33010
33802
24277
29374
29201
31087
25878
30041
32693
30627
29363
28365
30287
25148
29572
31785
31441
30241
29248
37212
47993
54162
39720
33279
29533
90915
36805
30352
32993
32916
33147
30185
26627
34611
27959
28461
30013
32206
27992
31094
27773
26848
30548
27382
25031
30011
26862
25511
27996
25967
28962
37554
28596
30670
28277
26312
34395
32075
34787
29936
44195
84114
80170
33377
29402
31437
32282
35814
33359
29293
32648
37995
29968
31925
32938
29435
23690
29983
26624
30998
24444
31260
31010
32505
25717
33192
26443
31402
32176
28425
27556
40483
41968
30781
30509
31511
25559
27903
30072
26438
32625
33696
30466
33237
109800
34387
55224
52778
34885
29858
31805
31273
36742
30395
27178
30684
26501
25841
29879
25609
27098
28635
32151
28146
33643
29107
30826
33200
36527
32016
48063
47802
51878
50503
39279
32272
30192
33555
26999
28116
29477
32868
25494
29589
34645
30702
29317
28287
27400
29734
29936
30297
31721
29964
30780
26019
28125
31712
33114
32411
27581
30429
35646
31163
28507
27247
28194
36879
30196
30328
30393
27766
26438
25530
33764
30076
26582
26365
34540
37630
33306
30418
29654
31418
27671
29615
27102
34376
30175
25778
30422
29572
31989
25411
28576
31312
29423
24719
31088
29818
35623
29919
23248
31259
34594
33699
30584
32873
28058
32046
33313
24722
32217
34168
30562
29739
32434
26277
30474
31794
35323
29542
25757
32938
37919
28914
27779
26510
34138
25567
32855
26034
29231
30701
28736
27512
27076
33997
30814
32726
32252
32838
26222
27128
26851
61811
30105
29512
39142
29605
28374
29672
33827
33476
35409
27166
28587
24238
28064
32893
30856
27684
31242
27310
31366
30216
30032
30445
31064
31011
29421
29088
27969
33627
23947
24598
30876
27508
28112
29659
33297
29170
31551
37395
26326
40446
32683
34157
29516
36151
33348
31167
34397
36145
29264
31513
30924
34629
32188
32135
29451
32642
32196
28932
33296
28236
29329
27095
33371
30588
29917
28211
33285
31762
30021
33058
27829
33462
33085
29535
32320
30984
33644
26037
28797
34041
28157
31941
27306
39402
29554
31412
27225
49141
35166
26824
33085
25790
31379
27372
33348
33819
30902
29613
27209
31388
33974
30778
34566
38152
32185
28530
30681
29181
27102
25437
27179
27398
25832
46274
36878
30709
30385
29828
25998
39750
30230
29103
34871
32010
32966
31349
32727
30946
33656
92558
33329
28122
30680
23776
31169
26338
32649
37800
26559
26154
30822
31942
31830
28744
30678
27286
35892
30325
28599
29722
28198
26000
34310
38082
45437
45940
72264
32508
30976
35869
30357
33690
33425
28874
27995
32915
34746
26139
47259
35230
33102
27798
57427
53413
60926
35982
31145
31368
27166
32622
26764
28592
30662
28126
34745
28612
29091
35177
33794
30659
27640
31672
32697
34445
27069
31621
27706
30538
29511
26444
29026
29271
27475
26941
32029
29430
29593
30038
32191
27674
30409
34506
27006
31506
29682
29961
27659
30801
31485
27834
28847
33140
29845
30745
34645
32781
30801
28131
33447
32853
32563
33589
32586
28344
27538
35468
38062
36600
38450
39926
33287
30180
35300
32661
27741
32655
28858
32579
34598
24419
31111
30370
31098
48866
84794
48612
41857
28442
28800
34087
33298
38012
26354
30888
34691
29772
29139
27788
30806
30969
30137
29380
29133
28573
28410
35747
29836
36517
31527
28419
30869
31855
27594
29803
31255
29956
34777
29547
29756
29003
29981
30359
26731
30190
30685
32824
31691
29044
26712
32896
35784
34040
24632
30279
28266
38698
36001
27937
26235
30632
27642
32952
32185
27050
28263
25392
29476
28207
34171
26590
27488
28353
31406
32557
30482
33905
36938
26493
28018
28364
30465
32987
36945
36670
30890
29049
33817
31074
33302
30874
32171
26768
36506
39377
26203
27591
34081
25827
29351
29165
28016
32575
34234
30966
37134
28206
27294
28748
33573
26566
33258
30962
36239
32784
33047
34383
32469
34143
31379
29296
39109
34223
27013
33697
37915
30577
29991
34208
32177
38449
31543
42763
30479
30363
35871
40082
34901
29149
32956
28211
32092
28959
28430
26812
25249
27930
29547
35691
30316
26787
32034
36269
27124
27958
30501
33773
28380
30797
30988
33669
27400
32567
32253
31535
26250
31582
26089
34147
33569
30498
37684
37779
32407
30266
27500
33733
26306
28319
34725
28877
27459
29050
27980
33388
26630
30453
29119
29842
30236
33580
27470
27273
38370
29461
32803
31716
34662
30473
30227
36687
30469
32744
27993
35218
29005
31932
28974
36203
33339
29313
33627
37896
34099
31780
31697
36685
32722
30082
29070
25237
28485
29908
34133
30030
30893
26994
33340
31775
30450
29286
30570
39742
32887
125584
41893
34551
91507
30835
31248
32239
30734
30184
28382
28481
30077
27942
38362
27578
30281
28783
36968
32318
32022
31796
37430
31967
29776
31137
28140
27313
28056
29729
32806
28971
30079
38262
35277
31695
27004
34115
35035
29384
25489
29567
32821
30960
28029
27175
34780
34933
32995
30677
32805
27946
30771
31821
32244
31595
29469
28378
38629
26781
38003
31999
34333
27491
62702
32653
62922
50139
46746
33597
38586
32355
29822
33146
33304
34126
31914
28440
36219
29008
29105
26306
33360
28096
30664
37763
29830
29712
30302
26092
31370
29359
29933
33360
32118
27489
35015
28326
32576
29106
28152
29853
27649
26216
31321
30887
32573
28776
31921
39068
32421
32324
30491
30454
35391
32869
39529
27907
30390
29351
30403
27635
31184
30090
31269
28705
34062
31369
29767
33872
30552
32647
32257
31850
31631
34723
29569
31388
36563
30656
36051
29254
32137
45931
59968
50606
64803
36740
30150
30495
29979
34299
29370
33305
28672
32342
38591
35473
35986
28643
30304
29227
34123
34394
32629
30612
35018
31111
32834
31651
31442
31302
29765
33591
33258
34672
40965
33122
36342
28833
32098
30898
28986
30509
36661
33148
29494
33097
33628
36458
32031
33669
34425
27209
27613
33199
32068
35106
26349
26518
24625
31662
31156
33603
35874
35927
32655
31548
31356
40293
29966
28702
28322
30154
28948
33619
36232
30082
30010
31744
33204
36361
31680
28230
31959
30375
35906
35235
33009
31454
31101
30961
27874
32747
29239
32832
36476
29514
34204
30885
36509
28066
29008
29788
35342
32345
34573
37070
28687
25826
30938
29574
39610
33684
29445
27139
35955
33259
34498
31661
34086
27671
33984
27330
26233
29902
31749
30997
28178
25765
32194
30599
35136
32748
32848
30324
31984
30620
34173
33516
31994
27763
30353
33532
27714
31296
31295
37532
29666
26854
32873
32022
33478
28968
27656
31829
35044
33129
29605
29294
32645
30465
28796
28881
29963
28997
26984
28664
33231
36278
31591
29191
36919
27813
34301
116396
41267
92060
34604
38019
27633
27463
31166
29661
32429
26959
37152
32918
30158
30711
28613
34794
31742
29605
32112
28100
28118
33467
28807
31893
27087
26071
29092
34684
33905
28273
31330
43542
31294
31003
30070
31578
25676
28338
29787
32885
30957
31814
34546
28648
53142
35424
33908
33829
37366
27274
42966
33330
29249
40184
25848
29377
27010
30320
34500
32340
28706
34792
31729
36810
35970
37927
27268
33964
28258
27294
32168
28659
28918
33394
24514
31826
28047
38967
31754
25855
34912
37351
32576
29085
35333
33184
30194
31871
35896
36866
28116
30842
25793
30148
31175
28419
33848
38559
31510
34592
31734
30028
31860
31950
36297
27599
29146
34710
32270
35275
33416
28895
34700
39693
34175
37286
38823
31186
32285
35337
33461
30915
34474
38146
39459
35637
80251523
 Average Time : 31348 Minimum Time : 20020 Maximum Time : 234062 microseconds 
 Client 3 Average Get/Set Latency = 0.031348 seconds 
 Throughput = 31.9 opertions per second
