35088
29718
28955
30062
33672
29375
27516
32252
27516
30852
30944
34472
28164
27393
29093
30470
35937
34204
33876
31518
28893
46230
31185
28125
30051
32587
27911
31943
29189
29189
29808
32137
29420
33089
31981
33849
30090
31879
31629
31345
34437
27930
29935
32146
29358
30897
33559
32048
29096
32738
28960
28474
28906
33623
33511
31467
31093
31796
30409
30849
28693
38779
28870
32234
32442
30865
29895
33592
30986
26645
30264
32725
26917
31091
33613
36788
28443
32207
26429
29943
32410
32008
32232
29785
28463
27802
27295
30878
27580
28067
32783
29926
31079
28936
34886
34269
26089
32983
31504
32410
28306
30948
28511
31826
29795
27975
31732
34763
30170
32213
28071
30855
30868
30561
28964
32633
30480
30714
29972
30879
31289
28579
31118
29995
32689
28312
30278
30602
37741
28635
48121
44548
46857
43307
32633
31102
30255
31345
32095
30413
32365
28150
35521
31294
29959
32884
38984
32858
33654
26922
30390
31409
28841
31207
31683
30455
30094
31343
32313
30354
34177
30559
28444
29174
26995
27732
35469
29659
29980
34470
38288
30274
31065
34916
31247
32269
31517
27319
29564
29019
31620
32249
30874
32112
30418
29735
32037
29110
29351
30370
28695
29607
29301
31019
34139
28467
33971
28733
30738
31557
26616
28973
30894
32763
31532
27712
31675
32632
26794
27237
29019
30153
28435
30200
30718
32804
29750
31472
30152
33202
27797
33459
33334
34762
31018
28207
30005
32066
36847
30230
29181
28150
31935
32931
34069
32604
29374
28621
32888
28898
27611
27388
26014
32957
30882
28117
30023
30526
34951
30914
34662
27900
28354
27615
29063
33262
28966
46985
30575
30135
33950
34350
30168
31956
30869
28483
32052
30958
29826
28766
27738
28565
28056
32374
32958
30513
30391
30126
29725
30836
29795
32147
31008
30606
33439
30415
30400
31655
31680
32006
33249
29739
30142
34191
31537
29648
32136
31846
31189
33309
34584
32217
31584
30077
30107
30929
27908
29103
32717
30255
29815
31313
29932
29194
28086
31635
28547
31263
31218
29308
32699
27386
31399
30903
33485
29968
31185
28786
30421
30270
30415
27378
32752
28590
26960
30263
32709
33616
30353
29200
28430
34689
37124
30787
34587
29645
29050
30142
35028
30373
30534
35486
32039
29739
31937
30296
37794
28269
30306
27575
35073
26122
38708
33136
32897
36191
30170
28838
32987
29689
29589
29282
27868
31714
30391
25513
36391
33836
27772
31046
29516
28821
31642
26490
32572
31913
32913
30009
31290
30083
28898
31217
30765
29440
29876
29744
33205
28638
31393
31243
31610
35319
34179
29577
34067
29233
33674
30320
38421
31446
35853
29170
39208
27866
28885
28826
33971
31215
29810
33617
31083
35426
31219
33327
34761
33633
32754
33350
28719
29624
30400
32176
27626
26953
28829
31376
34805
32569
29356
34450
31504
30509
30479
29510
32388
30812
29971
30986
30410
28870
27910
29557
36012
30244
32683
31930
34310
29862
28323
31575
34550
28991
29670
28145
33648
31463
28388
36849
32070
30661
32810
31022
30221
32873
27102
30802
32720
35905
35573
29334
29255
28206
35979
33752
35129
32651
29760
29866
29122
34161
31312
31067
31584
34955
30616
35405
25306
34033
28092
37569
34208
29092
26772
30557
31811
34706
28707
34205
32596
33048
32962
37438
35428
32516
29769
31746
30975
30447
30240
26210
31469
32569
54792
31660
30917
29895
35392
31321
32211
36493
31718
30528
34581
33301
29984
33223
30702
28686
30890
32603
33937
27455
31921
29637
29186
29701
30749
34802
28912
29896
30464
34622
32942
31443
34510
31060
30733
34099
31074
31884
30598
31849
34481
33453
34493
33608
27934
34354
29545
29549
29793
29616
30082
32454
31347
32779
31968
37332
31467
33837
28222
39932
34583
33868
30121
33554
27379
32512
30330
32147
36338
28646
33708
32359
34765
32400
33490
35192
30488
28480
35273
35101
31033
33692
34100
31341
32749
30719
34756
28740
32513
29436
30596
32134
29727
32499
30184
29149
29018
29801
31969
29755
30247
31330
32585
33958
27803
34222
36465
29914
29000
30066
35195
30342
29291
29056
31302
34428
29380
29597
34484
29892
30065
33491
33902
35774
31088
32505
31471
28782
29494
32594
35719
29244
28340
33800
34154
34680
32855
29737
28314
31789
32203
31549
35427
31189
31884
37288
33058
32266
29449
33178
33668
33484
33026
33401
29053
32996
36273
33056
31959
33679
31261
36174
31350
34270
36794
34256
33199
31984
34722
29004
27370
36013
32803
32522
30011
30673
31461
29259
29810
27197
33857
28300
30650
30319
30527
36325
32054
30653
33227
30251
30731
30626
31063
34291
33916
29693
33292
27796
31417
35872
31375
31038
29190
30168
35543
33845
30094
28941
30912
32906
30362
32670
38595
31961
32332
31657
28717
30362
33217
35151
33597
29077
29976
34399
34142
28190
27195
32945
33142
32124
31067
33129
33711
31473
29660
38760
33874
29568
35761
34030
31646
28966
29933
34044
31139
32765
32178
33839
32885
30601
29292
37930
33725
31955
34221
28347
30336
31939
33594
30655
40835
31395
32693
30385
28963
30051
32294
31789
33934
32521
33199
33174
33302
31014
32937
30308
30911
29989
30290
29869
31838
30554
32720
34184
34757
31591
35376
36611
32278
33912
31344
28993
33457
33443
30841
31726
32879
31605
31212
32219
31726
28416
32098
34807
32189
30320
34113
30050
31195
31086
30087
32300
28985
32314
30206
30999
30368
35331
32208
28087
32999
32574
30030
35273
32787
30075
31684
33439
34395
27736
36940
31451
29136
31853
32639
29204
32783
31309
29436
31344
37622
27667
30643
33391
27724
29996
29603
30722
30443
33210
32080
32063
36649
33710
29570
35843
38284
29775
29391
31039
33071
33087
31345
34063
34775
34208
36195
29655
32063
28359
31895
29878
33214
26395
27216
35672
32911
32517
35203
34452
31478
35223
33066
32495
31360
28298
31315
30891
30026
32446
28811
35010
33954
34638
32255
33390
28394
32931
29429
35070
32574
28636
30779
30947
32129
30560
29000
30705
30075
32402
34553
32873
31499
35045
35981
37620
33315
34460
32370
28634
34446
29370
31164
33310
28825
36242
32423
30720
27541
31122
31325
29049
32221
32255
34616
29066
35861
28951
30510
32881
32355
29479
31644
33059
32781
32699
31469
35913
34914
34667
32667
29278
29991
30818
30345
30231
33156
34791
34475
31393
30876
32342
30314
32509
32000
32957
30798
36427
36524
32506
30009
36950
34410
30126
50280
43813
40649
43624
49904
34711
32409
35195
30782
32141
32518
34780
30447
33339
35492
32248
29634
29541
30375
36950
34189
31941
30391
35767
31139
29741
30750
38709
33211
34809
34220
30633
32854
33160
33634
51250
32851
37003
33927
33628
27469
34541
32244
32543
30349
32011
36001
38437
32348
35441
32456
32765
34388
31264
30572
32583
35606
31134
32099
33576
36593
32595
32955
29593
30287
36551
31377
31249
32736
31128
32026
30218
34262
34783
30090
36762
32398
29611
34669
38462
33093
28944
33285
31059
32108
30991
30147
38057
36767
30167
29370
34447
33277
33244
29933
31780
30706
33289
31608
29479
34669
34038
32411
33397
35054
32329
38857
32686
32184
32914
32767
32067
36969
32509
31013
30008
30466
36484
30604
31511
33944
33610
33798
29832
31584
32346
31845
31266
30430
34443
29302
30176
31484
33604
32291
35289
31575
33461
33234
29476
31211
32430
29243
35685
29906
35874
36382
33409
38099
34762
31345
34036
39779
32129
31639
28478
33537
32255
30861
46625
31934
29456
38702
36325
57398
31652
35221
44673
32717
31307
35074
26809
34250
35898
34877
34883
32985
33067
31205
34295
33887
31498
31480
34178
32169
33624
29993
31898
31223
27508
33382
33734
32156
33538
30746
30689
30880
30802
30118
34890
33948
31850
31289
30947
35258
33111
33505
32989
37309
28979
34885
32117
34301
29690
33754
37108
29643
29828
33923
29807
35052
27469
29346
33792
30599
53605
44384
51349
33568
34337
40377
34447
35971
34430
31502
35167
31786
33522
32978
32188
33774
31478
35116
33221
31253
30776
35820
35022
33261
31395
36885
31652
31539
34208
30677
31324
30357
32143
36333
31499
34538
31331
33730
32945
34049
33516
30974
31288
32082
33477
30420
34098
31453
30966
36624
32550
30671
35323
37541
30308
33521
35286
29574
31108
29760
34086
32459
31041
46352
31674
29151
33040
34698
33227
34269
35669
37901
37725
32818
33646
30617
34254
33410
33132
33558
35352
33052
33436
34369
33398
33915
37559
34463
33255
31725
31524
32409
30272
35045
34467
33794
36404
33088
32879
32668
32301
32893
34261
38203
36025
41949
33412
33429
35308
34235
35223
32046
38951
32667
31629
34438
36456
35838
30477
35355
33741
29139
30021
32028
36145
34498
29917
32131
38852
33220
32380
34397
34296
28899
35609
36789
33257
31055
32775
32708
33222
31047
40935
32614
33716
36008
34624
29806
33995
35520
37730
33007
32734
31499
31853
34332
33006
34644
33844
31725
32063
33990
29398
32125
42024
32115
34410
29140
39680
32981
34874
31861
33718
30486
29317
36847
34563
32788
30979
35108
35323
35148
36657
33264
32403
34737
36094
34819
33954
35040
35876
33074
34060
36973
39351
32341
32844
33683
39863
33974
30487
34736
31287
29613
32660
34004
32716
33860
35481
34953
32480
32150
37207
30388
33458
32779
31381
37174
33927
32156
31961
31266
31120
27965
34387
31307
36465
33676
32682
34935
38094
35953
32583
32354
29095
32934
36052
33541
31810
31945
34398
34696
34130
33392
31080
32679
33718
29725
36361
35631
33117
32896
34341
36503
32479
33137
33103
39052
36121
34646
33037
31197
38925
30953
32219
33917
33803
29826
37629
33400
30611
31290
44056
37577
32021
30923
35275
35228
30160
35464
30645
31021
32142
39760
34080
30889
30283
33223
29371
33420
33454
38331
34025
36880
33952
33822
30502
31098
33926
50781
34683
62294
39055
41177
34496
33083
32647
35625
36634
32907
32209
35286
34561
30579
31918
34648
36023
31836
39291
31809
35659
37223
33835
31759
33696
30502
36226
34124
32497
31742
36667
31287
31629
40386
40983
33048
36539
33000
35503
32541
41009
35015
33175
32200
32393
33981
37047
38368
32337
39483
36471
36991
31430
36021
33770
37943
37029
32877
36451
33982
34842
36095
33763
33457
31446
31861
29024
38222
31001
37595
33151
32917
32171
34638
31617
29576
29035
32671
33323
32347
34254
33983
31779
29526
38210
33701
33253
30780
33797
33587
36632
33135
32544
33527
33250
31537
34977
33769
30379
30858
31711
31224
31775
33998
35346
36804
37103
31697
32870
30951
37360
36298
32696
35008
37085
34272
31944
32615
33303
33860
33893
34090
35756
35447
35394
34320
33579
36556
39658
35254
36364
34513
36793
36271
29866
34391
37882
39247
35917
32517
34987
31966
36118
33885
32224
36296
36366
38702
31967
31451
33751
34792
31202
33315
33379
33255
33779
45440
34364
35752
32386
35940
38300
48266
34813
35636
34234
38966
147627
31330
33578
34911
31757
31996
36515
33194
32841
34166
33672
30240
34182
32444
34312
33810
33395
35949
33460
32717
30713
31759
32314
31851
33907
36504
33496
32074
40510
35885
35154
33894
35882
35784
37283
32601
34062
38139
36260
33374
34448
31976
32470
37012
35227
34627
30196
32273
34602
34158
30722
38204
32837
30424
35042
33044
35122
35335
38871
36152
33892
32854
34452
34785
35748
33520
31401
30209
34855
36183
32423
36381
33321
34092
33279
31619
34886
34470
34684
33261
34309
33435
29747
29622
31749
32253
33692
37151
35191
32154
32090
33496
36393
37679
31637
34842
33152
30480
34172
32436
36312
38672
33817
34588
33820
31080
33956
38193
30902
34815
38726
33976
36715
38423
34726
33059
39966
36551
33602
30684
32062
36696
34163
36008
38049
33141
36264
33593
33673
33963
30626
37399
37763
32800
32560
39439
29570
30783
35913
37913
36208
31198
36496
36718
29805
38299
36203
36248
34584
38472
37275
33014
31420
37623
33437
37398
33713
33999
34242
36895
33001
36123
31767
29658
35301
33341
28983
34194
35131
31439
33775
43417
39222
38482
37733
35162
33842
35843
34360
35277
33212
32408
33440
34863
33957
37387
36894
34211
36107
33206
35861
30620
37281
36277
34093
32611
34179
33913
35862
34032
33900
35412
31636
37169
33017
30499
31979
34918
33777
39890
31620
32714
32251
38542
35423
32585
33179
33892
33733
35041
49500
38279
33295
33995
35816
33781
31670
32353
33623
32279
31891
32353
36394
35203
33151
30175
37289
34493
34525
31815
33041
30479
35258
35492
37378
32072
33403
41590
34546
36332
33631
31032
32962
37792
34336
34515
35209
34978
36542
35881
32338
36862
30932
36914
36561
34726
30515
31577
34528
36687
33557
32416
39239
34354
37087
36324
35971
33985
35466
35995
34027
31204
32738
34000
34979
31814
33414
38326
30234
31195
41137
37523
36128
33060
35147
35702
31052
42329
35802
32737
37999
33882
36673
34116
35103
33357
33313
33051
34570
31743
31250
32136
33055
36742
35337
34431
34419
31984
39070
35869
33315
34369
35572
32487
39630
37197
38646
32636
53261
45345
41951
44935
34316
37112
31653
34632
31805
32971
33507
37717
37136
33707
32143
32736
31921
29353
32423
31643
34518
38243
35568
36959
37254
33308
33531
33624
29642
36881
34104
33525
35110
61283
35090
31397
32095
36070
35978
35915
36864
32029
32599
33102
34516
34443
34779
32973
38150
35839
36231
36354
31267
35475
35821
33776
34439
31631
37550
31109
39298
32090
34856
35379
36926
36203
33229
35026
35142
33867
36880
32841
38956
36050
33242
35408
34640
32312
36134
35610
32841
36739
31714
34189
34200
36990
39450
40382
34163
35399
38191
32858
34500
36936
36739
30945
36328
36193
31455
37662
39137
37250
37864
35041
33771
34832
34422
35761
32782
34420
32911
34403
33154
31920
37818
36902
35204
35088
35383
33363
39837
37927
37839
33344
36492
37452
35319
36911
35973
34260
32805
37990
36710
34477
33587
31429
36148
32951
32194
39676
33884
37227
33053
31990
36168
35600
37541
31868
32036
37623
33140
33136
35354
39336
34496
32188
35308
36097
37536
34729
37458
33526
34649
32415
34299
32901
30164
34486
34136
33555
32264
30919
34251
29312
31307
38050
39980
34599
33619
46459
36189
36395
33901
35003
34736
32372
34530
35566
29865
37836
34845
32430
29780
39170
33762
30243
34462
34023
37707
40088
35689
38153
35837
36702
35701
40488
34724
38014
36637
34667
36068
32135
32648
33162
37604
37983
32971
30225
40838
34660
37532
38872
33373
32187
40545
34853
35239
36604
33776
35442
33972
35238
36607
35948
34296
30073
34089
34338
31922
39858
34048
33745
34060
33175
34961
35471
39584
35875
34686
32719
42000
35518
35320
37744
35009
38537
33970
34134
33864
34424
30703
38453
35870
36028
33084
31168
36264
34222
35340
30562
36909
31406
33999
36529
42290
53379
55143
49821
37180
34640
36822
33438
34930
33219
33760
33689
36409
40535
34755
34414
30655
35012
33650
33917
36294
36385
32421
32510
35403
34555
38938
37528
35871
36100
31842
44128
32922
34414
35828
35393
39111
33283
34427
32875
34679
34252
36302
33761
37559
38378
35550
31225
38850
35543
35254
38423
32035
31357
35447
36656
37453
34497
40231
40143
33582
34565
40611
36032
34551
40853
35989
32150
34508
33743
31787
32472
34101
36790
37829
34963
34794
36538
31931
36790
35020
30815
32818
37149
35446
36020
33758
37798
40882
33546
37423
36741
31193
33031
36764
38278
34651
31341
38042
33867
33311
35436
35954
39509
31964
39903
32423
35997
39498
35955
35585
33584
39184
36071
33172
40368
36412
34585
36511
35280
31227
36419
35358
32889
33644
33947
36800
41145
34842
32454
39711
33937
34114
39894
39499
36058
37793
36603
32106
32921
34132
35171
37291
35078
35866
45688
33479
34707
39353
34712
45694
39034
33110
32020
33159
31583
32939
36961
33653
35423
36392
38405
34248
34829
39216
32820
38288
36237
35476
33650
37704
35127
35669
33690
37174
37500
35055
38714
34407
35029
33929
35052
34778
37777
31009
38907
33372
35306
34799
36606
31260
38170
36125
36807
35574
33152
36942
35911
32961
37137
36735
50268
36745
37592
37267
35371
35218
32078
29360
33211
34019
39146
34127
53200
34903
32908
36083
36509
34303
36843
38040
34039
37080
39455
37671
33635
33477
34617
36206
36396
37838
34118
33772
33381
40357
33915
42085
40630
37251
34872
39115
37672
35822
32563
36855
37459
37708
33471
32656
36512
38430
38618
37205
35605
34885
34432
31138
32886
35593
32000
35816
35210
39071
33259
33458
36721
32469
38001
34066
39665
37575
35203
34007
35238
30796
38148
36185
36822
39405
35017
34263
33429
31123
40358
31869
37241
37809
35533
37697
36408
38310
38802
36414
37366
35558
34093
37310
37657
35564
32739
34905
36674
39280
34130
31969
34504
36928
36470
35148
35750
42433
35825
34597
36279
36366
33871
34877
38803
40706
38673
41040
34792
34703
34348
36404
35719
34195
35904
31532
33271
36346
38345
35742
30361
33319
40049
35082
35585
33939
34674
34908
32902
40121
37365
38613
37142
38288
36507
36326
38040
35403
33899
35641
36280
34402
42810
36402
34211
35821
36280
34048
36331
38773
33019
36147
37149
42825
40064
36194
38664
34291
34718
40884
36758
36703
39204
37012
31161
34226
36004
39945
36137
38633
37149
36354
39839
37203
38269
39673
41966
40732
35425
36709
37099
38348
36921
33958
33892
35917
39111
34919
35091
38051
34163
39334
38570
37131
33867
36379
42633
35734
34690
36605
33001
39986
31632
35082
36234
33968
37606
38331
33576
33064
33825
39994
35279
41307
34938
37233
34501
36028
35853
36574
34792
34598
43229
37989
37331
34610
39505
36276
40345
35861
38184
42080
34555
36886
36869
37958
38093
35385
36093
43152
33120
35927
34665
34085
34369
40307
35418
35242
34418
36290
32351
37792
37039
37365
40318
37129
34191
35108
39637
36165
35866
44383
37910
35804
37984
40878
35039
37326
36454
37038
38400
38856
36094
34892
37925
38235
35913
36108
38820
37939
35755
38460
36298
33043
34714
34247
36137
34135
45145
40195
35905
38206
34541
37721
35213
40385
34141
38073
38547
37310
37130
38198
31364
30277
39877
38426
39518
40499
37226
36607
36084
36340
37573
33787
36385
39259
35916
33498
38436
35299
37818
34235
36848
36103
33786
38416
35483
35134
30999
40136
36943
39961
37650
38383
35324
35253
34263
33874
35800
35609
36802
34912
38548
36061
35296
37010
40805
37985
39249
41292
37113
41056
41681
35831
38637
38784
42567
33457
35864
40575
39210
34411
37814
33565
35931
33900
36198
36318
36298
35573
32981
37638
34765
36789
36742
36659
47164
37328
37297
40899
34270
35895
38711
38751
42653
37701
39161
33379
33446
34761
35368
35608
37315
36806
36972
36258
45592
35633
38128
36492
35471
35714
38067
38269
36422
37351
36961
32721
35083
36987
38286
35814
37731
38896
34627
37821
34677
35525
35568
33973
39328
36309
37171
37708
35021
34211
40020
36593
38155
36206
37822
38404
40278
40572
37282
34501
39249
38505
37848
34531
36106
37409
40588
36244
37467
39633
38906
37010
33456
33873
36697
34675
35798
37278
36762
33842
34829
34799
35436
39976
40575
37014
38852
36077
36918
37854
38959
39522
36055
35867
35003
34543
40792
36510
38183
36223
40127
43753
38582
38064
40670
36404
37660
37627
40666
37197
37094
38713
34229
36537
36882
34795
33219
34408
37854
35949
40791
34415
33711
38547
36582
35066
35964
34163
46598
39562
36510
37061
38889
38853
38077
37487
53375
52411
48277
53948
37850
36519
36183
40366
34699
34775
35710
35971
37692
37896
36979
37615
32884
36526
34609
35815
37260
35112
31656
30749
37717
38816
35521
34449
38770
39525
31030
33046
35541
37002
31999
35227
36488
36411
38105
30731
38410
37737
36259
37995
41092
39084
38731
35959
36697
38250
38587
33292
38731
36101
35998
34399
35699
38113
39284
36496
39131
37965
35157
39338
38844
39707
38103
35673
36962
35786
36329
35386
35246
34899
40178
40606
39566
34484
33138
44537
36220
35905
36847
36977
37566
42830
37822
34393
42242
40142
38250
37043
41380
38350
37804
39168
40287
41750
38305
35220
35855
42076
41008
37141
36408
35499
38235
40675
42716
35555
38100
37969
36243
35517
39084
37580
39798
35479
37584
50168
37527
35123
39287
37686
34698
35924
36830
39209
42228
39800
35967
37571
32401
34722
39674
35276
38858
37794
38695
35545
36341
40539
35984
35184
39500
49208
35742
40598
35959
38944
38356
36027
37000
36385
36624
40440
38574
39262
39299
37752
40357
37765
37702
33361
34651
37504
35067
41969
38502
39261
43907
35479
32754
31585
34017
39114
36549
42599
33192
36172
34094
40459
35192
36095
40015
32530
34518
34323
35995
40347
38467
38358
32993
35591
39878
37438
39462
33121
39375
38329
35438
41467
126141
40538
39095
43791
51788
36230
40157
37649
35847
41103
35679
39277
35203
38202
38980
41236
35624
38527
36255
37571
39600
39546
38323
40398
36829
37233
32138
39034
35995
40044
37600
36306
39341
35608
39471
33914
37425
36893
35235
40536
39238
34307
39985
36607
38154
35344
36663
35211
35559
40620
36082
36776
37309
38543
42114
39837
37219
38488
32613
38860
32817
36196
36624
38021
36729
37843
37812
37495
38177
40509
39352
36977
39847
38935
38434
38131
36497
37306
35460
43045
39469
38729
36646
36417
38775
40318
37878
36963
32192
37068
34259
36558
35437
39602
34197
39745
36277
33768
35786
33614
35191
35143
33279
43291
37306
34776
40287
37687
42323
42977
40990
37248
43731
37248
41585
36986
37152
36538
54930
51624
51975
42173
39266
36433
38788
35181
39171
40735
37315
37107
37785
37433
37328
36770
43200
37028
35770
36971
52929
36911
38622
1041
916
695
936
932
845
930
880
765
860
911
901
962
759
835
738
501
601
741
755
828
723
687
699
758
843
745
851
801
790
756
761
552
702
786
866
754
778
844
784
761
760
883
736
782
755
760
799
743
802
790
766
865
786
817
837
862
770
776
818
898
783
836
797
785
755
778
790
797
887
767
884
890
804
788
773
864
758
763
853
768
846
777
743
751
860
759
868
745
861
755
862
760
740
747
749
748
846
765
860
757
773
770
764
755
778
789
824
803
781
768
783
830
807
790
841
791
806
811
786
774
764
861
760
867
774
870
766
861
764
868
1260
1034
998
965
1045
1045
1006
1004
1010
1033
1001
1003
984
744
737
960
720
735
732
963
726
722
735
721
721
732
948
820
811
786
785
955
778
808
786
784
898
980
772
920
772
970
793
808
794
969
698
770
742
751
777
817
811
946
776
937
803
813
794
936
771
783
931
773
773
999
800
801
774
781
829
820
948
959
747
772
816
930
763
919
954
794
929
772
823
799
772
763
795
941
1016
780
754
764
783
933
955
754
759
775
793
799
982
828
792
783
787
808
845
813
794
780
813
912
816
808
958
994
802
809
910
988
806
844
933
968
785
942
872
948
781
805
779
778
912
793
1038
783
762
760
962
798
903
971
787
1302
938
982
976
1096
1016
988
971
1040
1024
751
942
1008
729
951
730
929
748
755
736
727
748
756
763
803
790
979
782
780
786
922
1041
842
974
787
936
798
804
799
963
775
787
804
792
988
832
796
779
771
783
887
819
807
787
996
828
824
815
979
791
797
808
790
783
779
788
811
798
767
771
794
825
996
990
782
832
805
767
774
981
780
806
797
1005
803
821
920
998
802
825
826
976
779
829
927
766
927
806
786
803
788
765
797
800
826
814
968
821
861
818
964
787
786
800
932
789
1047
1005
802
937
780
990
819
795
780
1025
901
955
987
799
938
807
798
969
825
813
851
1006
776
814
800
779
771
1039
916
1322
996
1044
1070
1021
1020
1070
1030
746
729
726
719
735
903
735
957
717
736
966
735
1070
881
803
796
809
848
845
978
975
1037
830
809
948
810
996
812
809
971
773
785
809
804
917
890
829
871
961
769
774
807
782
766
771
853
763
855
774
761
912
771
866
767
863
791
808
797
861
780
786
808
791
767
776
885
812
797
887
859
829
814
798
806
827
844
885
878
785
892
771
771
850
779
876
791
786
860
833
872
813
800
919
844
849
820
896
812
829
827
809
788
791
804
811
792
899
809
911
814
817
937
837
938
797
897
781
904
821
902
785
943
811
810
806
924
798
916
802
887
782
901
898
776
898
800
790
830
1346
1024
1039
1040
1005
1073
865
762
755
970
1014
779
780
758
973
763
791
777
947
818
796
802
943
982
794
820
804
783
993
952
776
867
791
918
818
806
775
892
752
820
815
873
775
955
824
794
775
786
777
798
873
776
897
805
820
804
786
982
822
826
859
926
880
879
825
800
794
816
837
824
805
843
832
873
921
810
775
833
931
793
954
914
779
769
773
796
801
824
805
931
897
1001
942
789
966
907
799
789
919
834
832
869
916
819
942
950
809
879
951
818
798
799
935
825
820
804
782
791
904
789
909
915
850
814
847
900
946
849
932
939
787
945
832
933
781
798
852
968
813
927
991
831
952
785
1221
1053
1057
1021
816
891
792
770
761
1000
991
783
956
1014
777
791
781
786
862
809
817
919
1015
763
798
818
974
996
802
809
796
942
843
819
812
797
1024
822
835
817
971
834
804
807
787
807
1029
855
950
981
801
920
832
819
1039
1100
898
824
827
985
1003
819
800
979
822
839
827
1029
869
828
806
786
830
959
838
809
805
961
814
821
972
804
863
1038
888
994
1048
817
811
798
805
833
831
814
790
782
786
785
957
998
1031
840
1017
996
785
800
816
791
779
850
988
1020
1002
815
814
835
820
1017
887
865
1012
794
796
1040
832
826
994
984
802
946
979
890
1054
888
933
1037
837
926
952
793
1208
1038
1038
1042
1074
946
990
1096
1046
1004
765
762
827
833
964
1014
850
821
808
791
951
819
1001
795
792
1042
811
813
797
837
905
868
1028
1018
874
832
816
805
837
1091
1016
1015
998
803
999
806
1026
989
829
818
816
803
1024
800
795
1000
867
828
801
813
1010
799
820
798
804
798
870
793
802
794
807
851
982
831
1014
780
997
794
793
792
834
825
815
821
948
834
842
823
846
977
835
842
1011
837
955
1005
1038
1014
825
840
824
850
1043
1066
907
1017
923
875
987
1006
1061
816
793
783
969
1059
1034
791
767
834
827
804
792
952
801
823
806
797
1052
807
806
805
927
874
868
946
962
823
915
1313
1096
1091
1040
1035
995
791
778
782
1019
985
783
791
767
761
936
819
905
1015
764
870
832
835
1002
803
1028
1044
1000
804
1029
1002
801
956
765
774
772
773
781
816
822
809
1004
785
1002
894
796
789
981
834
839
1012
812
1034
846
847
1017
1059
794
794
795
806
796
813
815
781
809
958
1001
797
999
796
783
961
804
813
814
1010
805
989
1014
828
948
798
818
840
946
998
846
1031
998
824
845
866
810
816
1012
813
907
1015
812
1005
778
810
1012
787
791
788
782
796
936
1021
822
837
823
835
835
841
821
820
1000
857
956
1003
848
1046
1011
1014
820
767
817
969
1015
1108
1047
911
981
1130
808
804
1514
1175
1099
1065
1064
1106
1099
1067
1067
810
788
979
754
759
752
770
924
989
803
958
763
760
853
861
999
826
967
1001
848
857
1003
829
805
807
815
977
978
795
797
927
968
812
796
789
787
779
786
791
822
947
1004
808
818
814
1070
1023
829
834
1012
845
850
837
1011
1055
859
831
822
1028
906
833
820
1007
894
991
837
840
855
831
813
792
834
902
834
836
991
820
812
836
988
831
841
852
843
996
836
956
977
824
996
824
838
830
995
865
953
897
955
1003
826
835
818
811
805
809
840
995
828
823
852
843
990
822
988
907
978
856
1006
854
839
1024
866
853
853
1009
831
860
982
1009
1239
1118
1109
1129
1129
1120
1081
1095
1112
1129
1078
1099
990
1045
1015
807
788
787
982
773
767
820
874
1018
842
978
851
833
1025
867
882
921
1016
883
855
836
827
1032
863
991
1041
1061
1010
811
978
813
963
1045
816
827
1060
967
797
809
826
992
842
825
822
996
840
819
803
846
777
870
930
829
914
848
885
970
839
867
818
817
836
937
846
899
821
912
981
864
843
820
837
894
860
846
825
1027
858
844
926
830
785
860
855
941
843
845
861
840
852
962
924
957
932
841
840
851
935
873
959
865
844
823
823
847
844
831
974
971
863
845
844
942
860
955
936
932
870
874
950
980
1293
1128
998
809
797
859
993
797
808
818
811
793
802
805
869
869
845
880
929
890
887
1006
1054
1018
870
850
962
856
952
810
822
884
860
990
814
932
828
831
815
838
947
869
854
933
988
846
856
987
977
1085
906
962
835
800
807
810
815
812
977
816
934
814
984
866
857
834
964
914
875
860
836
913
868
851
835
949
1008
873
850
831
902
868
870
984
843
991
940
972
980
848
957
810
820
1035
868
834
830
843
981
856
835
812
837
876
915
977
977
865
895
1004
872
930
956
835
829
830
867
819
811
815
1041
851
832
814
840
774
866
970
977
875
852
861
847
988
898
885
963
857
892
881
1336
1061
856
883
1047
1057
1042
839
825
1037
835
867
1046
1057
1048
837
851
1024
1046
883
1000
1032
1011
1105
1016
1025
1041
813
808
795
805
1062
834
825
1036
1091
844
840
998
1077
998
851
842
1081
1066
1045
1044
1034
822
843
829
1005
814
806
793
801
796
762
793
826
830
828
837
830
950
830
1008
846
859
947
872
1025
889
902
857
907
876
871
948
848
975
879
852
835
912
816
907
814
942
954
833
831
817
891
852
841
963
844
963
875
862
976
800
968
848
954
837
857
864
918
975
826
857
839
971
818
843
837
939
834
868
852
831
828
857
886
1009
987
862
889
875
858
944
868
871
876
1303
1218
1193
1173
1131
1172
1154
1120
1181
1190
1153
763
799
795
787
768
785
807
795
793
972
1044
791
783
769
830
842
841
860
1024
835
781
861
834
821
813
917
1090
930
995
856
844
966
1011
1022
1057
1057
1053
1075
1044
1037
1048
1063
819
810
1048
1052
803
810
794
804
811
827
805
804
918
886
864
844
879
1108
1075
1087
1025
865
868
1043
1064
1067
844
836
1074
843
825
830
1052
1051
1062
1033
811
1050
926
826
809
800
875
1095
902
824
844
842
854
1059
1122
858
842
839
1087
1064
845
845
1066
1100
821
815
1009
1057
1062
1042
823
959
924
1007
1071
1110
1048
823
830
864
900
1043
996
1314
1203
1175
1165
1163
1171
1170
1176
898
811
832
840
813
835
1050
1061
805
804
800
1026
1022
815
816
1019
863
876
1025
832
835
1041
869
849
855
894
878
845
832
897
1060
1029
1045
1041
873
885
1037
868
910
886
833
823
1127
929
834
824
1003
859
856
829
829
979
854
833
931
883
1003
900
908
933
862
939
874
911
1039
910
855
837
918
877
877
963
936
906
842
934
835
924
961
868
862
871
814
899
969
933
970
891
884
938
854
970
899
873
955
834
856
854
928
853
873
932
851
873
937
990
972
843
1022
868
858
946
836
891
885
863
964
919
893
876
857
847
894
905
959
950
1220
1133
1064
1057
837
848
1060
836
855
852
849
1072
1110
1062
855
988
908
872
866
976
863
968
1019
861
882
1010
960
840
838
1005
882
860
950
856
969
1007
858
846
874
840
850
831
853
972
853
865
840
868
885
920
982
1057
1022
881
863
855
885
899
883
1002
872
847
990
848
855
855
891
866
872
998
886
858
839
853
979
862
847
971
910
877
860
844
1032
882
869
982
842
881
905
888
1007
1014
870
866
968
921
899
882
867
977
1006
893
925
995
942
881
959
976
852
843
957
980
854
858
882
860
866
855
883
866
974
840
864
869
989
862
889
904
884
872
1072
906
898
978
889
891
1355
1202
1282
869
851
837
1054
1050
918
1008
914
861
857
839
1104
1235
1151
1224
1225
1230
1262
1209
1098
1156
1172
1163
692
813
829
685
824
825
811
805
756
813
825
816
797
836
854
864
1026
1040
884
883
878
1024
1043
879
1025
1028
879
871
850
865
854
904
869
859
858
902
889
847
914
921
884
887
823
837
985
867
843
826
892
864
879
865
861
991
903
889
966
892
859
868
982
886
879
890
980
892
971
911
885
888
921
914
888
973
877
865
862
853
862
905
886
879
987
844
867
862
867
881
898
906
900
865
874
893
895
976
887
906
902
906
1013
901
880
880
989
881
865
872
1277
1248
1248
848
850
1104
871
848
830
843
1038
871
864
1069
827
827
848
860
1128
883
894
1089
1161
896
872
850
866
914
887
886
1101
876
849
858
1004
1106
868
859
1075
851
867
902
870
884
860
898
886
1085
1048
1080
844
850
863
870
891
885
1085
1103
887
877
870
884
1064
1101
1065
827
826
835
831
839
853
863
842
840
890
874
870
910
881
1099
912
892
894
874
874
884
1091
1090
1081
1083
1084
1111
873
853
846
888
911
894
859
1035
869
867
1023
853
888
870
864
1080
896
876
857
876
856
915
890
892
1032
1081
847
864
1087
1079
1075
862
879
892
868
1022
1076
1070
1083
1081
1587
1254
1218
1273
1229
1249
1198
1207
1172
1173
1119
1117
1175
1180
1165
810
816
825
814
837
1070
813
805
829
840
874
1106
907
923
901
880
945
913
921
898
888
1024
940
897
919
1097
1037
875
886
990
998
1009
1023
1102
1056
876
864
1021
865
990
1025
1014
988
865
871
1071
1056
854
848
1080
908
1038
840
868
1051
885
866
1025
1038
859
869
1015
832
860
859
856
1027
874
888
865
1022
935
912
990
1023
860
866
866
866
1065
911
895
888
869
1025
896
892
1030
1046
863
869
988
888
916
1007
1003
927
900
891
964
1021
882
899
994
1001
906
1053
938
1001
936
869
874
984
1319
1235
847
857
916
918
1101
1078
897
878
1010
1099
1134
1100
1077
889
919
1049
865
891
932
905
896
1090
865
866
874
1107
1073
867
875
1055
1147
974
887
874
882
1065
885
1133
896
1019
1045
1061
849
866
882
879
1070
926
913
999
884
884
876
1030
868
989
990
911
1074
1101
926
893
882
1140
902
888
889
1037
1067
914
892
921
1069
1003
872
872
916
940
866
884
1065
908
900
1010
1103
953
878
1029
863
873
892
879
1023
949
893
890
888
926
907
903
1026
1074
914
898
1022
1069
906
899
1044
879
911
1026
1033
1062
892
897
875
1070
951
931
1031
1043
1056
879
885
872
889
1428
1093
870
941
892
873
891
901
919
1107
1090
1063
1050
874
895
965
1158
1113
1109
1150
897
893
1078
1059
1036
866
875
875
874
884
1072
1038
1091
1058
1103
1063
872
872
873
1111
901
903
1015
1011
1086
1081
1049
1065
901
875
869
1089
1088
1107
870
877
1071
1084
874
872
1061
1066
1062
1068
1086
1108
1106
879
901
1105
1073
874
892
1106
1126
878
879
859
902
1131
1048
1094
873
891
1055
1100
1095
874
896
1062
1151
1048
878
871
1106
1095
1085
1064
1118
884
895
1006
1067
928
1114
1118
919
924
879
869
868
862
880
882
1106
1129
1092
845
919
1064
1053
925
1076
860
858
1493
1249
1282
1269
1263
835
826
813
823
827
867
840
1059
887
857
869
849
1131
1190
1072
1115
1152
992
907
1088
1086
912
906
1124
900
874
854
839
845
912
1086
854
853
994
842
998
1056
863
895
1069
879
896
894
906
1081
883
908
916
903
940
1101
1051
1100
1111
896
909
1076
1085
1076
1091
1119
1079
913
920
1118
961
915
918
1057
916
895
1030
849
856
1117
896
878
1086
894
1033
1086
886
894
919
1115
1140
1113
895
878
876
909
1075
1092
884
884
1117
954
878
1130
1111
1106
1107
887
909
1038
1120
1063
877
869
1118
882
902
1062
885
943
945
1122
1115
1116
1092
863
1312
1301
1277
1321
1302
1272
1335
1310
1276
1126
1113
1097
1060
1091
849
845
827
859
998
991
893
1087
1121
1111
1076
888
891
902
880
1092
1125
1103
1074
1148
899
891
1102
890
884
886
878
1139
886
908
895
1146
1111
1110
1110
1148
1100
1084
1135
1142
915
884
886
857
825
874
1081
1125
1101
888
879
1159
1086
1114
1106
937
936
1118
1064
879
867
861
882
1090
893
896
1045
1093
1099
1113
1088
1111
892
906
1092
929
875
863
875
1032
1067
1097
868
898
905
882
906
914
1091
1064
891
930
1129
1130
1155
1058
887
883
1103
1058
1077
1102
1084
883
920
1109
1122
1286
1226
866
1135
898
889
1106
1102
891
891
1081
1084
866
886
983
893
896
910
910
931
1146
909
908
1095
1114
1120
1123
1097
1129
1077
1087
960
1032
1066
883
910
1052
1099
875
892
1135
924
924
1144
876
881
1112
1122
890
908
1124
1119
889
854
1047
901
881
1131
1116
1138
1064
1121
1162
906
887
871
864
919
904
884
1125
977
865
1128
1108
1128
889
905
1125
1189
1078
1074
964
959
1125
1144
1138
1117
1118
877
908
902
881
1014
906
920
894
883
1003
896
911
1005
887
1001
1014
888
896
904
884
1001
1005
927
933
1032
1013
1008
942
924
1032
1062
952
925
978
1074
1428
1187
1356
1339
1304
1335
1307
865
1120
867
863
857
844
1155
859
865
1113
1148
936
937
1059
964
965
1084
1110
954
949
937
1074
948
917
903
889
908
1085
1081
1104
1099
921
904
1021
1002
990
914
1131
1069
917
902
882
944
925
1056
1080
1130
933
915
1105
1093
925
901
892
1170
929
906
896
1175
925
904
881
916
1085
1062
913
1111
932
937
1144
1153
978
926
904
905
928
929
916
1195
1070
904
896
1077
922
925
1086
1066
911
907
901
1144
1116
1101
1123
1083
920
918
894
1158
1143
1110
1071
977
921
916
1128
1160
1132
1098
1126
961
1135
888
943
953
1485
1281
1304
1323
1305
1183
1258
1206
1318
868
1050
1051
842
854
843
1005
1036
924
844
843
1077
1074
927
915
1062
955
933
1022
1082
1053
927
904
929
925
930
916
1052
902
907
904
1061
962
954
940
1053
1090
1035
1041
912
936
1040
1042
1064
1081
1015
948
1126
941
916
894
907
965
1047
1031
1056
1063
923
901
1048
1034
1047
1033
1121
1082
939
899
915
990
949
909
945
937
922
909
1064
953
895
1043
1051
913
890
996
1032
910
925
1001
1033
1037
1045
895
906
1021
1088
1066
1051
1060
914
915
1003
865
888
1009
1085
1079
1067
1050
882
854
1044
880
888
1079
1055
912
887
1500
1345
1366
1384
1315
1286
1303
1268
1277
887
899
1103
1098
1111
1153
1066
1020
1051
881
1133
1101
910
903
894
905
903
927
935
1149
886
886
903
1108
1093
904
889
887
903
906
962
1145
1116
921
909
905
1130
1066
909
891
924
1162
1098
1048
1058
954
1073
1105
1112
1064
921
1125
970
1131
1087
1179
900
888
886
1086
865
906
891
889
871
1091
1075
1086
1092
903
907
903
921
938
931
1152
1085
1045
908
890
966
1094
916
894
947
930
923
1139
1095
953
949
1127
928
915
922
1097
1031
909
909
925
1138
929
913
893
914
940
1118
1073
892
910
931
912
915
1587
1334
1329
1332
1333
1322
1331
1339
865
835
877
871
851
910
1097
876
849
895
896
911
1149
1074
1183
1093
1108
1102
981
1150
1110
940
963
957
1115
951
1142
1103
1138
1103
1088
1032
962
943
925
897
901
920
967
1156
1206
934
909
905
893
939
938
931
1134
1098
1115
1088
1096
934
913
913
1145
937
931
1143
991
1014
931
1092
1119
1094
940
1159
996
993
922
1159
1107
1143
1145
1192
1111
899
889
948
953
1097
892
1150
895
917
907
1127
912
899
899
1237
1104
1064
913
1150
1152
1067
919
963
917
917
1141
1158
1135
1122
1207
927
900
890
920
1141
1556
1239
1274
1215
1250
1322
1320
1225
1266
1229
1225
1201
1219
1226
1222
885
886
878
872
921
922
1049
914
845
867
1157
1137
1181
1118
905
920
989
1128
961
1168
1063
906
892
905
920
953
986
933
1020
899
1140
1152
944
960
933
967
1214
955
1159
991
966
923
908
941
1127
1088
932
1226
979
925
920
1179
1184
1096
1056
1017
1153
922
906
941
1060
1116
1148
1114
1122
1099
1146
971
1156
1152
1143
948
1175
1214
941
927
923
1176
1148
1127
1070
1089
1081
895
904
1142
1181
1084
954
923
970
997
919
952
961
949
1111
950
957
931
940
1190
1105
1447
905
910
896
907
960
924
911
907
1206
951
1104
1059
1034
936
924
906
1219
1152
1108
1109
999
1000
1029
948
1102
1153
1148
974
958
1157
1128
898
936
922
1102
946
932
924
1126
1181
1147
936
941
926
1099
910
929
1187
1143
889
944
1131
970
1117
1078
1136
1142
1193
981
929
915
900
966
948
942
917
928
934
945
1053
1077
1130
1082
919
991
957
957
1114
983
955
946
1156
1142
979
962
985
1150
968
1096
938
941
909
917
922
1134
1146
941
919
910
931
1168
1192
1127
910
901
941
1058
933
1140
1149
1105
896
902
894
993
1005
1134
1215
1004
1034
958
1381
945
973
897
919
907
937
925
933
941
941
935
1146
940
937
932
1339
1066
1118
1102
934
959
950
1181
1207
1123
1158
1237
963
953
1124
933
954
952
1167
1106
932
1129
1128
1166
1080
914
917
1135
1109
1083
1161
1073
1100
1255
1164
1083
1179
938
928
932
1156
944
940
920
905
1203
1166
949
1207
1179
943
928
1181
1125
1117
1154
1130
1144
1111
1050
1125
941
1157
1201
939
931
1107
1096
1109
922
915
947
938
916
921
1215
937
920
933
1001
984
1014
934
1202
954
955
1226
1220
1135
1156
1187
977
1159
1180
1222
958
941
926
1194
950
1088
1149
1595
1280
1325
1310
1305
872
947
1079
899
1055
1102
1055
1057
905
919
1087
1017
914
942
972
1155
1168
1005
1169
1109
981
1008
1036
972
952
1169
1149
1147
1126
1094
903
973
931
922
912
1088
1085
914
912
1199
994
1156
1139
972
1167
1131
1155
1138
934
929
1163
996
939
1171
1104
977
1000
917
1165
923
906
916
1141
1126
1164
1180
925
948
941
972
1043
971
1024
939
949
937
1135
944
1007
955
1160
934
943
923
935
1080
1121
1119
952
1202
962
964
1162
1132
965
901
940
1143
1126
939
1147
1019
1168
1160
1190
974
958
1167
1165
1135
934
1125
981
1335
1322
1320
1309
1262
1348
1069
919
1154
1095
940
1157
1133
926
911
910
1186
963
954
939
1162
969
957
940
1041
1044
962
1222
1188
1183
1060
999
1105
959
1177
1151
1126
1129
959
925
931
1050
1105
1121
1123
1128
1173
943
927
918
935
982
1023
944
1099
947
952
943
1170
1082
967
1130
1079
978
976
946
994
971
964
947
1145
1103
951
980
1136
969
954
953
971
941
1097
1058
901
923
938
1189
1238
1147
1071
1153
974
1128
914
1005
946
949
1064
975
944
986
971
1158
996
980
962
1038
1062
993
1137
984
1045
956
961
933
941
934
946
1146
1142
1459
1308
1310
1308
1361
1303
1281
1359
1277
1157
1156
1137
1091
1035
960
1004
913
1101
1093
1170
1072
959
1044
1027
946
1120
1096
950
1184
1158
948
956
904
925
932
951
1114
923
934
940
920
944
1002
1128
1127
1208
1000
998
1135
996
1003
994
1209
1000
978
967
973
1159
976
1093
1111
1129
976
1175
1120
1000
1110
986
1175
967
1147
1103
1050
926
1163
940
930
951
1136
1247
963
986
937
1002
973
973
1117
1080
974
980
1201
1148
971
1130
950
1163
1112
1090
1150
1188
1087
962
1011
962
1166
1142
1062
951
1171
1162
956
964
940
986
958
952
936
1606
1359
1405
1396
1372
1286
1140
890
889
893
1056
908
901
1152
1078
915
1177
1138
1171
1114
1134
1078
963
973
1185
1188
980
1078
935
1194
920
918
1212
981
944
951
1150
960
964
945
984
1185
996
1191
1104
962
948
962
1051
943
947
947
995
985
985
1084
1032
1144
981
1198
1014
1011
1044
963
1021
1197
1204
1152
1102
1130
1103
1029
1176
1080
984
1151
1123
966
1132
980
970
1001
1176
1162
1107
1127
970
977
1194
1217
1065
970
943
881
957
962
1138
938
931
934
1112
1037
927
924
959
991
988
975
1231
1116
980
976
977
903
950
962
1117
1492
1352
1292
1420
1334
1373
1389
1167
1080
1111
912
915
946
1065
907
1177
1142
1194
962
1157
958
978
969
959
956
972
988
1116
1030
1137
968
958
1021
988
996
1208
984
1104
1224
1186
1058
1102
960
1159
1008
1203
1117
997
1155
1129
965
972
964
964
1211
1111
1084
1131
1124
984
1145
1074
1005
964
931
934
1149
1114
928
933
966
963
966
1063
1041
1099
964
1167
1155
1089
957
981
979
976
1187
965
978
965
968
1002
981
3023
919
902
895
896
908
938
902
909
1007
999
897
910
925
904
905
1082
983
964
971
972
1178
984
974
965
968
1367
1311
1335
1365
1338
1383
1383
1369
1148
1151
900
917
1213
908
895
914
934
932
943
1172
1107
1118
1153
1109
969
1001
1178
1182
1014
1160
1141
1176
963
1189
959
961
950
951
1144
950
948
952
1090
1003
1136
1126
1111
988
983
1154
1190
987
1204
1272
960
954
936
937
953
968
1193
1181
992
1028
979
1184
952
936
932
951
1127
1157
1178
974
989
978
968
1174
994
1195
1134
1149
1113
1126
981
967
1196
1202
969
957
940
1187
988
971
957
1020
992
994
1140
1027
1025
1216
1148
1172
986
1159
1036
1023
1046
977
1129
995
1195
956
990
964
1558
1304
1363
1327
903
924
932
920
920
967
930
935
1146
1162
1105
1192
1159
1174
1127
1183
1157
1008
993
1248
1021
966
946
999
973
968
1195
1214
970
970
954
1008
1199
1125
1192
1031
1056
958
993
999
974
967
1008
1029
1210
1194
1160
1034
1137
1189
994
976
962
1008
994
974
959
1036
994
977
975
1201
1155
994
1205
1048
1054
967
987
1142
953
955
1021
1214
1122
969
1191
993
991
1210
1043
983
976
961
991
1145
952
979
1189
996
976
978
1179
992
1254
1197
1163
1144
1198
1026
1131
979
1208
1002
997
1169
1146
973
1126
1224
997
1190
1525
1420
944
933
1003
1174
957
1185
1020
1230
1089
943
981
1007
1122
1029
1011
986
965
1022
994
982
984
1207
1013
1003
1214
1196
1078
989
1222
1003
995
1211
989
1004
991
1122
979
1004
1113
1133
981
1188
1094
1023
1004
1013
1248
1191
1000
998
1281
1504
1342
1529
1497
1503
1536
1504
1330
1501
940
931
833
952
977
1072
924
1127
950
929
905
1189
1026
1095
1009
1024
1140
966
974
1006
998
968
970
983
794
956
1094
989
982
783
986
1130
998
1145
1009
1004
998
988
1078
1034
1035
1005
934
972
1098
1075
1115
1083
977
942
979
981
1113
1072
1834
1507
1541
1485
1449
967
958
934
930
1185
1104
1079
916
938
940
1004
1003
1132
1015
1010
1253
1047
1026
1204
1099
1139
1028
1159
1173
1119
991
990
1009
997
995
1011
991
982
1123
959
1155
1126
1115
1002
995
988
1070
1141
994
988
1244
1159
1005
1182
1172
994
1101
992
1109
980
1194
1111
1019
1124
1001
1207
1082
974
1108
1017
1135
973
1132
997
971
959
993
1030
1147
1188
1161
1017
1002
1018
1191
995
1169
1058
1266
1108
989
997
993
989
1225
1128
988
1147
1136
1022
1183
1111
1034
999
1199
976
974
1004
1149
1143
1028
1119
1005
932
1435
1394
1422
1408
1480
1472
1391
1444
1390
1088
973
1184
995
1182
1121
940
941
933
1160
1115
1292
1512
1116
1407
1093
1324
1003
1156
1335
1353
1355
1157
955
961
957
1239
997
971
996
957
926
917
1052
1021
1008
1017
1029
992
1014
993
1013
981
976
973
1090
951
976
976
998
1009
996
986
978
946
981
1100
1116
1137
1019
999
990
998
991
1000
1112
1059
1118
1121
1160
1014
1021
1139
995
1012
998
1000
1001
1097
1009
980
1004
1056
997
996
1161
997
1000
978
1012
999
1111
1157
1021
1013
1140
1000
1042
995
1000
1004
1096
1080
1120
1004
1000
1595
930
971
1000
1186
1127
952
971
1213
990
978
962
967
1221
993
1151
1036
1018
998
983
1051
1024
1007
999
1202
1023
1016
1231
1207
1131
987
1123
985
1178
999
1003
999
1003
966
1171
955
967
953
1037
993
993
1198
1105
999
989
990
1010
1017
1196
1156
1023
1025
1245
1022
996
1196
1262
1010
996
1225
1002
1002
984
982
958
992
1144
1147
1130
978
1157
973
1004
1012
1009
1250
1021
1020
1225
1085
1031
1007
976
990
974
1149
1008
1139
1006
1224
1121
987
1189
966
958
977
980
1218
1012
984
985
963
1016
1017
1012
986
1044
1006
1008
1225
1126
1001
1387
970
960
955
1214
990
942
927
929
930
1187
929
942
939
950
937
930
959
958
947
941
1209
958
973
1231
932
929
937
935
959
959
950
944
1011
959
955
933
952
952
947
949
1136
952
949
961
940
964
973
966
1204
1096
964
1122
994
962
950
948
1205
961
948
947
1029
962
959
947
1169
966
955
939
934
957
953
936
1152
952
950
946
943
955
965
964
1061
965
1144
955
989
956
1117
1233
1227
1230
1278
1298
1254
1265
1297
1266
973
982
988
973
966
961
1065
936
934
1099
1108
990
986
1026
1191
1042
1133
1152
1109
1025
1013
1163
1006
1005
1136
1592
1522
1576
1568
1529
1034
1190
951
956
972
970
960
941
936
943
933
954
1228
1041
1034
1238
1046
1033
1252
1174
1066
1139
1023
1277
1137
977
983
994
1002
988
1224
1018
993
990
1216
1012
1013
1241
1222
1009
1208
1162
988
1238
1200
1002
1010
996
1095
1571
1554
1603
1557
1596
1396
1524
1488
1172
1186
936
968
946
979
1194
1149
880
951
1009
1131
993
999
1000
1014
1075
1090
1050
1036
1026
990
1050
1183
1039
1211
1205
1046
1023
1112
1005
995
985
1014
1035
1195
1151
1063
1034
1181
1206
1054
1162
1037
1227
1142
1032
1164
1555
1554
1248
1024
1221
1205
1174
986
968
999
1116
988
1168
1007
1018
1000
1031
1267
1025
1202
1212
1042
1191
1164
1072
1020
1232
993
1003
1017
1215
1183
1163
1014
1173
1064
1110
998
1206
1042
1174
1033
1202
1054
1140
1005
1028
1024
1010
1046
1202
1044
1197
1025
1042
1030
1017
1061
1015
1242
1217
1015
1005
981
1018
1017
1041
1264
1144
1145
1010
1017
1065
1240
1151
1023
1049
1043
1183
1041
1026
1122
1022
1001
1019
1215
1161
1021
1000
1039
1020
1034
1195
1146
1028
1038
1232
1174
1045
1037
1030
1116
1258
1125
1211
1020
1024
1144
1003
1019
1010
1032
1174
988
1505
1419
1324
1352
1450
1399
1420
1010
999
979
1200
1116
980
1258
1104
1013
1157
1012
1076
1042
1026
1313
1050
1052
1235
1045
1034
1017
1018
1081
1036
1022
1180
1036
1042
1018
1154
1113
1060
1083
1088
1058
1106
998
1099
980
1102
1138
1028
1006
1148
1058
1016
1033
1022
1059
1128
1116
1133
1029
1028
1006
1072
1018
1001
1133
1107
1131
1003
1106
1161
1017
1125
1139
1051
1037
1133
1181
1051
1033
1137
1023
1030
1133
1161
1028
1133
1019
1001
1017
1007
1022
1146
1087
1093
1085
1033
1043
1166
1071
1174
1033
1155
1165
1025
1125
1173
1023
1010
1116
989
1029
1008
1489
1451
1364
1483
1399
1391
1323
1389
1106
961
1124
970
954
996
1003
1057
961
959
1042
1184
1031
1145
1079
1175
1063
1228
1046
1158
1014
1001
986
978
1005
1008
991
976
1157
1000
1039
1029
1046
1034
1015
1027
1178
1023
1150
1019
1155
1019
1251
1135
1026
1021
1208
1011
1035
1194
1042
1058
1202
1003
1019
1024
1032
1308
1182
1128
1006
1122
1005
1156
1004
1061
1029
1255
1231
1022
1028
1205
1001
1022
1010
1018
1000
1021
1147
1005
1202
1003
1265
1137
1030
1024
1239
1076
1052
1174
1095
1020
1030
1177
1004
1067
1164
994
1060
1026
1168
1013
1216
1030
1166
1417
1340
1378
1476
1367
1209
1063
1186
965
1145
997
1171
967
1169
999
1035
1037
1034
1053
1057
1298
1190
1052
1191
998
1036
1028
1203
1048
1023
1134
1003
1043
1272
1162
1004
1019
1205
1132
1072
1204
1015
1223
1011
1026
1202
1060
1016
1009
1168
1020
1030
1125
1097
1083
1191
1041
1103
1057
1044
1031
1217
1043
1020
1069
1065
1040
1039
1055
1237
1048
1039
1244
1049
1023
1092
1085
1186
1040
1052
1052
1065
1260
1075
1186
1026
1041
1088
1196
1016
1068
1016
1015
1264
1148
1020
998
1051
1064
1265
1053
1087
1061
1046
1081
1168
1079
1160
1035
1061
1051
1052
1090
1575
1011
1246
1010
1158
1034
1204
1042
1158
1038
1038
1034
1216
1070
1038
1037
1176
1141
1023
1028
1123
1035
1034
1221
1076
1034
1139
1003
1029
1032
1188
1089
1074
1248
1150
1037
1038
1017
1028
1225
1051
1210
1070
1222
1015
1036
1188
1040
1209
1038
1157
1035
1200
1066
1038
1020
1039
1224
1042
1199
1021
1068
1147
1027
1098
1180
1014
1078
1091
1230
1049
1098
1067
1071
1222
1055
1051
1033
1044
1037
1039
1186
1033
1068
1238
1055
1200
1038
1201
1033
1046
1040
1244
1186
1034
1031
1197
1040
1041
1181
1082
1046
1045
1209
1060
1151
1026
1231
1044
1046
1255
1226
1554
1357
1401
1470
1022
1020
1151
979
1037
1002
1001
1287
1180
1013
1067
1240
1190
1060
1064
1053
1108
1173
1052
1217
1048
1191
1043
1074
1228
1024
1073
1045
1052
1319
1055
1030
1037
1023
1050
1034
1050
1018
1029
1027
1157
1044
1021
1167
1181
1132
1051
1051
1047
1068
1068
1296
1205
1057
1039
1053
1075
1056
1084
1217
1059
1048
1261
1044
1052
1203
1073
1183
1008
1017
1034
1031
1031
1050
1087
1208
1062
1054
1111
1161
1074
1173
1076
1024
1194
1035
1048
1230
1116
1216
1027
1139
1054
1051
1289
1092
1053
1045
1207
1034
1047
1233
1033
1048
1040
1071
1152
1036
1024
1595
1380
1370
1503
1410
1412
1442
1009
1185
1175
1004
1216
1126
1008
1239
1163
1009
1003
1027
986
1084
1187
1006
1159
1031
1015
1004
985
1023
1220
1246
1073
1234
1066
1047
1240
1088
1079
1252
1189
1015
1031
1092
1049
1265
1059
1082
1191
1040
1203
1129
1083
1163
1067
1059
1085
1262
1089
1087
1038
1176
1016
1010
1205
1001
1014
1010
992
1028
1222
1037
1080
1046
1199
1151
1171
1062
1055
1070
1048
1034
1035
1281
1216
1017
1047
1053
1049
1041
1026
1074
1280
1249
1025
1046
1016
1095
1251
1047
1343
1165
1033
1033
1180
1053
1034
1036
1108
1049
1017
1029
1761
1387
1470
1406
1486
1475
1397
1372
1398
1160
1156
1256
1120
1001
1063
1258
1210
991
1031
1263
1014
1018
1053
1052
1209
1250
1079
1191
1034
1122
1275
1183
1043
1084
1151
1064
1256
1051
1029
1032
1069
1115
1031
1143
1053
1048
1236
1055
1055
1196
1088
1054
1066
1196
1098
1054
1058
1186
1042
1056
1202
1088
1053
1062
1243
1092
1132
1035
1244
1058
1043
1046
1027
1054
1054
1241
1040
1161
1034
1217
1030
1230
1189
1081
1068
1036
942
1070
1287
1164
1111
1059
1056
1228
1022
1057
1300
1167
1034
1020
1033
1142
1232
1032
1181
1017
1023
1284
1107
1750
1390
1482
996
1040
1206
1011
1025
1271
1157
1014
1252
1030
1192
988
992
1043
1003
1000
1173
1080
1197
1071
1061
1086
1080
1069
1114
1076
1065
1255
1052
1058
1272
1088
1053
1022
1022
1090
1216
1026
1070
1055
1055
1265
1080
1056
1037
1068
1079
1187
1022
1054
1088
1275
1047
1113
1059
1065
1316
1060
1041
1048
1035
1090
1204
1105
1629
1674
1678
1688
1720
1668
1557
1697
1176
862
1030
1190
1046
1242
1180
1049
1157
1001
968
1015
1019
967
1000
1041
1042
1254
992
1216
1057
1220
1045
1046
1039
1089
1242
1032
1079
1047
1024
1044
1037
1060
2055
1036
1032
1312
1258
1031
1013
1255
1040
1034
1018
1210
1091
1171
1040
1210
1043
1047
1067
1068
1047
1048
1073
1244
1056
1174
1077
1173
1030
1078
1200
1050
1051
1093
1047
1048
1245
1056
1050
1053
1047
1122
1231
1101
1224
1084
1071
1081
1095
1075
1048
1093
1069
1209
1146
1146
1049
1061
1042
1073
1052
1053
1138
1066
1290
1146
1041
1041
1046
1124
1066
1067
1340
1072
1055
1069
1043
1072
1072
1239
1100
1078
1167
1084
1079
1112
1057
1103
1068
1053
1057
1045
934
1024
1027
969
1057
1195
1062
862
1067
1298
1230
989
1048
1376
993
1048
1047
1220
1065
1073
1633
1468
1349
1433
1425
1459
1579
1023
1197
1169
1001
1208
1009
1045
1029
1028
1188
1087
1176
1055
1045
1078
1065
1227
1057
1058
1051
1269
1070
1064
1054
1067
1071
1055
1052
1203
1042
1177
1079
1078
1071
1205
1099
1087
1054
1079
1083
1271
1065
1046
1103
1168
1048
1062
1079
1173
1080
1077
1077
1239
1101
1060
1052
1243
1073
1059
1067
1077
1074
1066
1052
1307
1061
1048
1078
1106
1217
1071
1125
1083
1059
1058
1113
1304
1222
1154
1086
1092
1234
1118
1088
1079
1143
1195
1043
1052
1059
1064
1053
1181
1072
1083
1172
1094
1067
1068
1227
1074
1076
1064
1356
1464
1426
1573
1445
1351
1059
1143
1010
1041
1252
1021
1002
1048
1040
1011
1003
1012
1033
1105
1307
1092
1087
1219
1118
1091
1066
1143
1081
1071
1060
1059
1098
1071
1058
1211
1067
1049
1097
1080
1074
1193
1106
1124
1090
1091
1113
1194
1088
1109
1113
1097
1094
1093
1115
1206
1081
1085
1183
1178
1070
1082
1073
1091
1091
1180
1076
1132
1089
1080
1238
1086
1071
1168
1061
1172
1087
1070
1148
1061
1041
1086
1089
1162
1062
1122
1145
1040
1064
1175
1083
1085
1087
1111
1178
1077
1082
1087
1163
1045
1051
1038
1199
1083
1062
1041
1200
1159
1041
1209
1084
1495
1549
1501
1537
1428
1418
1406
1293
1053
1208
1017
999
1029
1022
1012
1074
1176
1017
1325
1101
1094
1084
1142
1094
1067
1075
1111
1100
1076
1099
1099
1071
1091
1271
1060
1046
1110
1110
1238
1066
1113
1082
1076
1345
1138
1086
1247
1108
1061
1046
1061
1062
1073
1234
1078
1081
1079
1234
1063
1080
1192
1068
1087
1082
1207
1103
1078
1209
1088
1081
1082
1227
1108
1087
1077
1287
1078
1066
1065
1073
122460582
 Average Time : 11959 Minimum Time : 501 Maximum Time : 147627 microseconds 
 Client 0 Average Get/Set Latency = 0.011959 seconds 
 Throughput = 83.619 opertions per second
