91406
69437
69941
66003
47901
55060
60316
63916
49712
49625
47281
77919
47031
50507
63765
106894
36944
367154
71200
66972
101410
73322
112194
55826
45329
47982
67734
54595
54541
57534
38669
118609
109457
51135
65685
67043
51456
61000
41737
58714
54770
50670
49401
66621
45959
55456
65883
57297
68662
71054
52669
69623
62928
63022
54042
73023
46475
58004
64655
80273
152064
38337
49625
50042
41941
56418
43642
54109
45602
56591
98606
83950
53180
88644
67297
84166
54875
40666
51431
54730
65116
58321
55784
58742
69843
59756
63517
57077
52387
55079
49188
50025
60645
51493
40903
107640
92292
53846
49841
65494
40737
63675
45330
54628
45382
62727
43811
50593
58103
51586
57204
67409
47978
59241
74876
77195
72881
52046
56650
73595
59346
62661
59856
54787
39792
61990
60291
53379
48468
38783
123364
53093
61282
73598
66852
80151
69722
40809
65249
87625
66291
71032
58223
47695
54413
107770
49337
60729
164412
57447
62854
55318
48531
54326
47792
41155
54979
65530
56016
51836
45550
52298
69750
61877
64833
39166
48976
63123
76668
58315
59241
44193
51527
53192
73970
55205
54996
39728
49190
53615
69921
52511
66350
70912
83149
75692
110232
49515
71942
44963
52694
90278
92339
40968
49513
78361
56459
48854
49513
54140
69511
44697
55763
56117
50483
46402
59186
68391
90215
81319
63151
67997
62016
56848
52537
71768
55703
41083
36140
52320
36152
30311
87355
52818
47498
84885
56514
60609
74790
53311
47985
51902
62130
58049
57526
51091
61609
61289
50013
60027
62308
47571
55065
45878
58386
48701
43609
64876
75232
48571
39214
49289
54959
56484
52844
41523
47023
46290
47730
66305
63782
58481
77553
64059
67988
44032
49599
81141
45487
39149
71765
47247
78238
55432
61267
53912
119971
94251
59557
46141
77335
51578
79755
68290
45871
56369
59585
64807
61008
62921
59955
76776
48300
50657
52744
39194
118696
54516
61493
56282
46170
46764
33371
40240
52877
50298
76502
59958
57550
48753
65125
45669
56201
50110
59626
38234
36667
33639
45949
41959
19592713
 Average Time : 61227 Minimum Time : 30311 Maximum Time : 367154 microseconds 
 Client 9 Average Get/Set Latency = 0.061227 seconds 
 Throughput = 16.3327 opertions per second
