83704
80406
63881
58299
54250
73303
70600
105297
58095
55793
93963
363021
250707
76395
36143
64272
77619
83104
50899
46883
50749
64361
47864
55040
56718
46987
65704
49605
92195
53309
69074
75101
82320
60627
62562
60210
58819
52632
51836
40785
63003
65211
58221
69390
93388
82252
64668
57519
57628
70122
60946
73521
55402
59437
72320
54935
143242
47820
46836
69065
59894
59269
58052
62321
108321
44925
67844
60024
44972
61394
75676
66425
59104
60357
51565
40157
54633
53876
58295
57876
59044
45289
72086
76243
70402
49988
56070
40919
60039
55737
57049
56902
53738
54957
93537
59952
66516
64509
55139
42011
44568
74424
48520
60173
75400
62853
44765
99992
84122
73447
69628
66593
78311
47969
58204
74244
75519
62626
369707
45743
80684
51788
57067
85159
43926
70109
63504
51262
78262
62260
69267
72915
67937
49616
46964
55308
45067
70854
40164
57783
49950
61691
61189
73444
52997
65887
68803
45127
56780
51981
54286
60768
63320
47776
74670
70791
40859
60202
44518
50013
61766
53613
44631
43235
44945
65659
47907
62793
60854
57111
51244
35411
49316
54137
51478
68161
83550
70514
57922
58225
56676
53625
53445
50008
82992
66457
48487
77452
69785
80675
47968
73006
59938
73375
75415
69482
72625
66715
43997
76692
70552
51800
70605
42437
74361
57522
44618
67709
80397
44579
131512
38175
48247
59257
55005
46120
59735
64511
52185
66309
73705
57245
60870
62001
59533
51655
46700
61470
49177
47715
46235
55327
48987
60783
59081
60280
62425
64183
59297
50597
53519
53714
47078
66741
72509
61923
45898
47680
57626
81854
67777
55105
75579
68802
48134
50488
60562
62034
53260
49470
87496
65128
64961
58377
62692
89533
74097
60272
62005
63398
44941
52554
56243
39563
39609
47782
51945
73713
54868
87187
54079
47151
48342
44933
51895
93114
42883
89531
43782
62483
127834
43033
121796
54919
51459
57669
53899
51737
51243
88722
45888
67975
77565
55583
43819
46991
35527
39933
39586
30963
25562
23033
27707
30724
31160
28969
25365
31429
28499
28156
20040165
 Average Time : 62625 Minimum Time : 23033 Maximum Time : 369707 microseconds 
 Client 19 Average Get/Set Latency = 0.062625 seconds 
 Throughput = 15.9681 opertions per second
