71944
58584
70816
66900
62044
74128
43804
64796
59392
55828
71442
92420
50412
66310
109532
396303
73909
42943
64680
75496
58962
114063
41050
78158
46900
60742
105542
61653
51379
92143
113606
58971
90902
54453
54874
44423
58901
72691
61407
46949
37665
58453
59760
54146
51933
78257
59134
70996
52400
43821
50176
38987
55084
49238
53953
57887
76190
52811
53100
131250
29111
87022
57561
45179
57092
35311
42850
67293
40957
44071
137377
54406
58101
56167
56753
51737
52545
50729
56407
58915
69831
57754
39895
55572
51459
49612
75248
54058
47466
43973
60719
45203
49022
51082
64016
73097
68953
52686
57560
91213
53690
53560
66016
59992
50765
46622
63403
103278
51733
71140
69711
70109
48747
79806
48255
44925
62405
50799
55258
64381
65118
63470
85655
75393
63787
56276
41817
39961
36790
31767
34470
30469
39109
63544
77570
67844
101492
66821
68780
69977
51715
75640
63780
55176
70061
46426
57392
63514
78508
56678
70234
46854
40192
41953
51923
57597
51294
55900
59725
53849
64589
64556
69996
47780
63591
55751
63770
57522
60527
44019
53492
57980
49512
72313
56720
52753
45188
53799
61899
61083
48690
46827
66050
48301
66954
57383
88554
96059
64660
112060
54081
54922
50534
72520
82597
91832
55810
40787
65518
76000
49678
69420
67958
60589
60147
60568
66070
46142
71583
59534
59216
52972
64627
70850
54913
59897
60837
50785
71237
50852
41294
125985
84997
50996
54044
57037
47179
67619
74151
64386
44522
58930
69879
58054
48687
60943
71072
42403
55358
56975
42753
60673
56097
52833
65481
50628
58512
69026
53426
55622
47199
96722
55928
60139
70748
52261
64972
44539
50511
63728
46872
54260
65212
71307
65752
66544
51831
51413
35732
72889
94962
63840
66825
137361
72616
73036
56316
67165
75784
55521
147424
55673
57725
50537
49018
48734
58347
58893
66924
99825
37365
90406
47411
55815
35881
86926
47377
46568
50285
35241
127233
44034
45825
78297
56040
45205
45412
47047
61796
52903
51778
70834
42302
44688
44754
49923
34278
22290
25473
32448
19771148
 Average Time : 61784 Minimum Time : 22290 Maximum Time : 396303 microseconds 
 Client 15 Average Get/Set Latency = 0.061784 seconds 
 Throughput = 16.1854 opertions per second
