50272
44164
36307
40567
39243
34114
40932
39326
28287
41393
27196
26613
32485
36946
37074
39045
34007
40575
33070
30133
40909
35054
38794
32624
34819
24028
33170
36254
31668
35107
28940
32136
27751
29450
33167
38730
35801
31349
36399
33539
39349
37136
31810
42294
31364
33996
35359
38855
35656
39827
37420
30222
32959
29696
35127
35821
25176
31700
41281
29035
68076
42621
95565
43159
37795
72335
64557
44589
37762
38674
37367
36709
33611
35384
41321
33180
23957
32959
30422
28535
28496
27758
43436
33284
39081
35781
34765
32532
34678
28236
40117
43702
43148
50042
32039
36344
30885
28142
27867
34767
24190
25933
35379
23213
36815
109216
30369
42459
32741
34140
27599
27886
37305
35182
41346
35619
29486
29849
36493
37708
39666
31317
45767
33708
31039
34211
32678
30312
33710
31667
38882
29382
29863
35112
34123
36481
31973
32927
26160
29284
26262
34924
29113
49150
36978
26005
31677
27622
30488
29540
24862
151555
54372
39862
25915
37497
35914
31429
31798
29767
33209
45576
35197
28327
27449
36049
30912
47848
48133
31653
30243
27548
30928
32073
39596
40680
39221
34230
33794
31782
41529
40358
36578
35404
41414
35981
35345
31757
39981
38684
31022
29429
36155
39936
23203
23371
32578
22555
36452
28744
23987
28737
57587
44254
51463
53734
77087
60825
34186
32279
120079
29408
78867
53440
59899
39902
30961
33965
41500
33417
27692
32375
33387
33716
32738
33734
27697
30110
34954
28034
38098
31875
36237
31425
31589
37169
42047
36902
29871
34882
38538
29796
30583
38810
28344
37699
117449
33336
21313
26749
25042
29183
36287
34424
37868
35538
38196
28039
32132
35883
40576
34891
31303
40214
40635
32800
30039
41543
37239
48147
31825
31993
28997
37344
43488
26855
35332
31363
39324
50818
29232
39157
30284
28998
35417
38009
33693
31008
37352
35610
40812
28259
31539
41608
37197
28878
33323
35923
35984
30076
30095
42769
30613
28040
36755
39503
34622
39356
29487
30219
40428
25134
40398
37207
49095
35332
41521
69159
37146
29544
36480
93394
20500
37485
28346
32141
38840
78900
31516
29609
31748
30295
28457
32264
32224
27785
37764
37916
35900
30540
30099
43089
71816
63212
58036
51096
41375
142428
31525
32671
37055
43184
34041
31608
29062
42701
32814
55478
46088
52038
38907
37993
30989
32674
27410
33682
34385
28335
32913
32678
32885
35739
34456
31581
40059
25420
36903
36193
39193
33095
23834
29962
26150
31437
26109
21935
35476
33322
29668
29173
30999
32415
35879
41390
34394
47220
33067
35099
27678
35776
34635
36271
38992
36315
40210
39296
34253
41399
32229
35770
36204
32961
31386
37647
31975
25539
32453
26445
35069
32955
28434
24109
22831
25552
108868
31280
34673
30255
38550
35600
28979
31398
39395
29468
40061
34764
43734
30841
35433
41975
28908
37130
34811
36125
30232
29603
33462
34564
34985
36176
37796
36164
28237
39709
111744
31688
34558
38051
32430
36527
38816
44732
49227
39223
29072
37044
32849
23413
30803
32510
33211
29001
37172
37698
31788
30111
35092
36036
31562
46873
37324
32874
32329
39486
26580
31820
38116
32019
55839
43806
65322
110626
34826
36274
31526
27540
34074
32031
38961
27676
50516
28611
34030
35408
42321
36415
33264
33605
45461
35384
60658
83168
54158
33144
37427
31480
30650
33282
45120
28618
36235
34949
114142
26665
25449
37208
28034
34924
38692
28939
36773
38131
34766
28365
42957
29052
29579
32987
53372
35198
35744
37081
35854
42964
37125
28787
29200
29023
33670
40625
27976
44100
32941
33660
42411
35654
34787
41366
32404
26643
39939
185673
120580
34013
39321
32457
51048
48385
38403
48878
39658
28891
32337
30922
36335
34412
28751
24118
33446
25555
37434
35096
38351
31039
28218
33205
30371
37638
29866
38676
33802
30718
34390
36594
32358
29997
39965
34981
62316
32869
35811
31397
38985
34216
31911
44811
40611
28206
37940
25400
39560
31651
42580
36856
28211
38003
34611
39892
27331
30905
38127
36375
31533
38169
44046
34137
28412
85824
38748
48223
60370
34803
36035
35992
29671
34910
29308
25029
28034
23911
23945951
 Average Time : 37415 Minimum Time : 20500 Maximum Time : 185673 microseconds 
 Client 7 Average Get/Set Latency = 0.037415 seconds 
 Throughput = 26.7272 opertions per second
