40533
27724
27794
29214
23808
27828
25254
24830
28005
28533
26235
24027
30428
26210
30308
25480
24914
29630
28812
31481
23931
25458
28520
28798
26471
68145
33504
28711
44104
50938
49826
44647
36504
31527
32037
27317
28551
27784
28712
26054
24243
28453
27933
25234
34892
31420
25243
41950
35984
39155
26555
30583
26509
25626
31473
20646
24876
29461
29256
28970
27651
35351
29840
26561
34504
32097
28939
28042
26193
27880
25921
26884
23429
37097
32784
28805
27624
27338
25762
32504
24554
26388
27080
73673
31106
30448
35899
58951
26895
67163
30709
22106
30666
27236
27825
24646
24525
30680
25235
25959
28734
25126
24066
27228
28994
31362
29301
23745
27390
32581
31403
28416
26824
24430
27826
24831
28854
27053
30716
23356
26002
23308
26213
25061
27021
29391
27120
76549
26315
25194
35131
28841
39357
27497
21670
29458
25316
24266
31213
25990
28734
28970
29542
29982
28729
36475
25498
27381
29637
32586
28093
28749
63067
23019
23927
26550
29390
29777
22369
23360
27289
27186
29772
25251
25381
28544
31505
23388
27012
24006
30989
44437
25363
25808
26304
33633
28737
55022
26398
23171
27095
24766
28611
27603
73434
25343
24771
22988
67567
33912
27972
24613
28782
27070
39192
55940
41566
36631
45726
42746
32405
27036
26345
33217
27064
29380
41320
28031
30008
22941
32421
28418
29155
22413
24039
30379
28563
36794
26123
32895
24342
34732
32811
26874
24172
24166
31416
31656
26193
26627
28367
31143
27855
106820
29451
29133
32494
27457
26312
29121
28791
26377
21695
22675
24553
33258
30624
26759
26987
27883
25329
26864
31553
31138
24544
31178
41821
53125
46098
45717
31598
28792
29244
25900
30410
27017
28302
29617
149402
39574
29202
33788
35884
28181
26018
22393
87003
33015
25235
29846
24563
26449
40427
29037
40005
29560
26266
26516
22862
24804
27870
31001
28205
30718
28680
25910
34247
34248
26699
23653
22722
33312
25188
25436
24193
27320
31326
24324
29411
24234
26889
29833
26254
29439
27511
28227
27019
29086
31677
23728
27439
29796
24781
24596
23378
34769
27043
24937
31622
26308
34298
25294
30442
24134
26481
29552
29331
24207
22467
28421
27083
28878
29398
29522
30628
22698
26250
25564
31622
26182
26386
25231
27571
30305
30239
26727
24705
27681
29096
28306
23676
31449
31368
25402
28758
32504
27398
27161
28569
26816
28271
30870
37193
30441
34043
28392
23420
27316
29277
29829
26368
26915
26235
24599
26676
28245
27169
24444
30074
26768
25556
25138
30259
33092
36026
30447
29855
43947
33858
28627
27336
33456
29540
30742
24442
23935
27302
30781
24785
30843
24950
25027
21695
28643
32542
26257
33438
23732
32453
28211
27692
32358
29093
24103
22805
38028
37131
41445
38297
42460
52483
29380
25899
29434
26717
24565
27066
26698
26032
26754
26904
23631
25372
27732
33271
28331
28536
26288
26529
31886
25280
26192
26870
29062
44859
50299
106098
25361
34594
23758
28141
28587
27992
27660
25832
29727
27596
34016
23471
25454
27705
33685
27349
26355
27214
24572
34318
35000
26763
25175
28183
32932
24605
27241
28807
33302
27730
28168
25624
27316
28557
45651
26805
26535
28237
26490
71457
49555
36793
44375
32622
30103
28293
25732
26925
26758
27663
28773
28329
24023
24545
28719
32876
26161
30177
30544
22904
31200
31587
29769
21015
33654
30360
29831
27404
24469
29793
26440
57335
30609
31661
26236
46001
30666
28362
24926
28527
30188
27366
31295
33632
31900
34439
26782
24077
25360
24929
30443
33770
29569
42722
25041
29041
24839
34596
30147
35547
35204
30743
26616
29234
43388
23443
23186
39206
26901
25218
29321
40431
33828
32955
39983
28049
24882
27413
26394
36854
29840
28902
26226
25934
32033
35327
31395
24713
31623
30011
29324
30619
36602
29221
25535
25976
31654
24056
28312
27922
26395
28503
27989
28422
33707
25601
26578
30854
24325
28154
28224
26985
25321
28040
26632
28479
31276
28311
24801
36500
31978
91214
30175
25215
84215
28418
31475
31629
28508
31463
30368
30093
24807
23709
25720
25418
29295
25179
24488
33603
25024
27557
26917
38228
24201
26274
23550
57425
61918
35292
42469
42952
36899
28576
26273
25355
28790
26616
23433
31892
29132
77791
24495
94088
32392
40793
40558
29237
29706
43321
26306
26897
27949
29042
24263
29303
33585
25225
25451
29185
31675
26474
34450
30692
29360
30296
29676
28612
26270
22719
27359
26375
24647
24279
31960
39104
30039
26422
28128
26430
25081
25878
27169
39308
29687
26679
26047
23271
32593
34551
29633
28618
27436
23578
26119
27576
25005
32284
37563
35919
32689
34332
28800
27249
31491
61931
35046
32074
60134
41477
32646
34304
34615
28116
30646
27201
26179
29132
26960
26363
27891
23724
28759
31457
31778
28544
31590
27834
34463
24394
25799
28872
25395
26715
29457
26207
31704
28206
31070
34825
29121
28597
25389
26185
25344
32786
28986
26484
28074
31681
27906
26069
29268
29547
30326
35006
34932
26758
23002
24475
31845
26377
27379
27372
28768
25777
27082
30778
26626
28598
24143
24253
32658
26946
24504
27435
31031
27617
33013
24554
32231
34884
29606
28013
29244
26492
26687
33088
24763
25765
27786
33126
26154
26985
31912
27030
27673
28841
27229
24111
29879
38004
37219
32516
31732
40300
28553
30878
28734
30281
29608
32461
26191
28114
30491
23342
30071
29129
70803
34980
30770
42436
27494
34010
31809
34989
32278
23589
26811
26794
37827
38253
32125
24400
26917
26996
35487
28173
26903
31016
27089
27135
29782
26434
32671
28868
43395
83556
39023
36776
49119
35471
27927
29289
29591
26545
28699
26601
30595
27157
56476
29810
33558
29411
24119
24271
29111
32906
25264
26092
29077
26925
25695
28564
27190
31208
27631
25536
26978
31869
31264
28282
26165
25223
25643
32395
29934
30159
30925
24437
23591
28460
27459
29607
38016
31981
26716
29769
29247
25262
29966
28769
31347
24602
30508
23696
298271
36090
28307
29273
32957
29433
35956
31903
33191
24889
30589
24833
28874
36191
32455
31793
34948
26198
25398
29178
27265
31749
34965
32475
27096
31408
28467
29169
36705
28933
29903
32695
40766
51766
43926
51977
44969
28398
28424
22169
33574
26525
30287
27445
26737
31408
27399
29783
31419
27850
32443
30692
21700
26037
31021
27650
27566
31507
28918
25033
27260
33085
28349
30786
40748
27346
30638
30739
31034
28048
24972
23964
29017
30624
25204
27746
29988
28630
29272
34038
31960
43095
27441
33002
30954
30079
25798
25069
24265
34529
24994
32850
39581
31875
29041
30504
24891
33849
26393
25943
29899
29152
28037
27136
29337
27071
32092
27245
29951
26052
29063
33101
32748
25893
32142
31916
27799
27897
24415
27917
26787
32135
27489
31271
34930
25077
31050
35622
34387
29479
22914
32953
28625
30787
24469
90544
29373
25161
37735
28394
29808
28563
25873
30822
24750
38932
32395
42449
26746
31180
28440
24435
28708
28114
26859
22382
29299
106262
27181
34690
53075
61779
64021
52113
35462
41583
29667
25257
27307
33118
24931
26426
24592
33337
29880
30757
29901
28110
26648
27319
32219
36325
29424
31799
28406
27716
28398
30179
24713
25748
28940
28557
26463
29383
28645
29376
31107
31083
27595
36814
25805
26662
27818
29290
29797
30648
38714
28481
25229
25372
31905
33061
25652
40489
37331
30878
30792
31150
27829
27557
26597
24583
27753
25345
31355
27848
30652
30886
32288
25498
25023
23883
34934
36449
35733
34960
30476
23742
27503
34494
28400
30171
31141
26895
26952
31288
28284
28905
24927
29071
31785
28021
29791
34783
30674
30434
32741
31329
27188
25513
27859
28980
30277
24669
26306
33313
30780
26817
24096
47211
38206
36188
49631
37245
38728
27861
24767
31154
26143
29621
27818
30259
32182
29371
33911
24457
27281
58602
39190
29512
24122
27030
27771
30953
26720
28397
37345
31676
27449
27362
33277
34076
27259
26326
25579
90746
41659
34342
30846
31490
28892
28308
31591
28638
25491
29840
28844
25887
27511
36958
28789
29072
25224
26352
29924
32863
24654
30429
26467
28786
27843
32098
28785
27646
28058
43174
45825
27143
28423
26804
26642
25449
25014
27817
27595
27196
42162
42069
30981
29284
27685
32270
36805
32506
27571
31159
30413
39626356
 Average Time : 30958 Minimum Time : 20646 Maximum Time : 298271 microseconds 
 Client 2 Average Get/Set Latency = 0.030958 seconds 
 Throughput = 32.3018 opertions per second
