45432
34334
41317
49726
44665
38891
32708
40331
43399
28690
48288
37848
32191
38680
38616
32650
28711
29643
36382
38743
28849
30251
35942
40122
34728
36535
37372
33065
27170
25636
34543
32117
44520
32156
29925
37683
34807
38813
28947
34545
37579
35378
36900
33066
30905
38661
30484
27242
42763
30310
30105
35882
33358
31043
33853
36414
35165
25220
26652
32169
60205
42234
99033
47644
30415
79197
58666
49783
32629
37708
36410
36176
29690
32335
39627
28610
121490
24040
29364
86258
29748
24862
31675
37654
33432
29386
27768
34077
33517
23049
29374
38574
41732
37335
43844
30138
26823
38742
35440
36437
31392
108435
33370
29076
34417
35711
34719
44227
37808
36699
34937
26152
32772
33765
33415
33272
32316
34049
35656
34031
30258
29455
30301
30783
47518
31549
32945
35326
31147
28637
33984
29990
26645
28023
36106
40286
32035
39444
37179
37924
28508
32604
30975
29704
32137
26164
27839
30717
27894
25545
25514
21531
25723
30585
46687
35011
29154
29245
35648
29169
28936
38255
40267
26650
32944
28664
33755
31793
25831
31623
33492
28188
33686
41891
33372
28967
33185
28985
37540
25825
37428
36227
34592
34494
34722
36569
34342
37953
39558
27918
36438
31864
25620
30438
29376
34471
33054
35150
34217
108752
95386
37007
34049
40823
56954
53443
59583
102444
31237
27305
36587
28643
26802
27753
67585
38162
35755
64150
36541
43236
35357
30070
29846
31413
43674
29515
27122
34519
33036
31886
36735
28450
40800
30250
32475
41517
44616
38087
30325
38874
31210
38228
40312
31994
32384
34544
27830
37157
50559
77972
117599
45847
34132
37472
34266
32536
40733
31788
33883
40520
32497
32406
46102
37256
27349
29669
26796
34376
31620
32221
27682
29134
36366
41568
25466
31416
35791
28740
30772
38379
37811
34073
39032
42042
34552
39282
35091
32648
34308
37736
31588
43515
40935
28749
52224
31794
33996
35328
33943
30555
29081
34610
35052
30373
33776
30282
30911
39322
31547
33385
34403
33556
27404
31911
34158
33271
37794
31961
28812
35250
44697
26911
33350
41048
28701
53554
153747
39109
33334
42552
30227
28588
34573
30669
30876
31136
31892
28174
33018
37377
28028
28383
50646
59559
62399
62082
79976
33683
26752
38286
22498
27114
32063
34348
33334
33492
38516
37342
30346
43431
34114
51070
45846
53948
42771
37628
38676
32897
41379
33348
29396
33003
36823
25243
50500
39346
35050
37807
30341
27435
33901
30513
86654
32243
33779
29278
73543
34655
35790
32679
33837
34284
36663
30199
43675
32109
33842
32374
35166
27318
41657
29300
54218
37531
33305
37492
33644
38522
29026
30579
31781
29366
37875
35576
39972
27610
29439
45156
242263
30527
30398
29134
36547
34487
32957
33937
26980
28040
28212
46403
31198
29917
29121
36239
45193
37565
34726
30640
38066
40182
36095
38921
33791
30580
32476
32522
31482
32379
36918
26679
28184
26498
78002
26384
29156
37262
28399
38677
34089
40930
34504
33241
32245
29889
37355
31720
32816
28429
32937
43129
37282
28323
38711
37242
31410
31192
47152
40115
34704
32610
32209
57450
32028
35074
28531
46046
45403
50167
54927
39330
33948
35456
33522
39622
33432
35335
31653
30660
36531
40821
34667
28993
49248
32503
36360
30898
37129
27618
41571
46784
122818
41219
36092
43999
37919
41274
37014
42356
75589
35254
85582
27506
28422
33966
26890
34584
32061
33069
36486
28260
21609
34774
32013
30212
27040
30913
36845
33578
40073
33127
34603
38100
34184
37039
37043
24125
28173
32416
44517
31871
30825
46787
35899
32496
44016
32209
34790
37392
261497
92230
37316
48818
39753
41049
37078
36830
39557
71393
37730
31686
31991
25118
116680
31247
34837
39112
32410
37363
35394
35878
41308
40825
39178
30448
30706
28074
35061
32941
35059
37502
41876
30559
32624
35749
39877
48505
36030
35964
35056
37552
33754
39189
38382
34600
30658
43759
40827
37997
32152
29967
30347
36119
38444
38759
38116
34225
44013
27634
106559
49814
108522
51230
45775
34877
30247
28657
35894
30291
27345
23855
30801
27892
30384
24801
23651
28288
25486
23822
27388
28443
24226941
 Average Time : 37854 Minimum Time : 21531 Maximum Time : 261497 microseconds 
 Client 14 Average Get/Set Latency = 0.037854 seconds 
 Throughput = 26.4173 opertions per second
