64776
69500
80773
82039
72563
61996
89607
101504
70749
61192
69244
76516
109411
35458
28086
57294
313910
59191
70152
51445
55886
96669
99467
52790
39338
44222
60760
54096
52347
47056
60325
96368
107331
52376
62146
69485
74287
70716
59630
50769
50257
43182
43949
59867
65777
82538
65917
58820
53331
54378
66235
57525
56268
57650
64523
59402
64551
65692
54435
43563
155877
43283
43005
49292
50544
63920
65967
44016
45022
56858
40324
45671
74274
41995
60172
47314
42802
55234
50067
67621
65322
49194
53282
44750
46159
51969
48413
44326
54436
48072
50420
48230
56148
73269
79022
50370
59397
64058
74654
54207
73517
90602
44986
48118
61509
39901
53725
115858
40185
50672
54859
54573
58755
72291
58381
61218
68439
70579
68276
66279
43122
69350
73435
58064
66149
52295
100394
318692
50736
70651
55713
56749
60280
55194
61002
65103
45280
69610
65265
80808
76638
52546
58377
46487
50464
41667
47163
42552
60877
57274
47985
59120
55401
52936
63090
91139
57849
58145
60195
65950
53538
61898
58405
49217
35945
72124
54851
59114
69991
56471
39574
51671
63576
46872
42852
53257
42597
84027
44076
60671
50963
53222
34295
38264
76428
51429
56649
73304
71519
61754
56597
61823
136453
42544
82768
88939
56709
56716
47577
65951
70104
79277
69426
59597
52698
39289
52632
51751
54181
69406
66304
52451
48665
50127
63806
60593
57619
59557
42205
52997
48582
120745
30990
30129
50553
59355
65265
39549
74232
62271
57170
96612
54680
54703
62072
47907
45313
54647
70818
42576
55807
48205
57224
39719
73386
56372
50271
51385
47403
55335
79296
54341
39209
35019
88164
45101
82174
44919
58597
58791
50658
37552
62913
71304
44748
76689
49973
50518
64372
59012
55384
53958
106740
55530
92456
56975
60394
67404
73481
64011
67584
64495
40718
68818
78067
39184
57655
74727
52581
59892
52459
51056
70546
51423
57687
111844
46731
61895
44218
55463
54412
40894
53217
145527
49287
70318
50869
38831
48601
61266
62513
74800
65175
42747
77088
37822
37766
39471
43396
29784
19665858
 Average Time : 61455 Minimum Time : 28086 Maximum Time : 318692 microseconds 
 Client 8 Average Get/Set Latency = 0.061455 seconds 
 Throughput = 16.2721 opertions per second
