39852
63109
96297
47223
69074
51072
60149
72780
97997
58559
47858
48570
60878
59608
44158
100666
48108
348709
85667
84271
60132
45693
61437
59606
89128
37623
77738
70185
61002
54505
58517
123102
80718
58664
55449
47071
54386
60264
71048
65371
92839
63857
63296
68708
40816
57632
63059
55539
70025
80012
68996
37307
52216
48427
61291
67433
67806
55454
63976
48083
149957
32780
43171
60329
60125
45395
107267
64762
60942
33595
44499
50381
53372
57236
72804
51110
38795
52853
59181
60155
97003
54270
46599
66303
47825
46861
51065
35253
63659
43011
57122
55077
47771
41782
57511
59835
66624
55935
64289
70046
63311
36191
57342
62291
58224
55910
107743
57763
59733
49532
64144
66780
54248
81684
40406
66452
52340
73746
59344
52603
89796
58868
77458
81201
49969
56445
75500
41016
33954
39598
36322
27285
30605
23576
27452
65731
63720
67272
76433
74833
75566
46979
63067
43966
83238
80611
65507
51878
65448
135224
80827
54516
46161
35204
64378
77806
57624
41738
52442
53707
50727
61339
68001
75754
44721
60758
61106
65796
62854
54600
43673
54770
45012
46821
53928
49889
62156
56701
58008
62744
69082
56728
46810
41559
41834
57316
55575
48987
96281
63436
79169
41299
64610
127885
54652
62861
54004
47864
67858
73977
54999
57009
55448
47191
53633
47915
55787
63881
57099
82929
51412
60783
71058
68228
60400
65454
66155
49528
56499
63331
73513
68706
52885
37747
110962
27624
29981
56078
47886
60038
55358
42211
60294
42843
60507
94007
71911
44765
52074
53715
61112
52677
57778
61749
62944
50364
53157
48261
56744
51841
55125
53852
70751
72711
63506
51158
46084
51423
60815
42378
64489
51548
52394
49904
47601
58664
46554
59253
71633
55155
68535
93391
66572
49176
53439
98046
64521
63109
137425
51484
93767
60010
63173
61379
61251
156878
54371
44400
47913
76204
71684
59343
47390
46779
68318
45226
46848
53999
44061
47323
45230
65236
69412
53623
41755
135617
52525
63809
52982
46774
56706
49447
65806
43433
69015
46727
75987
40819
40866
58529
19597201
 Average Time : 61241 Minimum Time : 23576 Maximum Time : 348709 microseconds 
 Client 11 Average Get/Set Latency = 0.061241 seconds 
 Throughput = 16.3289 opertions per second
