74412
115953
52935
84899
86795
91513
77588
50939
63378
61003
53670
50451
43833
97596
49964
58403
134618
208085
90842
53305
60291
67947
55036
44765
160866
52336
54000
53916
63351
47683
112663
106527
51028
63618
60702
67893
50258
60475
38309
48664
65607
81388
67168
56167
54524
63506
70219
62805
47382
57089
73198
56097
50345
64206
52061
48815
54615
60143
47401
74259
52912
119933
52971
58026
59267
60825
43346
56733
55985
39589
56676
83433
55004
65349
82050
48996
73675
50786
51659
53807
64325
53421
42263
32651
60940
61231
74378
42281
53093
58890
53585
51895
47525
55380
47127
65452
50096
63827
79105
103204
43330
49386
57869
82824
114287
49014
46984
62872
62979
66760
74525
88506
80041
51978
68356
61988
60154
72862
55054
68146
50435
61489
57448
51023
64758
44339
37708
189698
48886
73617
47659
59214
55979
59678
58532
48373
51973
64893
48125
54679
57018
52582
84580
45431
41599
63000
62781
51090
51879
116617
63059
75849
53639
64132
48454
60379
66594
54766
51199
52109
57335
55874
68447
56083
64218
44623
58040
52183
76499
65221
44148
55340
52202
49300
57817
49430
61659
53324
59245
49065
61442
100882
76172
84612
62021
49311
72073
66024
69544
66270
127487
87003
74032
73825
42722
62405
81036
43893
62937
51359
64783
78834
63897
54153
53628
63727
69467
42703
52185
49111
60651
90215
56949
70228
56399
88194
38821
126706
58974
66742
51596
54382
49835
39962
79468
71527
55820
66101
35933
54400
84436
50918
79229
43280
40769
61968
44150
75411
51667
53724
62751
62521
67285
46792
48220
56393
39348
58715
47166
42818
90333
36643
56396
50618
75121
47592
64767
67540
61271
53386
59995
57347
59612
55657
49083
55202
99529
66698
58603
69360
57620
68005
95431
64079
59499
51872
42288
50205
39847
52301
56333
69345
98652
52998
65654
51811
49712
49977
91550
38589
108004
51291
69412
64865
55937
119219
47586
35058
70154
41328
76831
45569
74377
64700
54409
56025
48496
42932
57290
38455
41935
37218
49066
38842
33170
31039
28312
33765
30480
23904
19810619
 Average Time : 61908 Minimum Time : 23904 Maximum Time : 208085 microseconds 
 Client 24 Average Get/Set Latency = 0.061908 seconds 
 Throughput = 16.153 opertions per second
