35030
35145
32261
32470
29229
25979
25383
34012
26832
27512
24637
30367
29517
30523
23163
24031
33487
31055
24073
25257
26143
27524
24378
29025
28257
24368
40754
30049
40540
46531
46723
36037
35834
30669
26487
23997
27140
30460
28889
23650
25477
33395
30261
33946
27407
26105
26587
30512
27413
27731
28528
36980
33778
30728
25697
24368
29191
25079
31309
28577
27817
31535
26030
31711
29770
27283
37409
27667
27809
27538
25079
29121
28880
27473
23209
28846
25095
28004
29437
24547
32942
29771
21728
25170
27805
25134
28494
28901
25413
25741
30670
27506
25047
90881
27213
34855
36231
31655
27714
30896
27993
29320
27846
23532
30765
31137
22994
25041
30804
29787
38906
29803
28302
43120
25551
26637
29692
24502
28279
26195
28530
29337
29742
23988
28448
23693
24630
34726
22912
32076
38135
40622
30122
27288
22228
27943
29292
29412
22850
26611
27406
24794
30843
24457
26024
25160
24613
27578
24397
27952
28673
31030
32245
27430
27505
27468
32631
51735
27561
25121
22905
31452
37159
27818
28604
29198
37488
25366
23576
25763
27182
24998
27877
27033
27821
27793
27326
25789
25944
29698
28472
29985
27276
29499
36447
30464
30445
34545
26643
26140
22352
24894
25268
23149
24282
60184
35324
30877
28036
23068
28853
34049
55644
41204
72469
34028
31621
33056
31871
28591
27373
28789
25466
36117
30545
29059
26597
26573
27151
31989
26575
24951
24079
25784
24045
26234
26090
27578
29158
25755
27037
29935
41279
27970
35997
47105
32565
29105
28343
22816
25448
26557
69561
28872
35283
24083
26718
26386
25421
30166
29718
31403
26822
29708
28408
40755
28359
26157
24387
28612
28847
25795
23931
47864
43797
40853
44541
27609
32734
293056
28983
29776
27366
26462
28002
24339
25166
23765
125482
67130
27795
24003
24156
29671
25761
29905
28648
31412
23327
25202
33488
22868
23025
29251
26925
33387
23085
28198
27126
24881
26916
29706
32899
26716
26304
25949
69991
27814
27148
25290
27445
21755
26512
26701
29258
33751
31626
29016
25453
30748
28507
26791
23760
25607
30076
23768
23671
22948
27588
32851
33882
31535
41804
48707
33070
32499
34423
27196
29345
43621
31804
37617
27141
28810
23458
28732
24236
36826
26788
26894
27954
24640
28865
26912
35893
30865
26226
26865
31675
34573
32658
28590
30301
24956
24574
34780
25109
24784
27063
28940
28002
23083
25700
114391
31754
28603
26411
28911
29308
28109
34964
30103
27134
26483
26085
23305
26008
31604
33981
29465
29828
32770
24600
28504
33330
30065
23356
27094
28725
25468
29420
27486
75942
93275
40153
25905
33883
28224
27727
26281
25351
26908
35668
24734
27374
30285
51735
40409
57711
39494
50764
23192
24728
28518
31570
31881
28818
25361
25552
30958
45512
31780
26654
30933
29056
27873
28304
28403
26273
28136
31554
35577
25243
25159
31000
27857
27807
67227
29213
33304
27825
30495
32285
24066
35165
25019
30123
65483
37032
27025
26810
28902
27248
35791
35118
35775
30790
23911
23066
31197
25032
31093
25854
33163
26089
22595
24947
36634
26757
26778
33788
32817
28114
27237
83255
47156
36413
35794
27153
25552
25775
33235
32992
27208
29574
27107
29828
27443
28981
29491
24922
28243
26223
30955
30928
30205
41699
32726
41777
35020
31459
31601
23587
26692
27996
26565
59419
30630
28178
34751
35075
26452
33905
29261
22998
27975
29860
26500
25258
25275
29418
26064
29981
32321
32649
29292
23234
26453
35891
28612
24884
24943
30817
30616
29269
25719
27694
25021
28069
28721
27088
26880
28110
26544
27372
29195
31748
26897
22166
31537
30892
31921
22677
24252
31976
34884
31440
26851
26510
31951
30872
27440
36956
22853
26648
25816
29859
32824
27613
26667
32915
34940
29381
35831
27570
25725
25297
23648
30249
32730
33372
27122
27464
23753
27016
27910
26414
28158
25744
27248
24272
23622
36017
27880
26968
25302
26468
29459
28792
87967
26286
22854
25985
29269
29743
30843
32754
27034
30106
39986
32721
35134
61912
27477
24205
26601
24385
31764
27108
27397
29403
40484
28279
30498
29100
41803
61636
63905
56749
31688
25391
23170
25292
29751
32496
24836
29988
26131
27412
26139
48790
102254
24936
25409
69635
27638
35239
30424
25770
24367
29045
27507
30638
23643
23732
27497
36407
29208
32614
32749
34113
28848
32392
26612
27858
35599
26977
23684
25299
33413
24639
23595
30900
28216
30962
32564
27547
29085
27337
27602
23249
26711
31643
27911
27806
26367
27339
34083
25846
24515
25356
31454
24991
33865
24906
28723
38444
27245
25823
37931
23470
24431
30905
26036
56035
43826
54399
43040
36551
35268
28111
34556
30744
29818
27764
28905
27842
38672
34949
25461
25394
28633
45113
30203
25807
29596
29609
26654
30169
29494
25508
27647
26141
27462
26336
27741
25775
25568
28151
23956
26480
28773
24771
24514
35864
26195
24621
32509
40172
27192
26558
26302
29559
27659
27652
28829
27815
69778
28400
31517
29704
28531
27802
26658
29563
26062
27636
32361
26982
29924
28354
31587
31706
27186
32457
30647
34419
29749
25815
23648
31176
30721
24568
27175
30277
30397
28259
34916
28729
27216
29677
28737
26982
33459
26898
27191
27341
26647
28420
26705
34776
30730
33960
28712
29591
30171
28176
29538
26484
24906
28699
29465
25956
30971
39597
111433
28722
27740
27068
30673
30343
28784
32760
84224
26566
29335
32006
27808
26706
30724
27358
29720
33095
28939
27703
24548
29073
27134
26269
32849
30877
38387
84371
52803
54461
42835
24061
26757
25706
32997
26027
22915
33312
28626
26817
32416
29069
31021
24236
26664
29654
27079
25580
30410
31398
31974
25393
31789
25446
27921
43663
31965
30479
34172
28119
32177
30200
25956
29841
28885
32595
31448
31036
29742
32471
28631
35196
25576
29118
28765
28059
33942
32392
32420
28349
30419
28169
28758
23898
28445
278260
37528
31367
29753
28084
27109
24918
26422
28108
31530
28114
28160
32143
28226
25262
29516
29574
33220
24594
27587
26124
29824
28604
28620
25284
38506
81356
29541
30186
27532
26854
29741
27852
25579
52226
94965
35468
29117
27445
27062
27688
25342
26419
30807
31529
29239
32238
29018
27200
27415
32446
39436
31864
34755
36207
23295
30822
28909
35026
39490
31011
28162
32131
33390
25085
28487
26415
30180
26222
29858
32530
34837
24431
28982
28326
28954
30019
29591
37976
33387
30564
28393
27940
27499
28121
29199
35707
29289
32164
29870
26112
28498
25660
30121
30646
27976
33605
32135
26117
26397
33137
37518
25320
32639
34102
29473
31297
55536
30438
23478
26899
25520
24740
28616
27878
28371
72926
35279
24488
38361
29761
27398
24193
27378
29559
76616
31042
28743
33818
25995
32401
28005
28379
30404
33005
24905
26609
26983
31194
27946
32208
30838
28147
27258
38198
31326
38939
35376
29113
26931
29749
24895
24679
27768
27433
28077
28432
29068
34743
54830
49472
50510
77863
29597
32018
27738
26060
27503
33221
34403
29144
26201
35045
24572
35007
28240
26335
26364
32940
27251
54194
30054
29165
32977
35597
32779
27173
30479
32121
41553
30027
31488
29686
33225
26826
29046
39399
33123
28587
36750
29266
30839
25111
32088
34747
32762
25962
24384
40529
25823
26084
28750
29657
29457
27563
24719
26495
29988
26223
28983
28253
31544
27531
31748
30339
32467
27841
27388
30924
29906
30669
33347
27751
27622
27472
32465
35327
35856
34649
31683
28463
26893
28714
33907
26928
26426
35891
26964
33607
24595
27055
27883
27558
29835
27380
29191
24337
24651
30165
29866
25388
32154
27345
27862
25425
32250
76418
47354
50769
40376
32780
34788
30735
34628
30408
28346
25527
26845
29172
24493
28729
31292
26089
53970
40294
32503
26839
29260
27226
28785
48195
26716
28633
24220
25506
30496
24935
37112
32302
33172
28296
30111
29762
27164
25884
31472
33243
28982
29267
29424
37438
28728
31071
30931
28198
24857
28583
34096
33696
27602
34179
30554
30034
28001
25145
25157
33426
32834
32414
26795
28383
28982
45326
28730
30931
25605
26827
28340
31722
25085
36197
28455
26295
26147
26633
33063
28929
31808
26895
30078
29786
30372
26431
28124
27551
27075
28224
27637
29380
32424
32849
29659
27986
25924
30874
35223
32304
31770
36729
31293
40065780
 Average Time : 31301 Minimum Time : 21728 Maximum Time : 293056 microseconds 
 Client 6 Average Get/Set Latency = 0.031301 seconds 
 Throughput = 31.9479 opertions per second
