38532
29168
28438
25149
27011
24144
23538
31929
27342
32207
32423
26307
30767
29250
28817
28242
31733
26781
30947
27298
28116
22901
28753
34855
25419
27964
30244
27309
31130
25876
27206
27133
28491
34980
29544
32948
27743
34974
27962
32891
27423
32777
21590
31059
26485
64321
40542
41567
31965
28701
28305
30159
30631
28043
26539
29914
32850
29300
28520
29197
25499
32725
29623
31487
35076
26496
25346
31460
23511
31685
27354
31084
26253
38081
30923
29798
30007
30552
31349
28808
26748
27837
31214
28335
28432
32178
29939
30616
32113
28993
29818
29388
29780
28137
32072
32825
26564
27190
28381
31522
28189
27138
26824
32674
29701
30186
29088
30167
26269
28098
23765
31425
27940
31398
27024
43026
30956
29701
31663
28552
25936
27171
36833
34974
26515
45611
51649
40134
33549
55892
32884
24723
25679
27013
27369
29555
26875
27948
35846
27996
27950
28973
32896
33608
30651
31218
30132
29022
26459
30017
23364
26282
27350
31783
33346
29194
25314
27228
28980
33997
25063
25468
31270
32166
27280
25332
27666
28643
32742
27110
34883
28905
36382
30713
26782
30259
34748
28769
26594
28186
27470
31545
29181
27609
30083
29660
25115
25704
32796
33910
34625
32221
25514
28666
34731
30366
28386
28244
35273
30475
30006
28759
31932
31841
29538
35442
32080
27185
23760
30046
29135
30256
26340
25518
30088
24938
28135
29517
33934
31850
30448
33216
32651
31633
26075
33683
29140
26531
33716
30192
36138
29657
27910
33187
32573
36225
27420
30465
32373
31138
26147
29526
26781
37642
31340
26561
27309
32005
26333
29473
24943
30043
35910
27233
29474
29537
25759
28177
26809
29741
30084
30018
29758
25802
29309
28683
27358
28191
27831
26373
28129
29784
27074
29400
29733
27928
29121
31787
27512
30692
32026
26243
33807
27623
27839
29067
26766
31136
29459
26564
31010
31086
30135
30411
29009
27689
28842
29576
34716
33384
28347
29774
30157
30171
30085
29401
31226
31886
33714
35017
36354
27545
31694
25717
30694
31392
31826
26296
27078
28211
29553
34253
29110
32711
28782
27937
27654
30260
31995
36765
31433
31851
62743
34417
29485
26556
37350
29873
28535
30678
26484
29715
33695
29687
29614
29093
29727
28684
30822
26863
34401
26694
24785
25732
30582
29937
29001
25198
26601
34131
30702
27418
30610
27746
27251
25781
30108
26146
28082
28298
25829
30146
30646
26952
27686
29063
30321
27216
29277
28807
32458
35186
30410
26768
32092
33343
27566
27860
29750
38774
27948
27051
28116
30703
28161
30327
28298
25440
30452
30978
32607
32376
28445
29504
23543
28084
31060
29157
29432
30922
40082
30658
31334
30627
31807
27267
26829
32165
29509
25895
32821
29824
29012
28948
32099
29175
33708
38845
32359
30832
29724
26662
33116
36383
28944
34619
25916
25112
30014
30472
24800
26372
28237
32851
29581
30651
30625
27852
32388
30450
29948
30922
32120
27809
26303
31705
30122
30394
30290
27340
32552
27322
27413
31842
37449
32009
27586
28898
29875
28172
30121
32553
35273
27516
28630
27333
27235
29495
30421
34009
35263
29916
27387
27185
34707
30702
29871
29450
29408
29029
32594
30296
30211
28211
31378
30812
29999
29070
30446
27206
31211
30714
34658
32840
32036
33335
26167
25626
27291
32696
31211
32141
27636
31412
24339
34143
28989
32399
31171
26355
28298
29807
30087
32344
30146
27364
29515
29076
31240
30380
32292
29779
26285
32020
29352
31657
27386
25756
32655
235991
33204
32463
30602
34024
32265
24790
29997
32829
28427
23991
28317
28951
27020
33751
26545
30487
25219
33776
27918
24772
25005
26054
36626
29974
26874
26553
32866
31092
32346
34108
30655
28786
30399
30575
31524
32323
29535
27643
35001
29210
27553
28643
29597
30724
29221
30654
26829
28662
26641
29656
27382
34779
35592
33346
27550
50732
53026
36063
30459
28106
32788
31733
28985
31252
30276
37631
34908
29544
27363
31356
30568
30987
28834
39728
33464
31650
32413
29066
28447
27397
29114
30585
28811
27318
29306
30950
29649
30671
28558
33437
26031
35447
32102
33781
30599
32833
32519
29789
30505
27431
27133
31448
30687
28147
34098
31421
29205
32520
31545
33975
30494
32762
27095
34398
29806
27770
34461
28826
33547
30581
30032
29404
34907
32715
33478
29723
36163
23482
31755
32349
29204
28776
30258
32399
31504
32806
33181
35504
25261
31359
28188
27792
35421
31335
30867
32525
34727
27856
29699
31943
32741
31167
30738
30916
31575
29439
33144
36642
32085
25591
31098
31387
31150
28422
26881
34429
31127
29715
28151
28670
34018
30849
34018
32536
31617
25634
30380
26167
32555
29958
32985
30200
35377
29440
32170
27520
31613
32017
28999
28432
39878
31234
27621
31802
32508
29029
31624
44396
43935
35700
40907
31879
30095
29045
29596
29789
30994
28711
27286
33716
30094
30103
30001
31935
33854
30630
28270
32317
28518
29127
28763
30928
31544
28424
28334
29340
33041
31652
30154
25284
33585
36128
29732
33334
28368
45530
31126
37961
42982
43269
56268
39814
33729
41819
33783
27464
27212
37705
32546
26563
29389
31751
29064
30579
28118
34599
28481
29619
33667
24826
28861
31618
28540
30595
33487
32886
33676
32852
31167
36006
30516
31574
32914
28359
24191
32443
27598
25134
36581
31163
27403
27016
32156
28159
28798
32790
31149
29757
30539
30923
27779
28232
27172
25752
29737
32164
29202
28668
30312
31758
31175
30454
31193
30534
39221
28583
31429
30941
33856
30975
33829
35792
33890
30085
30637
31992
37134
33455
28595
28983
31273
32890
34207
30416
34826
29168
28504
36909
31544
32268
39647
35902
28006
33020
31056
32370
36405
27806
26316
45098
41373
37496
27327
26034
25807
31068
29079
31677
30313
32570
27838
27962
26582
35586
28172
29828
29908
34009
23446
36486
27005
28797
31594
34723
27657
26849
31745
30078
28773
30017
30641
27784
31104
29782
31187
27633
33751
28159
29196
31322
34365
31420
30226
30817
32700
25273
28871
28891
26848
31286
29171
28451
33440
28706
28407
30200
27369
30602
30655
28812
31830
31798
25487
26544
28662
25206
29873
31766
30723
32257
31186
31146
29863
32438
31565
28567
27558
29474
29622
30457
25892
32744
34708
30004
34225
29689
33500
33241
28057
29224
34681
29214
29317
30497
31629
36933
30865
26365
28487
35103
28674
28786
35293
26520
29153
37456
35189
33520
35355
32346
28132
35099
33826
28818
30739
28536
29627
31764
30651
31965
28448
33405
34080
30860
36151
32211
29417
30439
33271
29441
30332
29534
32939
29574
29264
32158
34082
30851
31290
35166
34114
31112
32029
26523
32420
34404
30761
31416
28226
29550
28872
30014
27572
32334
31178
25083
31577
29155
36281
28694
34975
31345
34627
31460
29501
38662
30454
34953
27116
29335
33430
35019
32242
31623
27996
28348
26850
31439
34527
26891
30007
31949
40069
30767
33459
33854
30579
33440
28644
31680
28344
33417
34204
33682
33932
37494
34156
31111
30374
27288
36169
31347
29897
29838
27383
42511
36459
29274
31751
31886
30982
29194
28349
30072
31725
31108
33137
31644
27611
28778
34910
29502
31492
35223
32863
37228
26513
30856
30513
30200
28062
25666
54666
41656
34465
31843
33855
31869
26236
32711
28905
31007
30114
30140
30439
31359
32688
28245
30344
35813
31963
30073
31949
30417
33609
30462
31581
34318
32256
35700
35417
34248
29427
32108
35002
30937
30754
34503
31219
32916
28643
34314
32047
26938
33590
34946
34829
29632
32619
35300
28381
31844
32734
29718
34189
37193
30819
33083
29901
29653
26977
30702
28114
25954
26116
35238
25403
33313
33104
33861
29890
29311
26843
31879
32154
33129
31514
30579
26339
28049
34076
29920
30568
29819
30149
27978
31509
26519
29462
29972
30227
31851
30287
30032
30894
30869
30886
33404
29649
32194
30750
33160
32612
30859
29247
28836
32339
35033
27957
31338
30663
33011
47468
31851
27870
27645
34258
36660
55219
35178
34763
25495
32520
36600
35081
31498
33309
30249
31243
31456
30780
29325
33495
32103
37497
28244
32922
34374
31097
29229
33832
35856
29412
31932
30506
30679
35089
28517
35803
32327
37788
36181
32926
32763
32142
36693
30410
33168
34304
32258
32669
38250
32254
31963
35947
33574
30540
33451
30110
31556
34898
30634
30190
29965
29308
33088
27694
27404
27165
30024
32546
34162
37055
33301
30840
31952
31593
29876
32472
27255
33890
31358
27457
70301
31007
32053
28491
33200
33785
30627
29143
33969
35062
32308
33431
31912
37288
32858
35366
34893
34168
30380
40274
31656
32096
30479
31645
34207
33516
31336
30487
31760
31591
33492
32618
32294
30410
28111
29729
31835
28680
29617
31577
214223
43179
44797
33900
31483
36517
33045
37272
28267
39997
31774
42248
28451
34350
30871
38143
32384
33384
32870
33199
32611
32207
31803
32976
28240
28970
29698
28929
32892
29134
31582
38716
34124
33809
37380
34136
33746
29694
35642
32703
29834
31891
28737
31342
35055
35186
32311
29996
36401
35011
30384
30623
32867
32804
29433
34045
28153
39806
33069
29626
34014
31602
32644
29073
31434
35483
31796
38082
34481
31448
27315
27980
33529
31754
30613
33008
35531
35587
34398
30891
40329
50223
57186
89090
40970
50593
33116
32194
35212
27902
28477
28859
29734
31878
26844
32957
49153
26408
31032
36370
29556
29510
27397
30354
29888
31311
33766
34813
32208
32214
28955
35470
28280
33215
29774
38942
27421
33151
30516
34025
31244
30223
30547
30305
31838
32003
28498
33251
33368
30367
31968
34874
29914
28831
31680
35164
33430
32347
35079
35060
31948
29947
28868
29487
31004
31195
31091
32589
32032
28678
32213
29353
29845
29065
31108
31681
28873
36724
31742
34608
29036
37483
35019
32463
29614
35508
32150
35090
31508
33585
31209
29932
33035
32073
30846
32504
29910
33202
31529
30721
36686
33352
33408
39405
32700
33016
31902
35803
33660
31744
26966
30398
30967
34105
27885
28071
36531
30136
33652
34532
33827
29908
30118
32774
32316
35899
29032
38773
31873
36115
32734
29448
30652
34147
29894
29660
35720
31162
31610
29859
29693
28882
32763
29954
33780
35596
32592
30317
34208
26396
27353
27727
34411
33134
27259
29658
31932
32855
27295
29036
33056
30594
31834
32564
30550
30210
35853
28049
38712
26193
29235
29443
29441
32174
32314
34362
33751
36983
35528
32227
36298
33047
30571
32586
37361
26761
30425
37133
28811
28286
29567
32405
30026
32028
36734
35523
31550
31659
34085
37951
28789
28628
35822
35571
27444
31964
29981
35417
35521
33232
36711
29873
39421
27980
32161
31715
28819
32242
28538
37002
30902
29138
36655
34245
32536
29360
39513
33881
35346
27840
31871
33267
32110
32318
38939
33332
27562
36730
34895
33008
33785
37001
35433
33131
28257
34717
32775
29978
37667
33093
28941
30028
29839
32454
34179
37504
35874
30357
35101
27375
32197
28561
27524
32197
33259
34486
34050
30024
30027
29890
30788
32271
38864
29824
33209
31045
35589
34387
33495
39419
35982
29510
31732
35510
30147
34204
30157
34572
31151
28603
34871
34522
30126
29031
33081
34827
55214
29747
34595
30339
30401
30289
35943
32108
28522
38097
34053
32293
34073
35286
32015
29281
29164
35352
30469
31667
32661
40007
31039
31435
30464
34199
31775
37533
38753
32302
28894
29367
36723
32827
29519
32330
30763
31975
34275
33348
37800
37192
39315
29203
35783
30653
31796
32801
33854
37421
31406
37679
41278
28442
35831
31333
35743
37721
40241
36575
32626
32541
32879
30806
33161
30136
37359
33247
33846
33340
30404
34136
27439
35000
30214
28978
32896
34406
36183
37743
35751
33239
29313
33829
32774
30830
34197
30912
34859
35076
29084
33745
32636
33793
35787
32065
33599
31665
33856
35191
32072
33907
33061
39866
36210
29226
29058
33160
29165
32869
40723
29763
31236
29550
33647
31943
31667
32822
33931
36732
30701
37154
37399
30129
33013
30913
31490
34460
33038
35652
37907
31204
31134
31737
29978
31112
31613
30424
31808
30330
36175
39606
33126
34457
35772
35052
29865
29071
27453
32653
32534
33153
33582
37922
27825
31942
40447
32425
29473
33160
37261
31786
30016
36003
33330
28943
30599
36468
31742
27326
32911
32044
32902
30753
30983
34979
32986
27826
31746
33062
31446
33973
35706
45035
34519
34371
32897
32995
31483
28509
28523
30448
31531
35780
30607
29896
33060
34229
36774
30583
33137
30898
35235
34486
33752
35620
32155
32509
32306
34648
29178
36794
30683
28425
33762
30938
36572
29344
30715
30796
29803
39432
36416
29704
33429
31810
32145
33659
29266
38002
31708
35620
31302
32218
39788
33617
30893
29410
30251
30291
37972
39053
36514
33717
38294
35290
35079
34750
33977
36655
33268
33430
35437
29534
33205
41446
31728
34141
33240
31342
31423
31415
37543
33490
31770
34583
32778
32313
31593
34602
36211
33494
33334
36173
31549
34053
30518
31464
32085
32250
29034
32563
35470
36218
36309
32466
35364
33176
35308
32219
32260
26143
37588
28793
34832
31174
33941
30849
35223
39515
32658
32511
32296
41701
33672
26949
35221
35285
30933
32338
27777
32883
41043
31260
38130
29130
30131
33986
33602
30948
35769
32257
36495
33121
30664
29387
32879
33413
34208
33961
37526
34142
31215
43071
33449
33403
35564
30593
35343
35125
32638
30772
33213
30633
36921
32906
34184
39869
35961
33678
34869
30185
30938
31294
30532
40894
30297
53261
54530
48498
59105
36570
34784
27635
31271
31612
31669
33576
35738
28739
34673
34189
36576
30890
27452
47953
32453
33098
27910
32196
30835
33300
32970
36839
33478
33146
36497
30666
30777
37546
36903
25830
33452
35527
36414
34010
30180
49197
51069
53222
42857
36272
30184
31274
33689
31645
36042
36607
31256
29869
30055
34060
35700
34981
33541
32517
32163
30361
28904
38297
32394
33079
29696
34453
34824
37793
36732
31973
33484
30044
38494
35553
31428
28335
35218
32718
31207
33476
33293
32752
32151
34823
31214
30796
30234
33024
34771
32133
37729
31915
29755
32105
31779
35663
34641
32547
39202
33571
30773
29973
36364
31868
33582
30204
32847
34498
33646
39389
30899
32664
28268
32963
35435
26038
29765
34032
30130
29678
37857
29636
31564
29297
30146
35060
34472
31598
28791
37705
30172
29218
33015
34112
35225
28388
27901
34346
30850
36961
33376
37240
35829
34801
33354
39232
32740
37162
33183
26555
28787
30221
32511
29921
31564
30706
33719
30661
30865
34906
33991
40296
30306
31758
41803
34871
34008
34201
34499
32687
37109
33518
31533
29818
35322
28532
27878
30693
28769
34560
34277
33889
41622
34671
35833
33904
34139
29987
32459
38846
31975
31675
34522
33677
33225
31721
36300
39517
34302
32453
40152
34144
37338
32209
31136
30536
33743
31052
34273
31275
34057
38097
31990
31284
34815
33100
30590
33616
36298
40317
31764
35458
35816
34658
35826
31857
35722
35641
34553
29655
36574
33668
35528
32469
36110
35014
31950
34014
38894
33060
33267
30521
35072
36548
34224
33261
36243
33008
35014
32003
33958
34562
72692
37672
81459
32430
32672
30229
28898
30845
31234
34827
32274
33108
33593
33552
32189
36460
34531
30624
34270
30344
39382
32552
32866
34418
30137
30163
36603
33475
28848
32677
35731
34180
30241
31555
32188
38107
34247
37035
40207
29403
37740
29796
32643
34589
38756
29967
31656
32663
34618
34322
37712
32162
31631
35063
33987
32909
34320
31446
36778
34279
33421
33241
32667
31902
33921
33844
30798
33336
32847
32037
34830
32134
33919
34168
35045
35258
39901
31828
32888
38235
31394
35838
31343
36559
35514
36890
43951
33520
35152
36851
33675
32688
31685
41493
29092
37477
35467
28263
34534
35083
29981
36059
34853
31651
31986
36781
31973
30590
37017
28639
34316
31204
39242
35819
32268
36634
35177
35914
36486
33143
30842
35610
41350
33969
33500
39058
33339
32559
33547
32158
31960
30533
36771
38708
33096
33038
33233
38432
37103
34178
36442
73903
39367
37598
55118
34205
38917
32057
32669
37332
33616
34188
35863
33986
33907
35690
39394
33600
41795
34893
33421
39746
32440
34221
34649
36870
32624
38292
37783
37850
32251
34347
32308
34615
35863
33667
36162
28976
32232
34714
39505
34952
34856
30630
35590
33652
32230
35886
34340
33633
31182
32466
32033
31576
33284
31651
38599
31962
32914
35726
36800
32350
32377
31225
32151
37477
44449
40311
32184
34237
37860
33417
45992
39357
35947
37433
35531
40180
32081
34802
36270
36010
31587
33931
35388
31617
30549
34369
40171
34863
34273
30484
29993
34603
36712
36549
36743
35698
37469
36202
34040
34038
33731
34407
32848
35920
28915
34515
32677
36254
41467
33914
31524
37040
32861
40042
31703
36066
33179
34186
38696
30993
30751
34727
38279
33106
32566
38277
38245
33721
34507
35318
39168
34520
37801
33204
36304
36119
37717
36995
33648
36409
35929
33893
37881
40386
33463
28216
35615
33637
35186
32835
35313
35297
31445
39675
33036
38118
35349
38846
33700
36423
36011
31013
36367
32055
29807
37857
33910
38434
36604
32384
29677
35293
33321
31095
30786
34266
36968
34499
28808
36818
34091
39561
37149
40187
36547
35481
31408
33748
34586
33559
38874
33324
34731
36713
39254
34286
31620
33170
36831
32969
38741
30651
34350
33117
36441
37699
36733
43571
33219
35876
35474
35987
33211
32276
37543
31340
32250
196676
37743
32633
38051
33691
33438
34703
40968
31497
38325
38387
35478
36706
33498
38598
31881
35332
38171
28272
34010
37160
36484
66599
54522
44614
39751
45616
36064
31626
37968
33517
33666
36105
40067
37698
39140
38052
38368
34908
35242
35617
31626
35377
35027
32628
35405
31762
33845
35037
33294
32976
37587
33891
41787
49736
38806
37240
40039
39223
33788
37961
39867
29970
35807
35268
32770
35733
35966
36903
32972
30655
34210
35794
28734
28567
30955
27176
29930
34461
39564
32758
39057
40951
35811
37766
35252
38724
37749
31408
35243
35079
37015
43096
35331
34152
36273
33919
33173
28792
38274
54515
53168
54448
39192
37809
36449
34361
33573
38731
37871
36316
33546
37334
27846
35743
35429
34064
34729
40729
36477
37124
30370
33546
37004
33385
36839
35359
38206
33106
34721
40616
34233
37615
32360
36712
31531
32576
36756
32593
37292
35096
39964
34704
35510
35465
32965
32684
31717
39074
38803
35676
38731
32530
37512
32295
35766
31546
37784
44126
36628
37625
38026
37930
40174
29733
38250
38824
34610
35772
35580
36038
35650
33979
35618
38189
36130
37891
31772
32553
29863
33265
34941
34218
35568
36748
33276
38084
36327
29245
35607
44198
37447
32779
36705
37396
34063
37413
36071
34239
36122
37055
38928
37212
34412
38323
30021
34734
39271
35762
38879
39012
31498
31307
33673
36686
34170
35926
38400
33827
32077
32937
37790
33822
35316
36883
37076
33654
38682
33770
32846
34248
36030
34585
28881
37791
38846
35700
37462
40755
34915
32776
33186
37912
30331
30938
51860
39732
39037
37220
40560
33716
32681
31477
38618
34511
42160
34857
32295
31345
37134
36064
39142
37609
34187
35569
33294
39436
35801
36339
33463
39491
34176
27829
35040
34869
33844
33291
33396
39510
37176
31441
32248
35809
35243
34616
40230
34139
31831
35644
34403
38996
34060
33640
35232
33612
39510
33926
34337
34377
38724
38357
34210
41474
33393
32486
42122
36818
36050
29850
39780
30564
37443
37658
42369
32493
34823
37631
37998
30378
31959
35959
38807
34799
33759
35044
31970
38119
36520
37722
34089
35031
36665
32737
34403
27424
33848
35959
36846
34819
34273
68571
41171
33962
37885
33398
37204
36760
37164
33626
43508
40127
35220
32856
33499
32671
33084
34535
33602
35268
36638
35648
35389
35397
33791
39608
32474
33448
44916
35275
32970
39260
36117
41383
34083
33618
39359
33325
33277
39518
35176
37737
45415
39170
35695
105786
37433
36878
37859
36558
38325
35539
31772
33699
38686
34853
34195
38147
40812
34946
36731
45989
39754
31239
41738
38403
34894
36283
34454
39761
35989
35297
35842
33338
37790
30744
34066
36509
38427
32575
31080
35954
30492
36115
39271
37263
35660
41311
36104
34589
40429
36860
37062
37235
34371
39428
36469
38065
33915
39502
36463
31907
33763
37388
35903
38381
35793
36304
34521
39539
34717
36574
48356
31324
35305
33735
37610
34443
33277
46434
40052
31812
37498
35176
32928
33183
36293
28782
37628
37898
34642
38020
37775
35599
39417
35592
37538
33878
31912
31719
37301
31953
32012
36755
33384
35303
36292
37267
36699
37180
33956
35195
30419
34983
35754
33803
33157
35437
32557
35096
37133
36922
38766
29559
35497
38396
37969
34308
34276
38815
37105
40040
36165
34714
38024
37537
37048
35984
38044
38890
34463
37303
37973
32092
35570
39937
30890
35877
38134
39844
36026
32049
33535
33473
37058
33953
37761
40560
37844
31756
37571
32178
35701
44646
27313
37005
34768
37172
38096
34843
34639
34293
31949
32786
42500
35345
33868
34190
33742
32881
35736
36309
37362
30668
37101
30556
34176
36504
39614
34464
34647
34919
37663
32422
35990
45121
36865
31120
41604
35231
34648
36771
38196
39106
37871
36071
36331
34072
36266
41735
35085
40271
34631
38096
33759
41400
37315
38139
38441
32373
31941
34355
39807
37691
35876
36844
34862
37229
33454
36388
35959
35277
39759
40118
34567
37538
38324
35664
35927
39155
29830
33700
37102
37882
42887
35241
42399
36355
36135
35078
31819
33137
34183
36615
35549
36358
42826
36962
36880
34711
34607
35789
35963
43049
34006
39739
35341
33472
53227
51876
51818
52372
42857
36580
34018
37578
39861
36715
37468
38059
31107
38497
38481
36431
27934
36595
36290
34564
36471
37652
31249
35056
1000
852
857
735
858
903
809
894
889
895
744
923
670
906
745
917
1245
960
913
496
521
452
682
487
718
1284
1034
942
965
921
934
1006
865
970
1011
918
913
929
917
922
851
619
660
429
656
674
672
677
679
440
711
706
527
652
679
637
676
569
1135
991
924
875
1126
741
672
689
748
801
772
780
964
634
469
820
711
538
713
827
687
719
570
616
413
625
569
739
711
600
619
706
663
578
748
687
718
654
742
817
780
778
660
744
753
760
758
542
674
790
779
814
914
904
966
814
805
811
964
1007
919
848
788
793
873
583
654
612
911
844
734
1004
682
867
703
723
850
765
714
687
772
802
719
771
768
783
608
723
745
587
699
750
719
733
575
742
795
758
745
683
695
917
818
743
858
865
730
672
664
513
607
662
538
762
628
866
750
748
727
754
741
923
755
737
704
737
745
780
688
726
785
828
1075
1001
1000
962
990
1008
997
971
855
801
1035
1100
1062
923
1049
950
902
957
925
729
793
831
652
1064
914
994
927
936
821
1180
1024
1025
816
723
643
697
745
566
475
719
638
648
765
897
823
872
934
873
894
844
837
906
921
795
929
887
912
773
811
895
847
904
830
788
742
813
798
532
714
734
788
788
676
1294
913
810
840
808
563
666
817
812
562
775
789
794
719
835
767
944
629
798
891
825
721
795
829
944
901
880
823
782
935
779
796
837
821
573
806
769
857
823
783
677
842
846
626
772
818
629
743
779
547
751
748
579
780
795
1051
760
1117
1094
980
1011
958
1055
992
872
693
710
806
623
700
764
888
881
711
739
635
1269
755
993
1030
780
749
551
724
2802
774
766
822
792
992
829
979
1007
812
534
749
785
928
809
874
729
920
770
766
790
605
779
835
810
810
772
866
819
822
587
780
740
814
793
788
515
765
771
798
799
623
534
684
788
773
771
893
850
892
813
1048
663
1020
819
914
794
761
753
816
820
885
549
820
827
865
871
724
1041
1071
1020
1333
830
814
748
921
989
920
795
570
747
698
818
615
918
1236
724
789
790
790
745
982
803
542
708
642
674
806
789
523
764
739
905
715
681
714
760
882
830
888
769
678
832
723
690
813
768
873
755
698
750
752
768
788
765
757
780
719
787
784
863
861
984
1004
876
986
1028
1021
1010
1044
950
1344
1019
787
747
816
856
915
543
777
831
1011
926
1121
813
812
804
561
773
791
851
1001
812
645
794
801
686
769
794
890
802
598
989
881
823
808
620
902
975
1076
1090
761
895
930
929
923
989
900
936
764
802
885
918
886
738
688
1011
767
747
746
719
702
744
754
752
748
762
832
941
801
909
849
782
806
788
789
789
786
549
782
883
821
754
791
559
800
870
824
871
796
920
802
824
807
792
825
817
818
812
993
824
811
805
830
817
850
829
643
779
1052
696
822
815
938
798
953
802
791
802
890
817
815
758
786
1078
965
721
985
1019
1052
1039
909
1059
1063
1112
1195
855
805
809
542
757
772
686
804
551
761
1054
814
828
1241
1059
1052
1069
1009
1305
1092
1080
1030
1206
1074
1027
1059
774
784
505
738
740
815
783
763
607
775
825
789
774
497
762
737
863
845
818
558
806
827
830
815
562
814
816
822
800
756
845
1141
1103
1055
1103
1065
1093
1114
961
1097
1070
1069
1187
1131
768
983
665
766
764
539
741
738
683
800
678
732
552
924
927
772
740
1181
815
816
569
780
809
654
834
817
645
802
851
829
582
691
861
718
840
584
788
718
723
819
815
651
835
823
749
869
901
813
1017
808
583
538
771
764
755
794
723
821
762
780
828
885
836
782
786
824
722
963
772
796
801
643
705
778
767
784
760
809
1080
767
1115
1076
889
769
791
875
894
952
1005
755
829
1266
1038
1204
1256
1318
1445
1006
646
1058
1113
1018
1088
1107
966
834
888
887
864
839
862
874
888
933
884
862
863
856
742
803
825
806
799
793
761
775
832
808
783
826
903
832
567
767
778
841
802
785
798
789
599
793
810
764
934
820
827
815
937
786
837
806
634
807
1277
923
810
544
767
809
840
824
670
819
1028
855
915
908
805
863
865
931
812
860
833
838
814
916
703
844
608
853
986
1210
1133
1018
1086
990
1126
1016
1080
1132
1236
1105
805
698
851
801
1014
793
816
545
683
769
804
807
795
781
1092
784
817
680
830
785
811
804
757
819
1090
843
836
876
815
648
780
779
833
868
810
882
906
904
887
1265
1140
732
799
792
764
723
786
715
772
783
781
940
868
872
1074
1042
851
1037
1069
1050
887
1062
1088
908
886
941
1092
1080
906
950
1072
923
892
956
905
937
1053
918
953
1085
1062
956
882
894
907
943
937
1102
1216
866
847
866
843
901
892
893
834
880
1028
1154
1032
1069
1249
1217
1164
936
640
1099
1065
824
853
893
872
1018
1064
630
784
799
1050
815
801
795
975
805
840
1116
781
767
787
768
767
729
822
775
854
859
1158
836
905
946
705
812
736
803
807
683
792
807
730
811
943
538
755
834
807
797
791
599
767
808
795
937
794
817
708
726
776
961
756
815
1005
845
804
886
814
857
765
892
1220
1096
1110
1140
803
528
789
820
817
818
529
764
826
856
713
776
833
624
1118
1128
1029
1091
1132
989
1135
1186
1140
996
625
614
765
488
857
787
749
641
776
490
740
749
677
768
791
924
793
736
830
799
541
533
772
712
787
790
927
720
824
816
632
790
822
817
813
731
805
793
915
707
876
879
891
720
811
816
1091
960
840
993
861
789
926
861
825
922
875
798
840
833
791
755
854
596
594
830
835
837
836
811
846
724
825
840
818
930
811
838
702
801
936
978
835
609
817
806
741
860
813
588
851
686
842
935
587
801
699
858
912
925
824
1016
1159
1151
1026
1131
1113
819
921
838
865
872
867
863
857
867
633
1014
854
833
1309
1188
997
1147
758
967
990
973
1130
917
808
819
779
878
1102
1161
1146
1147
1121
1057
1138
1143
1152
974
1206
978
778
743
767
662
777
784
766
693
743
673
777
789
942
1330
704
787
982
874
900
851
960
871
814
788
848
708
843
840
847
816
832
884
797
822
851
635
817
958
668
616
819
822
888
856
931
565
825
810
829
866
819
963
849
843
823
729
1086
876
968
831
795
794
886
784
825
800
861
837
622
569
794
869
856
593
814
1139
970
836
855
818
906
872
854
609
825
879
959
844
906
954
856
867
568
788
805
955
834
569
809
841
841
838
696
805
816
945
830
749
843
858
860
594
802
830
739
842
997
892
1408
1174
1135
1039
1155
1137
1104
1173
1183
519
728
798
531
798
796
900
996
841
822
818
717
755
811
857
840
996
794
854
846
691
891
817
838
831
846
834
1039
882
853
608
850
870
879
713
838
881
824
857
837
604
941
1169
1053
1135
1004
1204
1175
1063
1158
1152
1206
815
815
736
769
803
754
817
811
766
798
832
822
1062
800
835
1066
1184
1190
1203
1172
1084
1150
1105
1180
935
789
685
802
506
759
726
719
814
810
790
789
795
784
498
771
816
941
829
827
561
790
807
766
840
806
871
834
865
884
623
838
798
859
852
843
869
850
888
881
857
911
853
914
926
821
833
866
851
590
831
867
862
848
952
822
1180
1171
1161
1299
1168
1114
1166
827
812
986
610
695
817
801
806
802
537
810
820
1030
827
811
861
866
1059
1085
868
837
760
885
844
876
599
848
841
845
1045
861
583
814
912
869
610
825
845
852
850
606
857
885
943
870
617
838
1166
906
916
941
971
896
948
912
836
905
902
636
845
891
951
909
639
914
797
845
816
818
736
574
832
828
620
809
986
830
816
835
850
843
852
740
1021
981
843
843
579
808
823
862
836
841
835
906
872
855
851
891
874
861
600
813
803
877
862
604
817
840
915
881
629
832
824
866
860
854
934
654
849
868
655
882
835
841
962
581
845
813
866
840
590
841
817
844
912
962
865
855
1159
1077
1222
1151
1111
1031
779
833
806
826
806
855
795
789
885
814
840
840
807
807
838
870
890
816
1031
915
856
866
852
850
694
865
811
554
805
814
838
818
756
819
851
857
837
822
705
877
639
834
842
794
869
845
583
846
852
867
848
692
817
846
833
840
938
820
777
851
586
817
794
959
849
851
712
824
842
853
584
831
810
858
849
594
836
836
862
875
612
822
831
873
846
854
843
954
851
611
824
827
903
867
876
956
843
853
869
840
838
1220
836
860
838
925
978
868
605
843
856
113238071
 Average Time : 22116 Minimum Time : 413 Maximum Time : 235991 microseconds 
 Client 0 Average Get/Set Latency = 0.022116 seconds 
 Throughput = 45.2161 opertions per second
