40962
34484
27314
25886
29287
25428
28756
24642
24480
30452
33609
32119
30141
25705
24690
25826
27424
27115
27143
29872
39847
33772
36731
29523
77586
41449
35159
51728
40648
32391
26615
32098
34272
31023
29195
29489
28120
26771
27867
41110
24556
26500
25769
30668
31180
24012
22570
26788
25626
28649
32934
21938
22468
33031
24816
23611
24950
27936
34542
25019
33728
27193
29568
32420
24076
24616
26124
23103
26499
22833
28682
27706
23495
26583
27465
25678
29127
22242
24702
24585
27280
35491
27599
32172
24480
138745
29829
25338
95400
32050
39881
27922
27326
25291
27027
25613
28414
25209
25614
29148
24359
28825
34524
27896
35129
42028
27305
28728
24938
27160
28365
32385
32094
25679
34792
26856
29479
27313
24337
23298
27240
24781
27024
25960
27248
28059
23647
31957
32985
22560
28912
25866
31325
27462
24360
23636
26433
25547
27674
26220
24673
27698
31459
27961
26064
25667
29734
29114
24560
24970
28392
24446
24159
24571
36698
30531
33393
30193
33798
30201
23292
27623
24561
27464
25457
25494
25175
24709
28048
32191
23372
25774
26039
30239
23002
32024
26750
25346
35713
23857
24764
27415
29411
27586
30230
28392
55096
25466
131593
31787
39176
24838
25261
21377
24412
30207
24917
47434
41515
37086
45734
36340
26484
24381
26566
23650
31274
26077
26636
27681
32543
24934
23199
42845
32904
31128
28832
24955
28145
24451
25123
23928
26292
29091
28085
25125
25685
34247
37660
29164
33779
30169
28261
22769
30725
31769
103500
26726
26590
33690
29111
28723
29728
26707
31507
27715
25857
27248
29051
26088
25330
32173
28161
26591
27977
27268
35256
23655
23851
36979
55428
58615
35749
25967
29493
26260
26166
28384
27311
26732
186544
31294
30974
26157
27825
30408
29030
116169
33972
23196
29544
21952
24759
88637
30818
24688
27093
27371
25418
25682
30908
28408
33173
28035
24108
26241
34670
37182
27612
29055
25755
29079
29678
38539
44760
33192
27904
26678
27485
31450
31631
29687
28123
27135
25901
27472
24735
28929
27860
34964
29226
34102
26133
29211
31245
34273
33234
31305
24077
32875
27484
24573
30685
31852
28051
27311
33415
40270
26219
26660
26983
27830
31398
26538
25621
26858
22622
27359
25560
31862
26327
25937
24847
25675
24287
26199
33199
27218
25991
26891
30074
35159
24677
27081
23886
32531
25694
26241
25986
33408
27084
34307
25949
25348
29515
40689
33561
26220
24965
27915
31069
26307
32777
26763
24956
25457
25125
23702
32321
26356
26681
29800
30979
27380
27609
32372
29097
26520
26188
27179
27779
28184
97631
64958
23050
30282
43088
34714
30685
31912
29196
25372
27704
27760
29865
31989
27072
27703
45678
42725
32590
52915
53002
34456
27763
26997
22730
30199
29524
28487
27948
26824
64839
31102
29678
30149
23870
28154
22600
25274
31464
25713
26066
24587
81719
24745
31316
91949
27468
27766
27434
27391
25712
29563
29259
22409
26574
27910
27005
29190
27744
24686
28384
77341
30992
28720
26559
27889
30933
31134
31900
25693
30921
25177
25559
25753
30362
30641
31451
24528
25788
39537
27134
31580
30290
43839
48382
40696
35319
39664
36374
36396
32304
34709
33637
30371
29127
28371
24388
28430
29256
26898
24297
26045
26477
31572
40832
29991
31616
27902
23371
28797
27996
23458
34102
31277
27049
27543
25837
25626
34366
24203
37310
29492
23657
26088
28148
28777
26834
28507
24862
30102
32979
34454
24983
29405
31110
28936
23147
26349
37037
38678
28236
25259
25150
29628
30039
35110
30054
31371
28910
26427
29601
27556
29127
27038
34504
31760
31527
38289
25463
27553
28680
29786
29968
30606
26962
23966
25764
32284
29860
30888
27313
26041
25635
24849
25714
31470
30861
28116
28060
25555
36074
29838
29112
21717
26662
28343
27732
28257
40549
30485
26130
24268
25835
27269
29263
37241
28748
27479
27889
26281
27016
28723
21539
30636
27141
25887
37054
28391
28632
25032
25537
26033
30599
28951
34312
27996
33035
27961
27323
30175
30680
33587
27339
30868
34744
24447
26868
33467
27057
25330
30736
33740
33969
30494
24981
31862
32336
31823
38429
66073
68310
42453
29309
34391
28840
24823
27846
32694
23552
27040
24675
60469
27821
25162
29736
23936
116531
23634
50883
26490
33059
32070
32521
28749
26402
27886
27500
29214
26697
33671
38751
25188
27157
24394
29310
30835
25671
26539
29319
24058
23484
27346
33899
34208
25595
28029
36154
26952
25585
27920
34309
31761
24736
42735
27065
30438
37723
31039
26729
26256
28302
29519
26817
23869
31965
24486
26689
24000
35177
33521
28540
32357
29873
31276
33502
63987
45206
51696
41825
31070
31603
33966
27809
26212
24140
32155
27119
25273
25846
34641
25289
23548
31663
33690
34651
29004
25920
29340
29237
26689
29193
26420
29942
24751
28001
29215
40967
28684
25118
28134
28886
27451
25040
29248
28099
29878
23421
29315
27657
31282
25324
30946
28920
32546
25654
25868
25216
27881
97010
25371
24142
42669
28249
29369
27489
30989
24862
28297
41003
43343
26704
32677
30021
28219
32681
30674
31006
27861
24445
26053
32040
29381
25974
26371
26341
24859
24575
26330
32958
39315
28434
25390
25177
25055
32482
27331
27742
27734
31173
38831
33142
30832
35516
27256
25664
23763
27014
28960
30034
25962
27533
26469
72826
25266
28117
53923
36096
31597
36806
31972
29484
30756
33913
81763
57162
27289
35533
33803
27360
26229
27632
78495
29919
32806
27167
25559
25340
35308
47718
36963
63439
51497
65480
34937
24480
40287
28180
35462
31967
28019
28711
23702
24548
24948
39334
28792
29175
29805
25824
27147
30000
26866
28007
30246
28316
28495
23828
40567
31618
26805
25951
31488
25835
26385
23473
31644
26192
25283
31828
28358
23931
34080
27629
29375
26105
31732
36434
26236
26634
25613
30325
34912
28747
26230
39212
27152
232631
40680
78200
44254
30184
36672
28387
25901
32091
28431
25494
25899
27609
37371
26853
23937
36402
28737
26261
22278
26158
27533
30979
28625
26650
32170
46741
33285
29139
32569
30812
28238
28585
26085
28244
28910
54899
44237
50826
48217
32451
32247
24951
29931
35683
34618
27463
29844
26118
28700
27231
44398
31300
41309
26971
36203
28474
27280
31831
23980
25586
24883
24771
29518
22803
24686
27729
36397
30530
32384
32982
27249
27890
22958
33522
31008
30204
33024
32945
27500
30117
39390
33217
28441
24940
28193
29810
30895
29995
35760
29560
28978
27772
26659
25744
26368
34255
30542
30266
29119
32340
25919
26242
29877
30761
26445
26543
32575
25957
24679
28404
33145
29544
29446
32440
72857
34931
68680
28660
28081
26964
30730
31946
32991
33161
25883
29096
32251
66726
50820
30783
28046
31039
30676
29832
31654
38360
30052
32394
26452
29873
35386
32659
28854
26267
25391
28880
32796
28111
36302
31070
27995
25256
30321
29344
27163
22751
80662
32012
44762
44721
110791
45298
35938
41367
28264
30013
31334
27830
26608
30477
24066
30736
25507
28512
29797
28739
27307
34069
28374
28728
26100
30231
30258
27526
30932
30999
23896
29533
30049
27173
26245
28539
27090
30749
30465
29279
26707
28497
26969
32416
27259
26451
78837
31114
33658
26875
27722
28519
47617
26952
26714
25882
39409
29894
27851
30862
26520
28877
33872
36564
38152
35627
26609
28059
26883
29992
36630
35304
35070
40204
33332
33527
25537
25674
30614
27745
30852
28117
29476
27702
34116
29151
25735
25741
29562
35278
24438
27828
28350
32218
29054
24623
25763
29453
27914
27145
47071
31482
30645
26830
28522
28095
28469
26037
66093
42102
39006
31418
28152
38029
33762
33294
30403
31578
29884
32000
27335
27517
24819
32859
25668
25616
27263
26877
27964
27620
24160
26177
25036
29942
37255
27294
36139
40516
30602
23822
34753
29111
31166
38041
28303
27315
33432
48048
29404
33925
31271
27412
29752
36542
29086
33693
30601
27808
28205
27404
24604
31101
28616
25038
23486
30232
29464
30075
25792
23449
30590
29836
39519
29623
27576
25817
39233
33799
33598
28830
26247
25053
27856
26929
31362
34536
29867
47027
29699
30146
34252
28453
26936
30027
30660
23699
29761
30193
26064
30394
25810
26689
33176
27052
28218
24456
37124
31317
32525
32758
30664
38072
30765
33696
34044
40138833
 Average Time : 31358 Minimum Time : 21377 Maximum Time : 232631 microseconds 
 Client 0 Average Get/Set Latency = 0.031358 seconds 
 Throughput = 31.8898 opertions per second
