93571
91910
64821
56579
48079
68314
77014
65780
57908
83779
80994
53515
63731
110936
49851
45279
147132
211231
57510
87901
53116
60023
49718
40234
43654
56296
93806
70182
58642
44518
74491
81571
51701
94079
51181
61560
84204
53244
42323
66652
92851
71423
47262
46526
54760
55054
48128
71584
58042
71164
62203
43568
60887
47205
62047
49048
39579
49324
63819
60965
80209
42761
140740
69738
34752
63349
56705
50239
44446
52481
54752
42439
34674
50392
69282
61042
52386
60802
71955
65067
61516
55272
73383
60773
56551
61866
71336
72921
48906
66408
49906
68338
95701
45286
44285
46738
62044
60356
43189
81456
90249
34585
48788
79355
104771
60807
52432
119499
40421
54543
81491
59497
64804
81527
50330
61340
56607
79412
67060
59692
48959
72058
63713
94669
54850
58728
37473
41097
39764
32009
28671
53565
56185
61818
62685
58035
65032
56971
59706
50534
74608
61834
64097
62877
118539
45756
108661
44396
36211
73139
56446
50159
47635
59879
56766
88269
51525
63370
58870
54762
71566
67747
48742
44857
48141
49720
47011
69723
44229
57656
49080
53478
59723
55109
43802
62988
48276
53753
55608
45968
49973
59002
56287
63175
51385
60832
75502
94070
45933
59832
54273
67512
51385
57908
78063
69188
70467
46339
76165
55070
61251
51584
63756
62199
51699
62415
71670
67078
51927
58339
57862
76576
45206
90088
48752
63149
56215
51277
52681
43235
46360
46560
41242
89927
47036
29256
69177
48919
75264
44718
55796
76227
44397
45654
73374
50202
57388
50551
49841
50971
63598
41440
60407
69394
41971
50962
56926
41746
49542
63215
53985
50796
67181
42584
73823
66113
50532
47751
46212
68071
48586
53743
70330
44752
43548
62463
41948
68141
43099
59613
52007
55896
54924
55590
56081
53004
53105
85109
60554
92442
75680
107093
72224
57899
45430
68364
55931
42535
48327
48017
52252
48294
67804
45871
56438
69351
56640
52033
40174
59074
54647
39559
39727
40262
60387
45780
43603
58824
52992
61184
33379
40589
45971
31540
54272
50686
69308
53813
66286
46731
19167954
 Average Time : 59899 Minimum Time : 28671 Maximum Time : 211231 microseconds 
 Client 18 Average Get/Set Latency = 0.059899 seconds 
 Throughput = 16.6948 opertions per second
