47801
49542
38225
36444
31705
36021
29558
42721
34407
51915
37195
34701
30580
45285
35498
34798
29039
34440
33238
33755
34616
36308
39124
32609
38914
33606
36860
43188
34802
36674
36488
38114
29542
26475
26469
33220
31115
36667
40258
36121
33288
35658
31940
28688
29893
45331
27632
28236
33624
39428
29392
31910
29797
35358
31205
33358
31180
27896
36616
25860
53331
34838
93430
52121
34546
44857
67395
59929
38307
33158
26389
42479
27370
32714
32174
29586
29962
64659
35156
91872
40405
24035
40087
44225
28004
29927
33899
31955
30102
34266
47708
32831
30906
27101
30214
35316
31875
50719
40522
31903
30516
31251
109836
73063
38670
23757
24721
31976
36752
27935
35858
33380
31008
28271
26382
28188
33328
36808
31033
39688
31752
33155
28553
26986
32974
48108
31041
35265
38604
30511
29080
33432
40702
32034
34195
28368
39971
29941
41015
27730
27923
44075
26702
30544
34757
33971
235799
36985
38353
33996
28451
33924
32199
33367
30875
36193
33732
75470
30526
28176
27784
30167
44028
38730
25814
41271
32736
41013
31611
34027
31354
37103
38861
41186
34924
28471
37497
35888
32370
31160
29225
29330
38125
31043
40034
38980
31673
37874
31020
36088
35479
27021
23863
27693
34699
35529
30333
33315
33654
34186
57394
54433
77011
59612
36828
27995
35652
28352
29261
24985
30745
81857
41343
54081
30908
37223
34873
37682
30157
34604
33312
31998
39413
35020
34327
44859
39817
28772
43232
40554
33326
38189
31582
30849
24065
26537
38118
36108
30004
34410
33176
43441
35657
35077
31298
104153
124821
42649
35141
38319
32324
39456
38260
40320
36947
46139
33378
42167
36583
28491
34603
22455
28952
37878
52940
32337
31443
28072
38272
27554
27027
34283
25115
35809
31605
38575
34997
44449
35366
29547
29608
33189
34335
33534
37573
28322
34435
39069
40258
34833
29679
29876
31834
30993
34318
30611
34587
35064
27382
27675
33099
43918
34622
45058
35648
33053
24674
37937
28035
33802
29818
28300
42625
33302
29456
29890
37120
26565
37761
29294
31879
32222
47995
36396
28929
32088
33488
28569
28793
31866
43981
41573
36465
28009
29097
35791
29343
31392
32566
43403
26744
30427
44658
73530
62455
60203
48695
38221
34840
35010
33027
30403
27613
35700
29991
26293
34430
38316
51593
46083
35918
55388
47398
49213
43271
40140
31618
37166
37407
33179
48452
29411
30374
44256
38610
34513
37227
33830
32310
27370
33126
25164
29019
28774
72521
27776
24727
70891
28747
28682
38802
33333
32790
39655
33984
57990
43311
33084
40190
28674
55134
37645
37244
30158
38740
34163
30467
29367
33808
37714
28649
35863
36715
28174
37574
30687
29037
296780
44488
39981
37308
41598
25944
40819
45546
37418
37742
46189
34693
33669
41574
34491
30706
46384
32888
32952
34160
30609
43541
39707
32743
41789
30804
28151
151511
37794
29148
28858
40014
37585
39074
31028
25484
29475
34233
34815
40616
33673
36196
30788
29657
36036
39450
34732
31841
33219
29411
41466
32360
35268
40799
33436
35928
46028
31258
38358
27626
38509
29360
59042
81598
54562
39475
35263
29335
30545
40829
35271
36221
27959
30987
38681
44813
35225
34089
34121
37329
33298
32039
39153
29307
38364
54288
48022
76454
37364
31064
26972
29472
41167
32013
32451
39002
35576
32542
31263
38594
34702
74024
30976
28325
36772
29521
39447
38718
33266
38185
41629
30867
35204
32016
38419
32903
39988
36245
33071
27361
36374
41525
31438
30698
44011
33959
37933
40283
33112
33657
44514
32044
31155
26462
311574
135944
31532
40496
61789
40296
47654
34326
37867
39536
34650
34864
33036
30065
28984
38317
33880
34259
40729
32774
35154
38719
38574
32678
46027
32950
37685
38824
36233
37343
36211
31554
43878
38928
39395
32497
40008
34970
37600
37409
44051
34184
41606
35344
35616
33600
37330
37041
33959
30276
30290
41284
36537
39015
30092
41778
32497
28582
42370
32840
36294
35473
30163
26343
41696
44367
43884
80004
44775
36082
35225
24958
37186
33500
29961
26313
23722
25949
21979
21702
23339
26982
27910
23846
27652
24450
27809
28518
28577
24269261
 Average Time : 37920 Minimum Time : 21702 Maximum Time : 311574 microseconds 
 Client 4 Average Get/Set Latency = 0.03792 seconds 
 Throughput = 26.3713 opertions per second
