68463
70904
85555
59612
92562
75433
59823
107638
47840
76216
66689
54459
38256
101688
41577
33890
45249
311672
55762
70620
84491
51941
141544
50039
56000
56091
49887
72311
48348
47085
63686
92997
57617
69276
75977
56731
84044
74344
65145
65461
37529
41377
51283
54807
59311
66181
67457
74971
57957
77383
46108
54941
61814
45232
73401
66417
50296
37749
62729
50558
49940
47642
37549
38577
97059
63094
56375
62906
45109
46049
57494
95332
39649
70190
41894
64639
55876
54346
43414
51499
54952
49362
61300
73399
59408
68409
55273
42712
50246
49923
51255
75308
47810
57163
61393
60542
83119
42246
53326
35711
49524
64758
86702
68973
57222
54257
57757
62290
56609
134040
54421
60261
47509
54509
89642
85462
57737
54547
69997
46653
62088
58942
66876
52872
59542
71659
61338
75484
51282
205152
51041
75200
67498
80731
61095
59755
77001
66803
69354
66629
54986
57367
81672
83165
58463
69543
47744
49455
47841
49780
50426
78373
66203
64690
51310
42267
54942
70713
55722
57768
67393
67058
54025
56497
63982
52710
72553
54899
59979
76989
60008
44870
60734
44100
39811
44542
55475
58016
53756
50865
72512
50867
54021
64792
76197
56299
42169
62604
51884
56738
69083
75546
96134
89848
85429
46234
43624
75985
67996
70519
66452
64197
65595
68897
48906
47005
74277
49192
62012
70327
47357
56573
49285
49642
51170
50417
50668
64448
81782
40636
116859
33677
53884
41665
39937
54611
48342
50567
48937
55843
45070
62204
85739
42309
53139
56127
51666
38464
71399
64047
45679
45972
62658
57161
61201
57123
42905
45407
55895
61296
59500
50370
62480
57929
55596
62251
69687
64452
48648
43177
59120
47695
65510
56638
54270
67259
53470
56413
63844
39758
79717
52201
70482
72485
61593
39785
58457
103442
75672
59865
49170
61384
69604
43044
42961
64782
37655
77529
80643
53811
59380
51408
63762
61664
54641
116232
48598
108463
46543
58743
59574
111062
42736
40054
43952
46264
46552
48093
55483
48008
60892
49577
31517
52426
44930
52445
69661
46377
47591
41040
19616937
 Average Time : 61302 Minimum Time : 31517 Maximum Time : 311672 microseconds 
 Client 13 Average Get/Set Latency = 0.061302 seconds 
 Throughput = 16.3127 opertions per second
