37100
30044
24596
24271
24841
25433
33674
26790
31266
30370
25912
39783
29142
91313
26413
25794
26391
23313
24421
27308
23177
30761
28918
79627
28655
47372
48672
52298
31291
28668
26352
32208
27548
27662
32649
35234
24547
34089
34177
26203
23004
27883
27194
79456
29153
28212
24614
29165
25973
25127
29554
25251
28985
23870
24915
32883
24588
31202
33324
31715
27435
25308
22090
32543
23224
27687
30468
28194
25031
23213
33891
23875
27127
29371
24783
24207
31562
33654
39598
25419
25779
131895
68503
26525
79908
28688
26238
28583
24725
25354
25774
26578
26249
24551
34173
28268
26612
29849
29379
23217
29523
28457
23694
26859
34883
32726
34848
27287
24440
30396
27633
24077
25218
35235
41037
24631
28866
25804
24955
28862
30171
28965
27677
26142
31054
37583
30034
26350
25115
27096
26235
24484
26272
31359
27847
22202
25141
25699
28376
30061
23374
33857
28268
31102
26708
33715
30538
27396
25347
24132
30129
28087
30219
31027
36362
27972
27218
28892
27017
27614
27189
23765
25790
23218
26906
32564
26534
26687
27825
25120
25543
24204
33614
31648
30898
28724
31228
24280
25192
25009
27875
36707
26394
26330
26579
31471
24314
25827
40765
37071
29240
26340
26516
24386
34962
53121
40756
48806
50524
29320
31391
24023
24260
29939
27356
27418
22793
28032
26824
27808
27743
24781
38106
31512
30892
27816
24683
27315
27809
24846
23952
27542
32046
25876
22198
30389
31044
27424
23866
23535
28286
25155
26264
33779
32060
94826
30389
79972
29331
26428
30124
24055
26227
32640
25666
36148
24467
28375
27169
30086
26600
28350
27886
30901
23804
25258
62558
47777
44226
36247
33560
30458
24624
285890
41303
29165
27828
26237
24828
21113
25767
97919
30825
23781
32490
63465
38338
29802
29242
23278
32089
24596
25475
25708
28386
22518
25998
27036
25028
26096
26043
28610
27179
23271
22694
27751
27167
24915
27849
29951
51204
30442
26331
28422
36622
23698
26598
26999
28490
26039
26495
29336
27425
31296
24547
28203
27239
23234
32137
31327
26697
29222
29339
29949
28981
24569
29374
29413
23878
28245
23774
29833
24528
27042
24824
29794
28369
23719
27911
29778
27008
25707
26595
26949
30092
27670
27996
22940
24889
28689
22749
30587
27567
28399
33599
26117
25590
32283
31797
33036
26807
30512
28307
23873
25430
24811
27474
31153
29227
31318
117265
26393
24436
27650
30023
24891
25335
25470
26104
28160
26966
28359
29035
26348
24235
26882
32459
34593
28225
29513
24575
28142
26075
30130
22403
27874
26346
28253
35295
24080
59532
30865
25522
69142
26280
24564
22343
28856
32741
26988
32154
31919
25388
28765
28327
30391
54161
40421
55182
42935
37673
29078
28789
34335
49280
25619
25855
30477
24467
28826
32959
30562
36232
24429
31647
24736
29550
26967
37310
26218
55142
75930
59005
23720
48982
29067
30676
25496
23781
23899
30130
31188
24679
26277
30307
28710
32370
31019
30765
25102
29734
28728
35461
27443
30094
27230
23385
33018
27585
28023
28353
24269
24523
24205
27864
30345
25865
41644
23654
39190
35491
37829
30006
67192
49819
38287
42323
29895
37515
33348
27822
22003
24571
34629
28126
25992
35072
30498
27596
26240
24354
24908
23756
26689
35224
29354
28295
29193
30859
25511
32206
30698
33401
24317
25038
28821
54810
25869
29272
25271
26493
24606
25497
29624
31484
24934
24973
35024
29069
27840
33234
23188
27390
27322
25747
30934
32706
28887
28225
20986
26617
30010
28751
33140
25696
31400
26919
27170
28902
27248
27546
29554
32384
27280
28357
29717
26036
25580
32134
29865
30195
25871
24325
30019
37364
30850
28504
25212
32782
32619
26673
25050
28507
29909
25085
27758
30439
28468
28746
26593
23453
23475
36913
30319
26054
23720
31345
24003
26375
32182
32652
28252
23781
24567
24794
34610
27747
26641
24183
31905
32635
26947
30810
28325
29650
30268
32948
26232
29743
28021
23181
30130
30489
28555
24530
25154
25947
32698
25270
26934
76779
26537
22191
31337
28962
28012
31695
33567
25566
28960
29004
27998
36304
28678
25785
32066
32321
52335
32915
58829
58389
41631
35394
28542
33712
27566
24732
31799
26835
27900
24040
71296
57092
30212
25477
117955
29392
30275
29242
26442
25144
26998
27849
28985
29016
26198
29759
28116
24615
28017
26461
33047
29451
26447
24023
25790
28741
24690
27355
29372
26642
27984
25524
26232
25107
25236
26303
33785
33360
26675
31163
27928
30082
32365
26628
26949
23408
31005
26092
23834
28826
34527
23634
36103
33853
27145
26807
31561
24209
26116
28220
27429
28895
31001
35318
31894
63595
43402
35470
56217
34763
28566
30241
24950
24343
26472
29192
25546
26350
27802
30616
25519
30530
31223
23878
29760
29740
30595
26602
28544
26347
29181
30040
28521
25783
30470
24381
26127
27975
27083
25040
27046
25300
28001
33496
24058
30478
27325
24363
25289
39791
31953
27972
25988
31743
34946
30216
27990
23864
25175
90633
31636
27987
27287
33458
23840
26629
26066
31465
33223
24960
27101
30581
31435
30241
30000
26097
34239
26647
29602
28347
24815
24972
37544
35454
29705
25287
25635
28553
25162
25098
22972
39391
33544
28061
28413
25724
30435
28385
24050
30699
29033
30848
31101
29456
28437
31043
32663
27006
31203
29907
26110
30184
28284
31979
27565
25846
26061
28477
56642
36242
32721
27279
28200
34790
35877
35685
25933
27180
27601
30430
29205
99898
29287
26287
97201
35007
38716
26788
25414
28716
23369
48487
36285
62545
73446
52082
27747
27470
24376
27427
28355
33567
27569
30641
29910
22024
40882
29395
32921
33084
25392
27821
26556
28270
25453
29859
24873
29211
26582
30062
56878
28463
26447
26240
27917
23712
27241
34263
28420
27047
26882
30946
26638
29569
34297
28182
25111
24561
35360
26765
32278
26855
26498
27109
30830
28755
34350
31380
28290
38644
29188
276613
44333
30120
33120
28619
28700
26922
26842
28990
27405
24075
28252
32339
43512
27875
29447
28707
25508
25957
30826
31384
25020
30307
30141
41912
28858
31639
31869
30679
26809
27103
23589
27252
27680
57207
46043
64151
38920
33646
35693
27513
26429
30391
31481
27666
24935
25170
31801
30804
26113
24392
25351
31701
28097
27169
25957
33860
24830
27483
28168
24567
24182
24522
28986
32186
30691
34514
27119
24557
30334
31281
26983
24820
29200
29670
26000
27717
34942
32642
27215
30640
34859
36127
28029
27957
26673
25953
27805
31988
33059
27866
30107
26403
25819
24747
28831
26846
26892
23432
28716
26352
27595
24967
27040
30851
27853
29095
27715
25469
28016
29987
39411
24628
31623
29336
30060
70627
30881
26516
22897
69770
70919
31506
30728
35862
28610
27602
27689
29026
24718
35169
26607
29785
30031
28659
26398
28626
31134
24373
33730
29071
32574
33352
30477
29509
26014
31730
31822
39046
30296
29971
28440
26978
26094
28015
79086
25168
24247
26951
71800
28861
70862
45530
80048
34178
29400
32511
27584
30112
32121
33984
27334
27035
32707
30599
24376
27692
32437
30183
30440
26692
37374
35204
34191
27309
27996
33034
26438
27380
31491
28105
28260
25371
33942
26597
27515
29963
23967
25651
29225
27592
31068
32142
35645
32761
28297
32885
25101
32229
29853
35838
29861
33003
34200
29626
36750
29102
26896
27409
29812
27246
27882
25722
38677
32576
27792
25590
25451
33830
29532
30271
25253
26486
32177
36978
30008
30571
26512
25687
37767
32710
34624
27859
33042
27428
25855
33330
32627
37713
28447
28993
27939
28735
34518
25378
25657
24050
31791
26909
27449
24826
28418
35150
31485
30388
25110
31675
33899
28980
47425
49802
48540
41747
35354
34545
32347
32368
29769
31225
29483
26757
26841
29074
25247
29361
46640
24934
29516
31484
27288
25148
25975
30402
29557
38038
38434
31399
29740
33912
29471
31296
27323
29290
26685
83749
29880
26548
30573
33821
29981
27961
32175
24158
26299
28956
26151
26968
26663
29866
29968
32061
31156
31966
25611
29638
28531
26193
35118
31041
33587
27114
27156
34596
28183
43573
33119
27493
28569
28789
27687
28212
25606
26784
30146
29993
27096
29134
30906
94206
38595
27109
42854
29376
23355
31154
30594
28325
26308
26979
27204
32883
27958
31251
30086
33672
27729
29992
32230
40013819
 Average Time : 31260 Minimum Time : 20986 Maximum Time : 285890 microseconds 
 Client 5 Average Get/Set Latency = 0.03126 seconds 
 Throughput = 31.9898 opertions per second
