73285
85364
76184
54214
60258
84967
73782
50662
52627
37522
45025
47466
67046
49031
56157
99508
49892
48803
299009
82473
76301
61455
41258
58649
56573
55462
72620
56257
41280
40737
55917
77452
65180
39259
92845
104643
51887
58729
51377
70495
46377
65411
40991
76554
63542
50546
51950
55840
86012
63974
55218
41859
52120
51648
45398
62601
60532
72395
61394
45131
66982
58433
59673
60533
42939
34187
116002
75041
49044
138886
58572
58904
43781
63069
56477
40629
54323
46931
60470
48525
46749
66058
63502
43254
60038
49684
46811
59983
63907
57207
52320
46916
52432
48737
69268
58055
61172
63166
45633
42687
121498
64646
37116
95102
46183
48189
66241
114834
59569
42616
42319
57424
46823
63551
123013
88297
84059
53492
64378
69512
63830
66291
70522
63769
67772
58758
45583
356526
49762
73160
64961
57515
80631
69884
63795
83336
74956
54745
56441
67528
58645
79284
135648
37564
67425
53273
54903
62412
82455
66811
56487
64800
54181
65609
69518
50219
87487
58226
56912
62017
65121
47533
76826
37735
55302
65773
69178
68861
51166
57445
53624
56857
55376
57463
56045
45725
68669
65433
43640
56545
71003
41916
50184
55059
89776
47814
56042
54676
41748
60235
128531
56975
62600
83388
49874
49561
61359
73326
65557
42463
80376
65567
63278
55921
84687
87117
72316
60806
51540
55500
65535
52363
46131
100745
57611
34540
30450
29221
49395
47800
64223
38802
53740
73577
50159
49016
48514
47701
47968
54990
52807
66765
76034
50347
46439
43033
49066
62426
43232
55258
49546
63434
50430
53687
71270
60280
52276
50110
48178
50857
71069
43097
44239
58643
57798
73492
43258
47676
52468
35137
65635
73953
50988
42618
46876
48888
39649
53594
62606
55169
74036
56395
69879
58133
47730
68123
94990
57969
86707
69212
50602
64979
73107
49672
36987
73345
77758
52400
57705
45261
65634
56692
48447
43805
44581
42563
58528
49057
56905
62807
47517
68392
34118
42222
48742
51618
67448
64470
56353
67360
45045
45017
43685
52433
53776
56110
52876
50395
44998
36048
19605580
 Average Time : 61267 Minimum Time : 29221 Maximum Time : 356526 microseconds 
 Client 22 Average Get/Set Latency = 0.061267 seconds 
 Throughput = 16.322 opertions per second
