86171
85526
71944
64782
54052
80827
62145
47692
63406
56846
51140
74233
347325
291758
72934
107093
89569
71472
50148
42919
52608
58446
44825
64491
52833
53432
59217
115649
45178
72594
52929
70685
79859
82620
71528
61844
64182
47963
48454
56743
70892
41403
51135
60956
59875
51068
55359
76969
50596
45289
56845
62792
56262
61348
48921
49439
48355
44268
142911
74364
59535
44991
59750
42284
43891
50747
52067
54839
49595
76526
48317
49704
52954
64823
55369
47300
50686
71915
55874
69335
49816
77526
46732
52301
60173
42410
58624
102035
112830
49486
65167
42985
52072
47945
47013
68429
104310
48106
76385
73162
79260
47798
118506
34854
47081
68885
96172
53306
65079
78442
77528
77496
76518
48070
58136
51297
46873
60015
63875
47995
53066
74770
50830
206390
65672
68334
51169
58943
69091
71327
60453
41633
62712
58691
59838
79093
67255
59728
60334
122970
53152
52744
68722
43641
60010
44988
45412
52470
56695
69166
52975
55884
54264
51534
41725
56850
76018
51900
60397
62668
53758
36753
44628
56200
61682
56482
74404
44467
51166
43030
57247
56302
44810
61096
65074
53596
53121
58171
44640
56193
78969
46722
46769
63598
80885
64934
53152
63966
43750
45086
57221
47699
77840
71342
86248
69116
63356
64040
58643
74131
67542
52115
64555
70860
49362
59702
77360
47692
52386
56073
51223
50320
51748
90142
45818
40908
131382
76602
45570
59158
39977
44625
60060
60616
65615
57053
56829
62548
47306
57499
64062
64086
56272
47751
60695
66490
54274
57706
63944
59907
61675
49502
48043
54227
56143
66018
61068
51010
84304
58864
40696
42129
85811
70935
59052
46367
48423
38685
34816
54686
63831
55764
48913
41040
50795
60570
55879
78142
60560
63210
60739
54089
68003
91215
45628
61875
40212
66004
71631
61246
43275
44326
66190
61671
59636
47632
60378
47152
54826
45634
46460
155674
64868
58789
72339
46332
56673
48717
152845
48298
53422
48703
44939
69252
47796
60521
48294
40590
73723
44564
45848
39440
47026
39415
39404
36726
36284
35045
32412
25133
19785990
 Average Time : 61831 Minimum Time : 25133 Maximum Time : 347325 microseconds 
 Client 23 Average Get/Set Latency = 0.061831 seconds 
 Throughput = 16.1731 opertions per second
