46993
42952
39431
31329
49107
46360
35106
25720
28819
39483
27839
31486
42503
37485
31629
37227
29712
32362
29078
31679
47888
43861
35189
39490
36179
34753
42934
37851
40642
30480
40183
31598
35658
35440
32001
33280
32743
36066
39197
33440
35033
31042
36437
46075
26090
37144
27915
39578
36466
36108
41928
42489
42656
42281
36615
104193
46090
84115
74440
36329
44277
69307
48720
43449
33055
35833
38390
35929
29359
30180
30727
32840
28625
26649
33586
36431
80367
32947
33309
31271
40440
27616
41812
42584
39691
30723
37513
34579
42662
35922
29728
37287
28754
31847
29416
31422
30136
28600
22628
27854
104894
33287
34345
35273
45730
37914
31634
33241
39793
33013
32401
29270
31624
32496
38188
34468
33501
38671
32968
34789
35350
31498
36970
40577
29598
37552
36464
39525
39648
30368
41887
31958
35677
38894
42046
38788
39065
29601
29933
27373
32442
25780
29999
30339
26859
27356
23677
96961
43198
30357
33700
30935
37886
38622
26851
27326
32430
28823
34568
43702
41745
31550
31913
32114
32101
37414
26528
45390
37647
30336
39852
49476
27838
31722
42545
33914
28093
34595
27366
33078
30235
43718
36353
31964
29694
28752
31572
34411
38427
31908
26986
37123
26615
28610
29079
26543
26667
33541
34494
33382
28073
34389
28298
42552
55413
58982
74166
36944
30436
40341
131316
60069
49411
58961
33293
43418
33079
32906
35208
27194
35403
33541
40171
36272
36161
32492
39691
38088
36539
35111
32560
32566
32079
37986
24576
29581
31827
38926
38582
38876
36129
26597
30906
38978
31004
34129
69916
38191
27424
23435
22339
25173
30877
33238
30047
37061
26898
30920
31831
26097
39918
35020
45463
41924
25980
32471
40260
30555
30581
33997
55913
35088
34121
33641
27576
43397
39310
34487
36190
27328
40722
29607
37878
40957
30792
42753
29258
30962
33296
39743
36973
30604
30673
37066
37925
32509
50356
32808
34021
33040
34467
38862
40551
34174
27979
33658
35802
28192
38975
34388
43003
35360
39364
30340
29905
29221
31334
30084
31977
26367
33679
25074
37970
30728
25729
32739
29249
25591
30371
25039
26910
24881
24188
75046
41201
35823
36910
28862
42122
37462
26529
43983
37951
31589
36730
28407
33937
70360
54983
69140
46495
33891
31180
29137
96198
42199
35175
29991
27630
32672
32691
33108
40995
38611
45925
35184
46661
43620
30809
38977
36392
27634
28591
30149
33945
27613
30583
31836
31744
35235
32973
31550
35380
31712
34371
38164
36542
34832
26140
30750
29824
31123
31294
28237
30644
47721
32469
33193
37158
32823
30543
35176
46745
35727
44200
37012
26997
37827
33653
25932
33992
37498
33942
40666
43286
29906
34129
40889
31317
28910
33988
36417
30156
35054
303312
44514
32662
31255
30427
31474
30893
37352
33156
31864
28810
28003
29471
36603
45693
29438
33880
33372
32233
30203
34348
33551
27490
34506
34190
37674
28032
34385
33423
30717
36468
26175
25348
28477
29518
66429
32036
40053
31351
49142
37382
32198
34453
39300
36870
29611
30035
40171
38159
35157
29088
35071
40339
32738
39184
32700
34022
39154
46900
39696
32823
40553
26643
43148
30838
29870
30433
51547
44665
50008
55403
51974
32232
34927
32702
28318
35374
32660
44425
41231
32706
31853
29269
35851
31924
31248
32097
27467
29267
44039
41360
58094
119939
30689
38523
30906
29737
32626
31486
38787
29005
29004
29792
27096
103600
34157
35018
32416
40629
43725
30919
32864
39252
40233
37768
33411
45911
37216
30958
37364
38593
35403
34775
38544
37732
32859
36907
60156
28724
43746
29004
34887
33429
30750
33231
34516
37216
34790
27033
34661
35553
194254
118127
42857
42428
42230
43033
38644
32438
37734
27227
45036
101546
32818
32696
39964
25998
29322
31353
33904
28817
30257
39170
38126
33548
43709
44389
30568
33179
41152
31885
33799
35767
33359
36639
28676
28521
40657
34294
28779
37236
25637
29886
35380
36909
27084
34508
45634
40379
37016
31712
30776
33239
30268
27843
34300
29941
31580
30009
38289
35252
33796
39871
42851
99095
34039
63729
89237
51906
38611
27257
30360
33059
33601
22723
26769
23914112
 Average Time : 37365 Minimum Time : 22339 Maximum Time : 303312 microseconds 
 Client 9 Average Get/Set Latency = 0.037365 seconds 
 Throughput = 26.763 opertions per second
