42269
34315
39954
33614
28064
37691
38019
37314
37971
37131
32347
36292
33246
41289
36607
27948
35055
28474
42190
37406
30413
33431
35167
38993
37911
32589
33702
35098
39934
38549
35700
34607
34903
31601
36350
32184
33895
30445
31759
50354
27572
28681
36856
37258
31409
34342
35582
31107
34507
30606
34295
29453
32638
48564
33762
28444
36438
28040
38176
29353
26195
44366
42622
98347
51071
41798
64937
55830
43973
38560
40456
34423
30742
34166
30625
33596
68091
29745
40208
81801
32863
24569
33425
48045
31961
30867
40023
27578
29431
33138
46361
36511
30211
30042
25915
30409
28068
53121
32945
29217
36659
28594
29327
35467
27227
22345
77324
58766
34838
33401
36278
46835
41554
29857
32646
39625
39224
41420
31580
27046
32246
28656
31284
31711
34475
37066
29990
34482
40635
29671
29762
33042
45835
39506
35645
29117
29338
34041
39762
33499
29286
37956
30396
34441
28848
36300
34654
34721
28680
154075
41672
36074
28346
29909
27604
39575
30811
39416
29679
29978
32458
42028
44220
31302
33423
40313
32727
37390
28343
26538
43909
27164
30343
50592
28375
33009
29987
34595
31871
27495
29282
36005
30068
31726
36960
33808
36063
33863
41779
29016
32691
27990
40590
30660
30911
24016
25067
29701
33690
32799
32092
27181
35989
34389
36038
44829
54104
62357
74047
65202
38079
28699
25912
28414
35273
72658
51016
64897
29283
26231
44843
27733
31007
38866
36993
28872
32175
32218
29945
25513
26788
33372
27104
28443
43158
34160
27908
32860
30449
32723
34374
35712
27443
24698
38192
37420
31886
28174
35926
37086
40905
94714
48958
111765
33472
30778
33156
33641
45354
36615
23939
30660
32310
45223
28501
29759
39353
82762
31010
34377
46376
38172
45746
37386
31045
31860
40564
28678
38320
35047
29101
28197
43479
33508
27356
37765
33555
30944
30223
33270
29604
27460
45166
33897
32670
25104
39079
33446
35627
39486
28932
29031
42446
28377
27256
31939
38003
33628
38001
36871
34867
30780
39223
31692
34722
36785
38040
26572
28599
28350
30126
42515
28038
35201
32008
24192
33944
32964
35351
30295
25625
24348
33666
75048
41247
30570
32689
35931
41258
31881
33949
39382
36850
47093
28354
33479
38310
62016
52649
69244
47310
40536
27683
34834
36894
29372
23995
33735
36450
28853
29700
32506
31581
32415
39591
32726
27217
40040
46007
45851
44854
39368
33632
30006
29925
35443
33640
35814
37010
31199
39333
36083
26962
39309
35953
35995
27413
29391
31253
100344
106305
33676
52601
38908
35500
38112
34054
26423
51582
25981
33776
44029
48887
34356
28669
74459
32779
37890
35520
33995
35668
36660
41626
32018
34619
27175
33299
36326
41229
28132
34036
27321
32964
177289
44803
32323
32230
38079
32874
27890
35200
33628
29517
41197
49357
37713
47829
45720
36965
35794
31573
37959
34966
33561
28970
34970
30415
27960
32428
25411
33907
28903
34648
102116
27303
34300
61046
29581
32544
31872
40212
38853
34748
36545
28724
30225
30265
29787
27964
33829
38347
30168
32421
33736
24818
35413
42015
31248
31015
35271
30231
32602
29737
37713
33268
32521
40817
37386
38052
39018
59537
62558
74258
30889
31221
43383
26215
36902
47029
32810
60475
35073
36677
34382
31845
32321
43295
40139
27322
23727
36893
43886
46998
77487
37592
35442
36087
28156
35400
25436
33341
37378
36055
29726
29551
97017
24759
37809
30675
38235
35021
33505
31396
29264
34890
29358
33494
38618
38342
36665
33552
38197
38175
29014
36148
31808
28198
28650
30016
49258
30884
26225
38161
29548
54848
41544
35883
25368
49308
339722
115985
32176
41188
47131
31741
45091
43917
34306
30176
32128
29333
40898
95017
34409
23588
30384
34335
42794
39253
29766
38044
32555
31861
40805
34443
37830
43038
37241
33045
40471
30945
34493
32867
34957
50640
38665
38587
35335
34129
43995
26710
34902
47112
31797
29558
33610
47093
33861
39871
30850
35004
32700
30829
40564
36559
35226
32158
38054
35785
37629
31886
29505
28843
27104
26252
56982
90134
45833
33786
22853
44776
29375
26781
28560
27692
31667
25539
28529
22987
31495
24047173
 Average Time : 37573 Minimum Time : 22345 Maximum Time : 339722 microseconds 
 Client 15 Average Get/Set Latency = 0.037573 seconds 
 Throughput = 26.6149 opertions per second
