58645
56289
78055
52373
71773
56569
47052
55566
55180
67307
42185
66868
54438
54804
53483
49477
99369
49551
53079
23539
271383
74188
73095
63746
68082
53161
51430
42854
60169
83155
44474
51326
54129
64892
50246
63185
80763
99507
50475
66107
57482
52900
75349
43032
65131
61941
58219
67177
75786
55308
54564
50497
52491
109994
56243
74843
53227
64302
64556
52070
56966
52557
55502
103309
59205
28968
33805
36136
46396
55587
49910
52167
97014
62248
66950
35984
46046
62184
49018
76340
49399
57271
61786
56234
65286
57871
37310
54681
71764
58127
57471
66999
63786
40464
48312
52254
55945
60863
61868
53594
60166
53995
100432
90453
78960
43129
61749
65432
64414
54968
56175
122771
82105
56045
49496
64604
48727
55911
83394
82352
58717
75827
56794
75056
59783
62036
116115
50356
71328
276057
46915
54035
63796
51319
70452
62989
73283
58295
62660
49512
58320
49594
70718
60600
41354
82438
45651
38981
66157
68611
118308
44514
64585
70426
64532
76610
49306
62592
75228
50696
40943
52673
47325
61716
62829
60996
48522
48968
48101
55919
45055
63032
61684
50406
52671
73516
52872
52566
37284
64552
69464
47109
42023
54940
107251
78132
64850
42924
50338
85830
45490
50544
128010
43651
89997
80911
61261
48473
46188
87267
79318
55391
71017
62422
67447
64114
65636
47664
51514
102730
53070
71375
56930
59405
62241
68069
97694
97073
40018
28237
43100
54014
66959
51051
51890
45174
43724
42443
57737
56971
51009
50004
51096
49588
63512
43526
49753
56041
44839
62901
88520
45464
63927
52674
41935
46383
60817
44782
52302
69807
61232
56778
63271
67522
49014
71467
64035
40448
54852
52457
57819
39433
65796
59952
64068
52044
54167
41862
50639
54326
54219
67944
60392
62143
93243
80085
70490
93932
68262
45013
55513
60725
70050
48884
46995
41706
58016
102536
65447
69249
47091
56325
67028
62154
112010
42580
61319
65101
62475
50602
54724
49522
141070
53881
47468
53336
54157
69605
45807
49736
58820
43889
57663
46369
39342
94919
41413
34667
28955
25239
19707366
 Average Time : 61585 Minimum Time : 23539 Maximum Time : 276057 microseconds 
 Client 6 Average Get/Set Latency = 0.061585 seconds 
 Throughput = 16.2377 opertions per second
