37229
79069
105371
56376
50839
68785
69606
41799
94095
60873
59340
88523
41692
52364
112896
69585
43652
280854
78132
71347
48053
51917
70232
64045
50285
51534
46959
49624
46031
46020
63518
48815
44938
65220
76033
74523
60048
51786
64591
67626
60524
92033
47391
84543
64408
69186
40341
46767
68141
52273
60899
57782
44987
57295
69004
41620
57073
58515
41851
52374
63497
48948
43396
53972
57744
37713
46607
37113
76448
47046
54589
61877
55415
49312
72947
55900
40447
45447
64195
61080
75768
63075
53502
51707
55707
45415
50211
55753
48703
65282
53025
49089
58715
65064
53879
71886
47524
44359
88821
54960
67242
52046
106778
62638
45676
84663
51138
73204
101214
59313
47134
57018
51959
68680
72268
66677
60006
88029
91144
79295
62677
69172
78407
77374
67403
48677
63812
63117
73560
299379
74398
55208
78506
67730
66519
91525
47131
80564
50176
50254
62384
48684
52048
57593
75132
67510
64024
58981
66027
42100
56976
81488
58064
51705
53973
55584
52134
51162
53896
41478
53811
67255
43802
62173
60657
48203
54185
52391
60003
52915
58943
56342
51026
38424
51667
56043
53772
53654
55919
48659
54600
58236
62551
79344
57730
82458
56215
50388
57208
59374
59179
64994
56358
64904
83086
92470
59386
37390
62381
63471
64367
50259
64372
61469
72444
49143
48571
53002
58658
57657
50029
56866
52293
51079
47261
70663
84196
56118
81743
56671
140114
45258
94441
38131
52323
52729
47188
66625
60209
52724
55404
45827
62795
58036
67791
44731
47237
59092
59357
50048
53333
57153
43709
73020
78320
53247
46918
68489
52010
41684
49057
68462
63653
71374
70939
79627
74882
71120
61060
53642
51845
52794
41128
60664
62078
59861
37703
62368
53217
37535
44932
52365
77927
61762
64564
137556
73058
75938
57005
70475
68811
86229
60783
51945
56564
62441
76377
57580
55655
49403
65096
99684
41843
40476
38154
47692
60365
43146
63363
46511
44766
48386
89246
55823
32859
47733
46498
64330
46569
66784
72701
47011
48349
53636
64110
57725
35572
52518
55229
35015
19631964
 Average Time : 61349 Minimum Time : 32859 Maximum Time : 299379 microseconds 
 Client 12 Average Get/Set Latency = 0.061349 seconds 
 Throughput = 16.3002 opertions per second
