29805
27884
27437
30795
25325
26121
29558
57235
29034
37267
27685
28232
24742
23175
29066
22069
30077
27626
26723
23954
28636
30535
37977
231123
32244
28818
28511
25410
63508
41253
42014
82366
31994
27569
27741
24707
27698
25064
27130
28137
29113
32313
29583
28339
24919
22983
28862
31326
24080
33830
35637
26269
26840
23952
31353
33400
28387
24711
26758
24744
31291
26734
25271
32691
24362
25768
25005
26979
30517
28576
26067
26933
31438
27196
31973
25952
27787
30201
27275
21756
28078
31701
33579
23329
25458
24149
28752
31468
32007
27437
21502
27715
26659
26144
23156
26403
27827
25212
29279
23009
25374
23727
24595
24792
30179
27103
27514
22598
27032
30462
34294
29259
23971
25026
25813
33258
24553
22523
28585
21403
28662
25867
24073
24643
29508
26156
21371
25296
32090
26747
29210
30301
27768
26021
29531
27782
29343
28918
28304
22754
20484
23210
28534
32334
20503
25347
22414
24447
28649
26706
27544
25913
25113
29369
33853
25079
22060
37391
31945
25668
27802
29451
28299
33271
28645
30811
32837
27085
27897
26878
26067
27150
24546
27533
29613
26860
25725
32227
35108
36591
27844
27604
25129
25323
26758
29332
29161
28717
24767
24963
27809
30172
38045
26652
23103
26581
26133
26609
27983
27105
25770
27866
28272
29439
28870
28242
28575
23349
29310
34664
26238
24866
24578
26651
27296
38897
28734
23745
23605
25020
26643
27304
26846
26668
30894
31437
32879
27312
29157
28067
28534
29106
34352
35873
25743
77845
74409
59391
31475
26301
29174
33491
32605
25134
24851
28920
28053
32366
25885
23987
31427
30725
27905
26599
27296
28416
27503
29644
30682
27345
25125
24028
23959
30038
28337
26333
29455
29938
24431
22376
25479
30559
25541
27983
24260
28508
23989
26760
26032
43732
28828
36374
28654
25757
23536
28429
28611
25151
26007
30939
26672
29406
31807
27548
27605
25810
28967
28694
31068
26260
35566
28562
31053
22532
25921
25944
33744
29309
23820
25110
23158
23727
32994
26345
47234
34363
30183
26729
26459
28299
33342
29276
30716
29705
31176
30535
27486
26667
28174
29310
25802
31063
27987
30294
26343
22928
28266
30398
63843
24369
26492
29149
33210
56420
29389
22927
29446
25545
24989
30449
28859
26194
26496
26380
31414
28843
25468
28752
27628
24611
30028
29353
26105
26260
32149
33354
38716
28657
27263
31822
30413
24325
28791
28422
28676
27943
28619
25655
27881
34664
32733
25321
26544
31255
31331
24157
28211
28061
26670
23966
27267
27814
27004
26779
28713
30116
28145
25869
38088
31191
26640
30935
34615
28441
29611
33389
26958
25708
25213
25127
27138
26381
25597
55802
37849
37317
49599
37159
32896
25245
31910
27610
26028
24384
28553
32260
26738
29631
30365
33075
27660
25212
22882
27627
27862
24778
31886
30297
34058
26178
31145
29704
30285
27039
31884
23889
28635
28099
31263
25729
25470
30205
154484
26744
25241
25090
28703
26558
32578
34225
31053
25438
29020
26153
30385
24545
26526
23006
26292
25604
30792
29667
29932
34673
29356
27252
26841
28959
26600
26487
29350
24309
24219
25938
25008
28948
24138
208032
89077
29915
31167
30104
32001
25962
24118
27694
34846
28512
26181
27480
31291
28089
27249
29194
28828
24184
30593
24283
25823
28082
27742
30241
30545
35725
27686
27587
26005
27022
35432
28374
29695
28595
29546
29716
31688
30908
30039
27108
30345
29831
25316
28984
22958
27947
26020
32364
31446
26158
31965
34519
26906
26676
24104
27391
29768
30652
27640
29479
28375
25004
27143
27258
34321
33252
30045
24861
26519
33263
41402
26310
31767
30689
27416
29618
30511
39084
32000
27552
25577
30128
28568
24489
26623
30091
27827
26905
26234
28277
25092
27455
29943
26968
33662
29009
32255
30134
30072
29402
27015
27103
29547
25013
23089
26146
26043
29310
34030
27455
61308
30954
24437
25686
30052
27969
26118
24563
27596
23994
30120
27614
28771
25821
34219
26165
27923
23942
31377
30438
28908
25426
27736
35804
30748
24728
24120
34175
28562
34206
34372
32510
25690
34697
31748
32277
26719
28728
27254
30296
32615
44594
40681
50016
48346
29692
30573
27665
33417
26106
31252
24955
26875
25091
33395
23747
37277
34556
27833
33467
27909
27775
26787
28242
35659
29434
29643
29272
23016
23148
29249
28310
26465
28803
29022
24951
29539
25806
24652
27503
27227
30893
25434
27934
24533
28444
32580
30837
27691
33876
25946
25553
28851
27526
33708
34399
28697
26040
39790
29234
25309
27165
32783
23050
26001
32144
28522
29075
29783
25461
27438
41403
26537
29163
25635
33539
25220
23263
26883
31501
35539
28869
28715
30859
36238
25904
32737
22077
27704
34509
32624
23983
28965
30204
28648
27016
24784
28561
30522
25373
28379
30331
28995
27045
29454
25961
30315
34178
26290
89653
34321
31871
33287
26104
39357
35754
30183
25371
25223
33256
33851
26786
31610
29795
32350
26514
25715
27249
27505
26049
31044
29032
27963
30773
27118
26751
26068
25651
24751
27781
26687
25999
33268
27435
26877
30152
36824
30490
29994
27801
27740
28040
25869
28359
27464
29713
26314
93602
52467
35137
49313
32190
21549
27524
29050
33415
29114
25123
31114
27509
27978
26942
27958
30470
27661
27662
30171
28410
30111
30492
25346
32465
24647
21770
28904
30136
30275
29975
35268
27906
29156
23611
26159
23674
29776
30856
27533
30722
25836
27447
29921
27136
30909
33825
25339
32355
27767
27713
31398
25482
29263
29586
30928
26862
25567
28612
27222
28378
26640
28133
28966
32661
25903
30430
29031
28878
28123
24950
25821
28727
30465
30132
31502
28336
29344
26838
28114
25238
31489
25581
25154
26785
28799
31190
25570
30508
33957
36455
27573
25519
27987
32197
32849
34405
32287
31517
26059
32969
31718
32149
74570
35453
29099
31224
28840
28946
42841
27533
25164
26457
25194
25283
27763
30510
32056
29965
26632
31936
34319
30793
30582
27553
30088
33664
27210
26072
25718
33075
30380
30217
30121
30559
26916
31057
29910
32557
31794
31647
27040
35383
29582
29581
27298
33705
32024
28410
30854
32458
29535
29302
29467
28243
30149
27712
24283
22736
26037
26196
26007
28222
27891
29754
26430
25054
25083
29161
26594
26559
24733
30762
33283
29518
28832
30363
34338
26691
24895
27422
25644
31875
27631
30237
31029
31626
25618
26352
29795
32818
29991
24265
33504
28351
28649
31284
29809
27911
32771
27962
31924
28421
28394
25787
29715
26395
34947
28855
23970
29009
31849
33277
27582
25675
27555
28902
36584
26741
26716
27027
27051
31193
24035
29992
29842
25822
29439
26272
29875
31678
32039
24613
32024
29152
25739
24966
24596
29695
28175
29370
25882
44211
34073
38100
47753
46313
44266
35219
26397
29320
29402
31187
33917
34865
29446
32788
29542
28535
32344
30416
31773
29302
28711
25428
32461
33678
29008
35040
68598
25635
29245
34785
28102
29824
30909
32207
39442
31382
29822
31821
27530
26619
28190
29242
28697
30015
31117
29456
34504
32471
29092
33470
28191
27244
26262
36905
28045
30457
30547
33042
30160
23820
33237
33453
26386
30190
25622
30403
28535
28736
23441
26471
32221
26026
29956
27444
28169
26036
29942
27207
29336
31056
34781
29196
32933
32697
23842
26098
37835
34378
36157
27256
28736
32552
29046
30842
29480
28543
28451
25399
29543
27202
33781
31870
29384
27740
32188
30229
32954
25732
33014
25321
30662
33310
39006
29574
28429
27063
32771
29602
34078
24919
35800
29032
37225
32822
38346
32490
28240
31155
35349
81513
60781
41134
37035
28005
27362
27429
29734
31595
30247
26890
28026
30987
32971
29998
31107
34554
28688
28601
27207
32737
31933
30425
31834
33713
34591
26455
26491
43327
35558
29125
25927
31923
26927
28205
29508
32659
32619
32985
32851
28569
26101
26258
26544
29960
33293
28543
32139
28246
40000
29377
28461
31056
27572
35646
26195
26627
35470
31408
33059
31594
28847
27832
32260
32249
30855
29962
28163
26724
29722
35019
29013
24453
29179
29536
25237
30696
30206
27975
27469
26454
32632
36692
36670
88560
33394
30483
27550
31612
24886
32208
28160
28730
25335
28264
27038
28677
30545
31930
27116
29889
29929
28526
31615
34277
28375
32086
33776
24396
31870
30051
24342
31967
34199
28878
25497
35172
33678
26148
22296
23625
27419
31935
26285
28390
33498
31303
25592
24765
27297
30608
29408
31547
28134
24142
30446
29815
34085
27704
28735
24403
29454
34146
30237
27331
30939
25808
29818
35860
32230
31193
27387
31204
29622
30465
29813
32415
30066
33550
30496
33659
26814
26648
29780
31502
29609
24092
29324
33041
28182
27194
29617
28249
29006
24126
29692
33499
36079
30786
30090
29166
27181
40001
27459
33179
33852
24422
30389
31763
27693
26574
26767
28329
32006
28548
28200
29674
27496
27116
26455
28105
24513
28723
27532
27395
29198
29695
26497
26483
31747
31826
30326
30276
27954
30884
29545
30001
29387
27344
28450
35012
25510
24508
30916
32530
27358
27573
27099
29053
26161
34778
25268
24628
31294
31780
30615
28776
34230
31392
29411
27213
35523
31977
28407
28906
29682
31479
31164
36116
34931
28948
24570
26455
32965
32586
33791
31177
30036
27619
28736
25785
31858
28385
43286
36286
57065
43872
31278
32820
35869
25452
31823
37773
36868
35961
25697
29832
26429
30694
37678
33989
33102
28874
33303
24211
27079
26860
27578
27691
28612
32538
26807
29507
31177
31093
29421
34638
24540
33294
28380
31137
28555
28025
28617
32936
30254
31473
31161
25859
28403
29780
26897
74741
31290
28197
30333
34963
33848
35682
32383
30836
32489
28773
30205
27729
28536
29813
32447
31108
27866
29311
27894
29397
29398
28436
26694
33766
35127
27512
63294
42316
33130
27151
28329
26340
41156
31642
32714
28514
29042
30011
32051
26755
26355
33234
37174
26426
29801
65740
29928
32677
33757
34305
32960
26349
28132
30274
33948
25354
27658
33888
29239
31808
24653
33066
33693
29332
29273
29996
32920
33301
42361
60994
39889
49579
33119
30897
27285
31429
30157
32818
30380
27875
29831
29885
29508
33076
28605
25781
29911
29317
31784
26997
38103
33558
33033
31137
25636
25124
29595
32613
27999
22506
30580
28026
29452
27990
28463
32093
26389
30091
30770
28531
36638
29533
32545
33006
27859
25331
34790
33451
24951
28425
35356
30644
34202
27722
27501
27303
26661
25024
27899
31667
34171
28234
29795
36760
29666
27336
33899
24307
30651
25307
27306
25414
31170
32569
36161
34610
34683
29175
27288
27846
30549
34251
37083
26171
35191
37436
34426
34601
38597
28589
25978
31267
28898
26739
31763
29747
41063
37407
27002
32198
32607
27271
30314
29384
37519
36478
33301
30591
35882
29672
29957
31086
24991
32903
25618
27137
35103
28837
29925
26117
39198
32450
39289
33963
27509
25593
28604
27592
32096
31764
28973
30249
30738
26448
26425
29795
28323
26265
32898
25765
26398
29388
30512
31418
28272
33796
33919
24944
27462
28941
30236
29772
31992
32119
28475
29163
30097
32463
28502
25744
33338
28243
36944
29887
29136
35333
30048
32896
28676
27110
32223
27955
28502
30218
32504
25801
29600
27911
30122
27772
26613
27608
26976
30024
32251
29753
29543
35771
31410
33753
32210
29573
27345
29948
25352
34492
29139
27676
30471
36028
31225
27492
28481
32560
25081
28836
27408
28062
30974
28124
30258
29717
33196
31057
27731
25709
29805
28033
28605
34521
32313
34646
29177
35482
32820
28056
29327
24968
33979
29337
31484
32840
30410
26039
34118
28830
33240
27492
28309
30419
29376
25432
25898
29071
33410
38001
28863
100045
34792
30807
29182
32396
26711
29865
29300
29483
29945
28989
28766
28884
28045
32927
30972
31829
26157
32058
30467
29573
34648
29731
25174
26765
30538
40053
45647
48158
42483
35549
36538
31152
33933
27459
35419
26601
30684
29870
78836
69805
102699
33125
31711
30346
31639
34096
28086
31972
31235
34271
29833
29748
28592
26851
32374
26452
31613
41953
30427
28750
25199
34245
31236
28449
28788
29400
30986
28015
27819
29326
25520
31553
30153
30669
30740
27146
32918
29502
34763
28376
31559
30397
29001
31644
30608
30754
28431
30893
29434
27272
32459
28549
32278
27483
43020
32838
30382
28887
30427
35408
55774
32970
33493
40601
34019
37896
36626
40358
32268
25241
27017
27096
34749
30560
26235
27837
30423
34690
32320
31987
34620
59613
96452
52762
35240
25578
32564
28863
29190
28623
43029
36875
34544
28096
31057
30998
32791
31190
26519
31433
28139
27361
27123
29461
28011
34230
31493
35412
30418
36268
28965
31471
28330
32069
30067
36257
37651
39666
30512
28006
35210
27633
27952
27776
37157
27998
26101
32140
34270
32237
25162
30279
33275
38318
31403
28368
29492
32038
30393
27403
29461
24991
26389
30847
32083
27989
40400
29337
24774
30555
40330
33187
32015
35710
28371
33064
35493
32016
36864
33480
36870
35295
30859
31233
33888
29422
31399
36410
30268
30266
29652
29432
34091
26003
35467
33929
31756
29858
27217
29951
33098
29153
28284
34984
31420
34776
34281
29665
32673
27608
28425
29730
30952
32832
30447
28593
38520
31870
24997
27600
34844
27477
27690
26893
34854
29124
31337
32494
35286
32897
27727
29558
36533
29211
31935
33872
32374
29889
31641
24423
34158
30733
32174
32440
33567
29864
27305
34415
36716
33617
30585
32918
28071
30801
29558
25635
29773
29565
34999
32410
30709
39060
36112
32542
44081
32028
29541
38852
29786
30749
32268
34052
30982
27262
33989
28950
32597
32104
36802
31423
28957
28073
27296
29814
40444
30159
29567
33204
30181
26671
28251
35177
36610
35656
27158
31587
31825
26810
31020
30445
38394
33165
30945
34265
31391
31426
35319
29576
30155
29826
27927
29017
31846
29089
33354
30375
25959
30869
38985
36212
31184
35231
34917
26749
30062
34327
32695
28907
73567
32916
40730
34174
33144
39546
30644
43269
34753
31060
32385
33670
27639
30452
30566
27376
32154
28718
26315
31535
33659
31451
31295
28767
32911
27072
30755
31605
33633
29401
32906
30448
39515
29465
31219
27638
36613
31644
34030
32061
27203
28825
28496
28341
43244
27622
115041
29763
31666
32845
27142
35898
27691
34381
26980
27636
31640
30668
31330
29566
33878
29829
29495
32241
29934
32481
35125
74673
65109
47920
38861
27840
31397
29101
31812
30377
31841
32313
27118
30974
28662
36377
29578
26891
28516
30448
28915
33285
29969
29398
32657
29602
31225
32194
32469
35092
31893
30990
34249
26417
28098
32799
25434
30957
31909
35373
32221
30820
26369
28993
27759
31615
26211
30436
31551
35399
34338
35506
41848
31477
30479
29869
37936
24709
30912
30277
30081
29395
30113
28987
27520
36903
35269
31639
39511
118043
33547
26241
30106
33013
34059
92477
53799
64664
35008
34962
30895
30863
32706
31205
34193
32651
35886
27203
32722
34941
30262
30383
33191
31166
26188
27732
29323
35156
27237
32491
32623
35257
30745
29499
30831
32451
30619
31731
32782
33423
31569
29648
29495
32484
31198
29802
33573
34747
30048
29435
36040
35156
28190
26469
31779
30085
27312
35834
28781
33698
30612
28570
29271
38041
32282
28303
30902
36450
33371
31002
40622
32491
30744
29607
24961
34246
38828
26768
34649
31855
33833
32020
34469
29995
29461
33752
32322
41006
34038
34775
39693
30315
38978
26088
34049
27102
31628
41046
28750
31111
31293
41730
27760
29544
29339
30884
30577
31341
30953
29442
30785
31812
29381
30004
31056
27542
34130
33290
29101
37312
33793
28959
25796
31496
33207
32131
25789
30785
29733
30730
33042
28823
32446
28976
30667
34449
26866
25864
36817
30913
34343
29025
30661
28842
30829
33102
32198
27383
35463
28233
30289
30409
28439
28371
30278
29813
30107
28381
35376
33558
27804
27687
36781
29776
30204
28697
29558
28696
32765
31558
35288
29673
24690
36024
33351
27528
30646
33650
37886
29893
32022
32217
30801
30732
30852
32208
32733
32317
28283
31350
34504
33303
29571
42079
31009
31997
34697
35112
27039
30411
28938
34334
30945
35350
27189
34836
34471
33454
33208
34177
29477
28590
26832
38528
28260
29568
32494
33222
29587
30003
33989
32472
30247
30040
28556
30265
32739
29736
32998
28639
29055
29845
30637
38107
27924
30110
30108
35116
33861
28213
32187
32789
29737
34589
35800
28371
31342
31359
30963
41436
32653
30402
37410
34868
30451
28805
30939
30641
26072
28981
30811
39363
29182
29812
33720
36045
30027
28186
34157
37325
29506
31247
35161
30551
30509
30452
32886
64345
79229552
 Average Time : 30949 Minimum Time : 20484 Maximum Time : 231123 microseconds 
 Client 1 Average Get/Set Latency = 0.030949 seconds 
 Throughput = 32.3112 opertions per second
