70312
88449
82086
86955
54112
49450
54541
64031
74776
74751
58057
50242
46183
316560
245235
75540
58087
55937
60880
67871
49301
61415
40466
51410
48382
46425
71136
37716
51506
51502
67336
80720
98126
45765
47675
59996
76515
59588
66326
49226
62214
55263
70234
66759
71684
94932
64571
58422
59218
64893
53834
49390
61624
55406
59488
54092
38955
52768
69492
58135
66711
129662
42986
58244
52799
114982
44116
55714
37618
31146
48934
52611
43108
50948
51565
60173
50526
45325
65808
46007
41134
54117
75696
47126
43203
46275
59555
55684
73443
51373
51339
53613
56455
64530
54074
91313
62793
61103
43826
70099
100190
47067
48247
73772
60758
61610
65484
40078
45209
56108
52867
50901
111116
85176
86785
75056
63052
50668
71345
56382
71325
54553
67988
52007
60265
55967
61364
55149
33029
27635
33761
30241
26271
26720
39855
56694
49717
78241
73823
83769
74782
49109
52891
62739
60809
51740
58307
59910
63828
44105
42870
97911
76164
125720
65486
60984
57617
60685
45972
72554
59121
58873
56678
52492
64669
48402
62585
47730
62888
50349
58362
40749
58153
51681
50309
64864
62204
48697
64244
49818
53950
50090
72063
49101
86145
53030
56547
65572
74650
60885
44158
53877
77053
59959
61236
118689
43180
97852
75374
72693
63868
61101
70563
49614
73092
53827
81899
65055
70321
67345
60551
49043
75917
58380
48628
55386
45522
59712
52981
56736
74067
47989
36303
122973
38129
39009
52119
66978
51969
45992
44774
77119
29705
65216
47348
64611
55093
54403
54329
59410
77217
47829
35761
68421
47376
61329
64671
51744
59337
65202
49813
41183
51415
58990
63536
60977
44802
60629
54950
48809
54023
42564
55137
50332
65933
52900
58734
59436
57414
77090
45774
84146
41340
65626
39267
63059
68984
58731
50309
123334
94368
56536
40366
66717
67449
41435
55518
86374
66669
53936
53761
61644
34149
63473
53579
49191
63710
60688
113010
94417
42987
48484
61515
43134
47100
48279
58294
42605
33300
30644
60341
52816
47774
58403
64546
46137
68076
55865
45700
42898
19436184
 Average Time : 60738 Minimum Time : 26271 Maximum Time : 316560 microseconds 
 Client 10 Average Get/Set Latency = 0.060738 seconds 
 Throughput = 16.4642 opertions per second
