46817
31999
34678
35411
33712
40152
37992
47899
36554
36684
29773
34377
34658
26513
39574
28222
30170
38481
39365
32569
34090
37185
37783
37353
30358
35559
32312
39792
38199
28347
38982
39565
26195
34440
40892
24281
32946
31051
41352
30154
31189
42093
44483
27591
33706
29846
36067
28833
34383
30512
29472
34495
45700
31582
34304
30583
34860
40031
35221
27292
79501
42250
96315
53553
31311
66534
45762
30589
49350
34436
31333
42052
28975
30393
66768
37580
25854
25620
30073
30037
73382
30926
33001
30855
24812
29621
34409
37312
27432
40801
32936
33442
29072
31358
35695
33216
38613
41763
33270
29705
33338
85731
112192
71812
35049
25308
38264
29387
32046
33458
35553
42317
33890
32991
32375
35576
27242
34349
30648
28660
38960
37167
42947
32902
29453
31002
26746
37552
38146
35384
35767
28578
28258
29277
36161
32793
38134
29157
30304
30911
34921
34710
32636
39141
29159
30349
30103
29783
26593
24038
25432
24471
24193
33970
50130
30500
25065
31119
38594
32769
27674
41157
37105
31044
35784
27683
41876
39421
36163
36924
32238
28976
30784
32226
30624
41017
33120
34507
29113
41887
35875
35755
34160
36188
30342
42305
30781
33189
29078
36729
37150
36538
28981
34420
32440
33173
32337
26544
35824
26913
32451
27817
93630
32942
32187
35132
50714
47854
67788
72807
30643
54632
30207
28280
26338
72496
58920
47410
62721
41825
35286
38590
38872
33467
31873
31453
30854
37377
35216
31532
31096
42178
30564
52450
26968
51316
38732
32434
30159
26667
34249
42519
35832
36598
34281
28217
36930
35917
32851
80604
31556
35143
27992
25532
36223
27705
41053
32527
27447
40064
28865
41260
30347
28572
38192
36194
50552
33696
27464
34109
28576
30844
34562
33130
32286
37888
36464
35081
33508
39352
36540
32798
38917
31900
26825
33402
32315
40880
36687
38819
33813
33372
31001
31228
37316
29574
34883
29622
39157
34764
33306
30277
30471
27944
32267
32926
31311
37234
30375
29151
30883
40491
43760
36751
43643
38666
36964
36803
35303
35266
26691
32692
34190
31473
65473
33607
35789
37396
25729
25826
34417
118758
36987
28667
48099
37231
31704
27475
37211
40633
31544
35769
32632
31958
34977
30934
40603
73272
54175
34436
53502
31314
36987
39522
36168
29547
35812
41028
33984
31821
28064
41211
38998
32626
36179
34032
51951
45287
54332
41918
41504
41225
31378
42276
41585
33024
31516
31073
33138
26957
38240
26140
38297
29133
35867
34801
37501
100522
110152
25454
23529
32578
44823
31750
37946
37277
34411
35989
27689
31924
43095
25103
37830
29240
39721
37033
30579
33992
34504
34193
31945
34609
36691
41161
30451
40196
31569
29826
32044
34661
40845
31005
24833
22295
27242
25751
26845
26736
19785
31994
25500
44374
30352
36386
43097
48149
31330
34028
33686
34985
38259
31187
36376
27590
36361
35704
28623
25604
29431
29244
38456
41998
39693
30348
32304
36761
59079
29092
26282
29234
25109
28232
29991
34015
65830
34861
34418
36004
38693
34836
25379
35932
35651
33338
36388
31807
30992
32352
33001
37070
42588
34487
31528
39288
38526
28112
38079
45891
25342
40468
27425
28050
29054
43187
28442
34490
65173
37452
59290
40821
94059
38233
34015
39816
36434
29781
30978
30855
33152
30941
41052
39221
37761
34365
32488
32212
42125
35090
35562
61779
47461
75099
29774
30574
33628
33560
36992
36264
33778
33378
42773
30686
31732
30642
22713
71830
31991
28455
34635
27683
42436
40618
36501
39495
37151
32328
37605
35266
33427
29285
25913
33107
32770
39456
33283
32864
40034
36693
27158
43261
52802
30685
46156
33423
31431
30657
35640
28085
32518
25764
272713
135476
40211
35680
40880
32288
33190
40110
33946
29929
44470
38609
34869
91620
38183
28654
28831
35189
35477
30581
29881
36766
45316
30040
34161
29306
30511
40676
34273
34913
45879
31584
39299
29838
33511
32560
36372
41349
34836
40273
38014
35521
32628
37034
33566
34669
30097
33534
34898
27893
30340
33039
36447
37708
36622
39629
36711
30111
28847
38389
29680
37365
27932
103254
28799
98440
62973
36837
38564
27263
23771399
 Average Time : 37142 Minimum Time : 19785 Maximum Time : 272713 microseconds 
 Client 3 Average Get/Set Latency = 0.037142 seconds 
 Throughput = 26.9237 opertions per second
