94948
99551
57799
47901
61406
64263
66489
61329
47079
62092
59080
62169
66886
298024
244139
82663
49319
74460
66068
69549
55729
34273
51255
50708
60689
57609
58042
66736
61272
127977
81471
61288
51200
57574
47081
47455
66971
70913
62462
60017
67876
70135
45794
54018
45082
55398
43065
57537
55329
53954
47105
49287
51196
47132
73213
60176
54222
42517
52194
77456
62292
42381
117723
42786
48289
46362
71577
50732
58923
41091
116754
56006
52954
70875
58466
77727
61892
74319
60639
45830
62708
52146
43904
50437
49055
44405
58290
55113
63793
60828
51067
53195
48284
49873
50233
61465
66093
57374
94215
101360
54074
55477
50664
72797
55869
47777
49887
40123
45432
54277
71593
57544
47783
83268
94033
39659
73129
59526
72004
50506
56242
48861
75086
55989
47590
54058
44311
52522
49164
215960
61900
85141
68397
39485
82203
58345
70669
74934
53493
56700
84493
53431
52435
39407
80279
68303
67823
46225
45287
58665
48522
59110
49459
65036
48465
73172
56152
58042
52081
52123
63493
55833
70324
50024
67705
62854
69289
57076
46329
56987
45560
56396
94152
50542
63649
65801
53232
54111
58666
44768
56277
72182
63828
90810
63120
72090
50546
67697
122336
79469
119465
86629
66978
48975
52309
74246
66993
84815
52758
53805
47424
86274
64412
58806
64597
64458
58193
52720
85021
56962
60953
48978
54761
60339
51569
42041
37834
43421
132737
47172
59543
82252
54116
62157
59449
45057
48033
54524
66176
79678
71293
44801
85083
50671
57832
64420
52319
54379
34647
38705
52054
53567
53529
46589
45892
57413
44125
44875
67100
51118
47897
54732
52225
71539
46469
71830
43905
45545
61640
50311
44145
61163
54874
79040
63926
58434
49811
49080
85024
45549
58326
52450
42631
52652
79589
93370
56237
51617
48829
53206
51208
74192
49584
43274
63615
50395
68696
44178
79360
51526
51962
59208
62295
48473
51674
46332
38838
52018
54171
40623
59146
116844
30371
120042
39233
53538
75605
53068
49131
50681
45156
58547
57212
47008
58391
54099
41932
49886
42758
25882
19653446
 Average Time : 61417 Minimum Time : 25882 Maximum Time : 298024 microseconds 
 Client 28 Average Get/Set Latency = 0.061417 seconds 
 Throughput = 16.2821 opertions per second
