92174
121329
67216
66973
56449
94744
46364
78539
64016
46977
45944
382710
249462
80742
35635
64890
70510
68131
54363
64992
143230
67883
55046
47881
54854
60045
96708
56065
68298
43970
36040
82444
51346
77214
62484
51537
44724
56902
54787
55109
51626
71403
60208
74180
61747
68317
73115
57507
64203
40555
87722
49417
53804
50635
57763
48594
128442
34668
80240
63547
43451
131481
41135
75306
39103
43399
40108
68229
47338
46186
50504
70997
68610
76930
62169
49650
70028
50932
69172
69894
56381
52987
56658
52757
51902
69429
40067
47682
66699
56419
45847
37964
73979
44826
61391
89622
64623
52321
62006
47606
58292
56131
37597
58621
59523
78036
47767
75441
66833
44748
75278
50578
58740
69853
84703
55890
52713
72584
79213
61724
68829
51151
54771
40637
45345
31749
32864
28970
30651
27247
60960
69949
89693
71591
67500
46721
106267
52645
121165
51303
58385
71567
48541
46931
58965
56100
44224
64037
114426
72130
51932
65145
48314
58548
69527
63881
48354
56023
74653
54474
52879
68339
55955
77782
52706
50620
69703
47236
59050
52405
81010
63679
54039
83228
40301
64653
52031
33990
48135
48092
63099
71381
80337
46289
60545
57354
57035
62027
48757
39989
73821
55032
84848
81222
41799
61193
49562
51776
69578
56350
62675
97529
51305
90451
45673
59345
48350
67713
62660
60413
37281
88598
75352
53903
50837
65603
93166
113408
74912
44919
58029
60102
44571
38537
45201
64781
66572
64986
47133
48866
53479
34946
72266
76613
62734
57689
52813
63399
76822
60560
60618
73717
60125
75533
54621
57897
48182
39507
85694
47771
53277
67066
58816
42153
50877
55860
39726
61490
70366
51967
63543
63501
36095
45010
49783
62059
65655
91030
55474
67897
58644
116393
96311
57268
45067
83928
56041
52648
117325
56335
68654
46022
65285
55304
61336
66554
60418
54300
44002
42127
45805
53677
55006
54553
82389
47480
59297
33138
125799
50108
53842
69159
54051
62668
56086
52602
57557
51115
67316
43803
44172
41642
32208
47030
33929
34163
30071
28160
23042
23180
19796977
 Average Time : 61865 Minimum Time : 23042 Maximum Time : 382710 microseconds 
 Client 27 Average Get/Set Latency = 0.061865 seconds 
 Throughput = 16.1642 opertions per second
