52704
68262
82696
54140
61499
58274
60595
81309
86556
57198
58880
57037
59449
62429
107056
43042
70323
55204
270692
56582
59989
63845
58211
73040
113394
59179
45125
65156
82666
61959
70116
58898
81993
70010
59433
59239
86085
41714
64877
66925
48537
58988
45799
68748
50718
55580
56237
64186
65677
53099
46177
77198
82856
60439
50479
43479
72660
45669
63958
49959
59117
62639
50478
31810
34887
40283
58795
45216
64326
68628
48524
56225
44593
122570
87552
68341
58465
55620
44548
52046
57376
62838
46781
53892
67586
61753
67188
64010
46906
55233
62247
54853
43145
61611
61298
58213
40351
76891
57305
46207
52467
75299
89847
48945
60284
65493
61168
37516
49132
55140
118539
40160
44139
50983
65637
47663
53500
88417
52559
58830
71772
53489
59212
77793
70555
51785
62819
53414
57774
61617
48037
33474
36631
39917
31339
31679
29089
45541
79490
74954
68246
51643
81688
49113
59589
54220
59323
111556
61347
75593
62739
49257
50604
54934
39462
48348
55566
49728
67410
64871
69082
54196
56799
61462
39882
71256
59891
57395
54728
69756
56437
60273
53201
55379
52331
47796
67278
54395
45421
60847
85426
48289
63062
43324
74849
38896
37858
60303
71134
67883
65824
46513
76910
47553
61563
61993
57546
69900
62836
47643
89796
111292
69684
50620
63837
58683
57319
47675
56516
76842
57382
43518
67847
52703
66569
58110
64233
35648
44049
53225
47144
47184
55989
59208
53177
46007
52904
114460
130891
29669
78608
60756
72271
48147
55217
47447
51913
61371
85405
63591
61761
66447
71286
56280
46699
77692
53772
75091
58553
80760
54067
67289
54960
46197
56331
66557
58937
49109
46910
55550
48640
43416
47544
77132
47459
51715
43147
45338
48707
49717
59132
58204
46673
65603
47883
50887
65568
57447
74668
57538
64835
55734
57390
76132
96716
62805
58239
52068
53295
57113
53360
72366
54625
76131
54613
52517
53357
48325
80980
53934
131937
55866
44153
59787
57206
78299
41795
128295
38458
36805
50508
38585
55423
62704
63758
57740
64696
55467
46017
44455
19369079
 Average Time : 60528 Minimum Time : 29089 Maximum Time : 270692 microseconds 
 Client 7 Average Get/Set Latency = 0.060528 seconds 
 Throughput = 16.5213 opertions per second
