50224
92011
84533
52662
57005
63692
42458
61857
65851
47542
57828
48777
61603
67554
46675
112332
46563
53133
29782
268644
80746
67155
67513
79947
56739
46461
37288
54954
42065
51899
45806
50118
59053
51233
53475
92869
38948
99455
44804
69463
55515
69834
67149
49539
41373
66509
69774
65092
51663
77095
57922
61823
62155
48790
52966
50967
52127
85053
65341
53209
53169
50445
54845
70181
84357
53260
119768
47466
72343
56140
45155
56641
42480
54516
49941
46906
47763
72808
46477
56811
43423
70918
55730
57786
58193
53459
59781
47873
82130
51264
63416
55723
54110
58976
60107
67449
48254
36034
54035
65999
46522
39080
92485
36825
66696
80527
40206
70501
75373
58451
68268
48111
56801
63131
66922
64690
104358
57687
58477
74569
41180
42936
60331
70814
71200
57540
63069
62972
59256
59971
90756
49338
43158
42140
180448
74439
60546
73064
64970
53409
41546
56791
72160
65092
133946
60581
105003
47858
64897
54737
68615
51030
54307
52940
43164
64117
69286
64171
40292
65280
38949
50424
62529
49680
62947
52850
63034
49603
60352
58748
54616
53406
69985
47012
59693
64819
38288
58133
71924
49249
57582
52274
53239
64540
59954
50440
66883
48498
71388
75607
60403
48342
43702
78786
57937
52171
57482
49574
66123
101826
70525
50844
45406
76456
62983
48716
56444
50045
54696
67388
73241
61970
51470
58314
58754
45633
43025
46625
60047
62149
55373
57281
92527
62599
97595
57047
35443
77285
57618
57659
63523
81370
55591
48376
69850
39130
58372
61298
72901
57432
54304
49248
76442
57333
60106
58615
56852
60312
61853
64942
49292
58289
51730
68657
60592
51852
45950
60612
47788
51615
51705
55900
60437
45266
58420
55394
54318
65995
52744
57711
48716
54648
50702
56436
67481
58521
79390
67671
59544
64150
55949
68989
93986
56257
62644
52619
44312
55820
50008
58619
52171
51833
45290
55116
60388
50097
56847
60177
48445
46767
40457
41750
44576
45655
59206
49505
50089
36180
46811
72935
102181
106111
54512
61283
47488
75395
63945
54359
54210
49210
19327493
 Average Time : 60398 Minimum Time : 29782 Maximum Time : 268644 microseconds 
 Client 26 Average Get/Set Latency = 0.060398 seconds 
 Throughput = 16.5568 opertions per second
